0 -5.28603 1 (0.0526693, 0) (0.0759982, 0) (0.0863406, 0) (0.0600436, 0) (0.0660581, 0) (0.165463, 0) (0.168356, 0) (0.082889, 0) (0.137637, 0) (0.203458, 0) (0.221137, 0) (0.158343, 0) (0.102217, 0) (0.269544, 0) (0.270594, 0) (0.14167, 0) (0.170306, 0) (0.253326, 0) (0.271591, 0) (0.196247, 0) (0.102216, 0) (0.269545, 0) (0.270594, 0) (0.141671, 0) (0.137637, 0) (0.203457, 0) (0.221138, 0) (0.158343, 0) (0.0660572, 0) (0.165465, 0) (0.168356, 0) (0.0828906, 0) (0.0526696, 0) (0.0759976, 0) (0.086342, 0) (0.060044, 0) 
1 -5.28603 1 (0.0600437, 0) (0.0863406, 0) (0.0759982, 0) (0.0526694, 0) (0.082889, 0) (0.168356, 0) (0.165464, 0) (0.0660581, 0) (0.158343, 0) (0.221137, 0) (0.203458, 0) (0.137637, 0) (0.14167, 0) (0.270594, 0) (0.269545, 0) (0.102217, 0) (0.196247, 0) (0.271591, 0) (0.253326, 0) (0.170306, 0) (0.141671, 0) (0.270594, 0) (0.269545, 0) (0.102216, 0) (0.158343, 0) (0.221138, 0) (0.203457, 0) (0.137637, 0) (0.0828908, 0) (0.168356, 0) (0.165465, 0) (0.0660573, 0) (0.0600439, 0) (0.086342, 0) (0.0759976, 0) (0.0526695, 0) 
0 -4.53346 1 (-0.102031, 0) (-0.143729, 0) (-0.16453, 0) (-0.114989, 0) (-0.103024, 0) (-0.270445, 0) (-0.274389, 0) (-0.12751, 0) (-0.166054, 0) (-0.238434, 0) (-0.25935, 0) (-0.185417, 0) (-0.0607388, 0) (-0.168132, 0) (-0.168413, 0) (-0.0833636, 0) (-1.47201e-06, 0) (-1.42722e-06, 0) (-2.33511e-07, 0) (5.05208e-07, 0) (0.0607367, 0) (0.16813, 0) (0.168412, 0) (0.0833652, 0) (0.166052, 0) (0.238432, 0) (0.259351, 0) (0.185418, 0) (0.103021, 0) (0.270446, 0) (0.274388, 0) (0.127512, 0) (0.102031, 0) (0.143727, 0) (0.164533, 0) (0.11499, 0) 
1 -4.53346 1 (-0.114989, 0) (-0.16453, 0) (-0.14373, 0) (-0.102032, 0) (-0.127509, 0) (-0.274389, 0) (-0.270445, 0) (-0.103024, 0) (-0.185417, 0) (-0.25935, 0) (-0.238434, 0) (-0.166054, 0) (-0.0833632, 0) (-0.168412, 0) (-0.168132, 0) (-0.0607387, 0) (1.12333e-06, 0) (3.78254e-07, 0) (-1.19108e-06, 0) (-1.34899e-06, 0) (0.0833657, 0) (0.168412, 0) (0.16813, 0) (0.0607367, 0) (0.185419, 0) (0.259352, 0) (0.238432, 0) (0.166052, 0) (0.127513, 0) (0.274388, 0) (0.270445, 0) (0.103022, 0) (0.11499, 0) (0.164533, 0) (0.143727, 0) (0.102031, 0) 
0 -4.17743 1 (0.0869789, 0) (0.0729333, 0) (-0.0632593, 0) (-0.0852302, 0) (0.125948, 0) (0.0924112, 0) (-0.0561383, 0) (-0.141963, 0) (0.22415, 0) (0.195365, 0) (-0.163804, 0) (-0.230508, 0) (0.192043, 0) (0.15309, 0) (-0.0885341, 0) (-0.248412, 0) (0.275558, 0) (0.243432, 0) (-0.202338, 0) (-0.289253, 0) (0.192043, 0) (0.153093, 0) (-0.0885322, 0) (-0.248414, 0) (0.224153, 0) (0.195367, 0) (-0.163803, 0) (-0.230507, 0) (0.125947, 0) (0.0924153, 0) (-0.0561351, 0) (-0.141964, 0) (0.0869805, 0) (0.0729342, 0) (-0.0632587, 0) (-0.0852296, 0) 
1 -4.17743 1 (-0.0852303, 0) (-0.0632594, 0) (0.072933, 0) (0.0869788, 0) (-0.141962, 0) (-0.0561386, 0) (0.0924109, 0) (0.125948, 0) (-0.230508, 0) (-0.163804, 0) (0.195364, 0) (0.22415, 0) (-0.248412, 0) (-0.0885342, 0) (0.15309, 0) (0.192043, 0) (-0.289253, 0) (-0.202338, 0) (0.243432, 0) (0.275558, 0) (-0.248414, 0) (-0.088532, 0) (0.153093, 0) (0.192043, 0) (-0.230507, 0) (-0.163802, 0) (0.195367, 0) (0.224153, 0) (-0.141965, 0) (-0.0561349, 0) (0.0924156, 0) (0.125948, 0) (-0.0852295, 0) (-0.0632587, 0) (0.0729345, 0) (0.0869806, 0) 
1 -3.45545 1 (-0.164663, 0) (-0.1308, 0) (0.14047, 0) (0.168833, 0) (-0.221653, 0) (-0.0926663, 0) (0.139112, 0) (0.200427, 0) (-0.269044, 0) (-0.2058, 0) (0.234374, 0) (0.272687, 0) (-0.147429, 0) (-0.0546271, 0) (0.088957, 0) (0.116799, 0) (-4.27845e-06, 0) (-6.7794e-06, 0) (-4.51528e-06, 0) (-1.73972e-06, 0) (0.147427, 0) (0.0546176, 0) (-0.0889649, 0) (-0.116798, 0) (0.269045, 0) (0.205801, 0) (-0.23437, 0) (-0.272683, 0) (0.221662, 0) (0.092674, 0) (-0.139104, 0) (-0.200419, 0) (0.164669, 0) (0.13081, 0) (-0.140461, 0) (-0.168827, 0) 
0 -3.45545 1 (0.168832, 0) (0.140469, 0) (-0.130802, 0) (-0.164664, 0) (0.200426, 0) (0.139111, 0) (-0.0926676, 0) (-0.221654, 0) (0.272687, 0) (0.234373, 0) (-0.2058, 0) (-0.269044, 0) (0.116799, 0) (0.0889578, 0) (-0.0546261, 0) (-0.147428, 0) (-1.15401e-06, 0) (-3.45617e-06, 0) (-5.106e-06, 0) (-2.9361e-06, 0) (-0.116798, 0) (-0.088964, 0) (0.0546187, 0) (0.147427, 0) (-0.272684, 0) (-0.234371, 0) (0.205801, 0) (0.269045, 0) (-0.200419, 0) (-0.139106, 0) (0.0926728, 0) (0.221661, 0) (-0.168828, 0) (-0.140462, 0) (0.130809, 0) (0.164669, 0) 
0 -3.3757 1 (-0.142974, 0) (-0.19286, 0) (-0.228236, 0) (-0.162227, 0) (-0.0916018, 0) (-0.274126, 0) (-0.280049, 0) (-0.114213, 0) (-0.0561095, 0) (-0.0750366, 0) (-0.0862, 0) (-0.057878, 0) (0.0547956, 0) (0.172131, 0) (0.166089, 0) (0.0784506, 0) (0.18242, 0) (0.251663, 0) (0.264434, 0) (0.198728, 0) (0.0547918, 0) (0.17213, 0) (0.166092, 0) (0.0784565, 0) (-0.0561171, 0) (-0.0750428, 0) (-0.0861922, 0) (-0.0578686, 0) (-0.0916057, 0) (-0.274132, 0) (-0.280044, 0) (-0.114207, 0) (-0.14298, 0) (-0.192861, 0) (-0.228235, 0) (-0.162222, 0) 
1 -3.3757 1 (0.162228, 0) (0.228236, 0) (0.192859, 0) (0.142973, 0) (0.114213, 0) (0.28005, 0) (0.274126, 0) (0.0916004, 0) (0.0578791, 0) (0.0862007, 0) (0.075035, 0) (0.0561078, 0) (-0.0784499, 0) (-0.166089, 0) (-0.172132, 0) (-0.0547963, 0) (-0.198728, 0) (-0.264435, 0) (-0.251663, 0) (-0.18242, 0) (-0.0784572, 0) (-0.166091, 0) (-0.172129, 0) (-0.054791, 0) (0.0578676, 0) (0.0861915, 0) (0.0750444, 0) (0.056119, 0) (0.114207, 0) (0.280044, 0) (0.274132, 0) (0.0916073, 0) (0.162221, 0) (0.228235, 0) (0.192862, 0) (0.14298, 0) 
0 -2.58266 1 (-0.140081, 0) (-0.034647, 0) (0.0801063, 0) (-0.0176457, 0) (-0.202915, 0) (0.0753264, 0) (0.149347, 0) (-0.112172, 0) (-0.241326, 0) (0.0137433, 0) (0.114575, 0) (-0.16558, 0) (-0.220979, 0) (0.19092, 0) (0.210983, 0) (-0.302683, 0) (-0.203152, 0) (0.0993211, 0) (0.0776047, 0) (-0.288952, 0) (-0.220979, 0) (0.190919, 0) (0.210983, 0) (-0.302686, 0) (-0.24133, 0) (0.0137399, 0) (0.114578, 0) (-0.165578, 0) (-0.202914, 0) (0.0753258, 0) (0.149349, 0) (-0.112172, 0) (-0.140085, 0) (-0.0346484, 0) (0.0801104, 0) (-0.0176432, 0) 
1 -2.58266 1 (0.0176457, 0) (-0.0801061, 0) (0.0346469, 0) (0.140081, 0) (0.112172, 0) (-0.149347, 0) (-0.0753265, 0) (0.202914, 0) (0.16558, 0) (-0.114575, 0) (-0.0137432, 0) (0.241326, 0) (0.302683, 0) (-0.210983, 0) (-0.19092, 0) (0.220979, 0) (0.288952, 0) (-0.0776047, 0) (-0.099321, 0) (0.203152, 0) (0.302686, 0) (-0.210983, 0) (-0.190919, 0) (0.220979, 0) (0.165578, 0) (-0.114578, 0) (-0.01374, 0) (0.24133, 0) (0.112172, 0) (-0.149349, 0) (-0.0753258, 0) (0.202914, 0) (0.017643, 0) (-0.0801109, 0) (0.0346483, 0) (0.140085, 0) 
0 -2.3751 1 (0.20965, 0) (0.201099, 0) (-0.184873, 0) (-0.243925, 0) (0.138328, 0) (0.150743, 0) (-0.0458098, 0) (-0.239637, 0) (0.0397236, 0) (0.0901634, 0) (-0.0451692, 0) (-0.129084, 0) (-0.164032, 0) (-0.0339025, 0) (0.10159, 0) (0.0606332, 0) (-0.357049, 0) (-0.246689, 0) (0.255727, 0) (0.215475, 0) (-0.164031, 0) (-0.0339007, 0) (0.101593, 0) (0.0606352, 0) (0.0397219, 0) (0.0901637, 0) (-0.0451651, 0) (-0.129083, 0) (0.138324, 0) (0.150745, 0) (-0.0458074, 0) (-0.239641, 0) (0.209651, 0) (0.201095, 0) (-0.184876, 0) (-0.243926, 0) 
1 -2.3751 1 (-0.243925, 0) (-0.184872, 0) (0.201099, 0) (0.209651, 0) (-0.239636, 0) (-0.0458097, 0) (0.150743, 0) (0.138328, 0) (-0.129085, 0) (-0.0451695, 0) (0.0901631, 0) (0.0397237, 0) (0.0606329, 0) (0.101589, 0) (-0.033903, 0) (-0.164032, 0) (0.215475, 0) (0.255727, 0) (-0.24669, 0) (-0.357049, 0) (0.0606355, 0) (0.101593, 0) (-0.0339003, 0) (-0.164032, 0) (-0.129082, 0) (-0.0451647, 0) (0.090164, 0) (0.0397219, 0) (-0.239642, 0) (-0.0458073, 0) (0.150745, 0) (0.138324, 0) (-0.243925, 0) (-0.184876, 0) (0.201095, 0) (0.209649, 0) 
0 -1.95956 1 (-0.152219, 0) (-0.209114, 0) (-0.277308, 0) (-0.189182, 0) (-0.0139038, 0) (-0.190354, 0) (-0.20274, 0) (-0.0228146, 0) (0.129293, 0) (0.131199, 0) (0.147911, 0) (0.157181, 0) (0.0726108, 0) (0.268688, 0) (0.262838, 0) (0.123679, 0) (-4.54483e-07, 0) (-1.36567e-06, 0) (2.56106e-06, 0) (2.34924e-06, 0) (-0.0726101, 0) (-0.26869, 0) (-0.262837, 0) (-0.123678, 0) (-0.129293, 0) (-0.131198, 0) (-0.147914, 0) (-0.157182, 0) (0.0139058, 0) (0.190354, 0) (0.202737, 0) (0.0228122, 0) (0.152222, 0) (0.20911, 0) (0.277311, 0) (0.189179, 0) 
1 -1.95956 1 (0.189183, 0) (0.277308, 0) (0.209113, 0) (0.152219, 0) (0.0228149, 0) (0.20274, 0) (0.190354, 0) (0.0139036, 0) (-0.157181, 0) (-0.147911, 0) (-0.131199, 0) (-0.129293, 0) (-0.123679, 0) (-0.262839, 0) (-0.268688, 0) (-0.0726105, 0) (-2.33476e-06, 0) (-2.75745e-06, 0) (1.98686e-06, 0) (1.22217e-06, 0) (0.123678, 0) (0.262837, 0) (0.26869, 0) (0.0726103, 0) (0.157182, 0) (0.147914, 0) (0.131197, 0) (0.129292, 0) (-0.0228122, 0) (-0.202737, 0) (-0.190354, 0) (-0.0139063, 0) (-0.189179, 0) (-0.277312, 0) (-0.209111, 0) (-0.152222, 0) 
0 -1.88403 1 (-0.196386, 0) (-0.0155942, 0) (0.0387422, 0) (-0.148231, 0) (-0.26664, 0) (0.171276, 0) (0.201902, 0) (-0.269753, 0) (-0.235807, 0) (0.0614271, 0) (0.102763, 0) (-0.222593, 0) (-0.134544, 0) (0.160024, 0) (0.168774, 0) (-0.179089, 0) (-1.84225e-06, 0) (3.99581e-07, 0) (-1.39642e-07, 0) (-5.98784e-07, 0) (0.134541, 0) (-0.160021, 0) (-0.168773, 0) (0.179088, 0) (0.235808, 0) (-0.0614234, 0) (-0.102766, 0) (0.222591, 0) (0.266635, 0) (-0.171275, 0) (-0.201903, 0) (0.269755, 0) (0.196392, 0) (0.0155978, 0) (-0.038746, 0) (0.148228, 0) 
1 -1.88403 1 (0.148232, 0) (-0.0387418, 0) (0.0155941, 0) (0.196387, 0) (0.269753, 0) (-0.201902, 0) (-0.171276, 0) (0.266639, 0) (0.222594, 0) (-0.102763, 0) (-0.0614271, 0) (0.235808, 0) (0.179089, 0) (-0.168774, 0) (-0.160024, 0) (0.134545, 0) (5.16303e-07, 0) (-4.24203e-09, 0) (-4.50561e-07, 0) (2.21495e-06, 0) (-0.179088, 0) (0.168773, 0) (0.160021, 0) (-0.134541, 0) (-0.22259, 0) (0.102766, 0) (0.0614232, 0) (-0.235808, 0) (-0.269756, 0) (0.201903, 0) (0.171274, 0) (-0.266636, 0) (-0.148227, 0) (0.038747, 0) (-0.0155975, 0) (-0.196391, 0) 
0 -1.20055 1 (0.286904, 0) (0.276106, 0) (-0.253267, 0) (-0.283121, 0) (0.0635872, 0) (0.0877986, 0) (-0.00362618, 0) (-0.116293, 0) (-0.199932, 0) (-0.167712, 0) (0.160769, 0) (0.152694, 0) (-0.133331, 0) (-0.106131, 0) (0.0419047, 0) (0.154273, 0) (5.36722e-07, 0) (-3.51311e-07, 0) (1.42115e-06, 0) (3.06177e-06, 0) (0.133332, 0) (0.10613, 0) (-0.0419061, 0) (-0.15427, 0) (0.199936, 0) (0.167712, 0) (-0.160773, 0) (-0.152695, 0) (-0.0635888, 0) (-0.0877978, 0) (0.00362602, 0) (0.116291, 0) (-0.286912, 0) (-0.276102, 0) (0.25327, 0) (0.283116, 0) 
1 -1.20055 1 (0.283122, 0) (0.253267, 0) (-0.276106, 0) (-0.286905, 0) (0.116293, 0) (0.00362617, 0) (-0.087798, 0) (-0.0635875, 0) (-0.152695, 0) (-0.160769, 0) (0.167713, 0) (0.199933, 0) (-0.154273, 0) (-0.0419049, 0) (0.106131, 0) (0.133331, 0) (-2.23752e-06, 0) (-1.15617e-06, 0) (-4.19955e-07, 0) (-1.42023e-06, 0) (0.154271, 0) (0.0419057, 0) (-0.10613, 0) (-0.133333, 0) (0.152694, 0) (0.160772, 0) (-0.167711, 0) (-0.199935, 0) (-0.116291, 0) (-0.003626, 0) (0.0877985, 0) (0.0635885, 0) (-0.283114, 0) (-0.25327, 0) (0.276102, 0) (0.28691, 0) 
1 -0.994022 1 (0.0433497, 0) (0.0614439, 0) (-0.0750971, 0) (0.133825, 0) (-0.00817542, 0) (0.0215171, 0) (-0.229995, 0) (0.223308, 0) (-0.0518935, 0) (0.194792, 0) (-0.203272, 0) (0.154524, 0) (-0.250192, 0) (0.246864, 0) (-0.173525, 0) (0.15167, 0) (-0.176605, 0) (0.281734, 0) (-0.236015, 0) (0.0613053, 0) (-0.250196, 0) (0.246865, 0) (-0.173524, 0) (0.151672, 0) (-0.0518921, 0) (0.194794, 0) (-0.203271, 0) (0.154529, 0) (-0.00817332, 0) (0.0215143, 0) (-0.230001, 0) (0.223308, 0) (0.0433509, 0) (0.0614452, 0) (-0.075097, 0) (0.133829, 0) 
0 -0.994022 1 (-0.133826, 0) (0.0750973, 0) (-0.0614436, 0) (-0.0433496, 0) (-0.22331, 0) (0.229996, 0) (-0.0215166, 0) (0.008175, 0) (-0.154524, 0) (0.203273, 0) (-0.194792, 0) (0.0518929, 0) (-0.15167, 0) (0.173525, 0) (-0.246864, 0) (0.250192, 0) (-0.0613042, 0) (0.236014, 0) (-0.281734, 0) (0.176606, 0) (-0.15167, 0) (0.173522, 0) (-0.246865, 0) (0.250196, 0) (-0.154528, 0) (0.20327, 0) (-0.194793, 0) (0.0518921, 0) (-0.223307, 0) (0.230001, 0) (-0.0215129, 0) (0.00817161, 0) (-0.133829, 0) (0.0750961, 0) (-0.0614452, 0) (-0.0433526, 0) 
0 -0.877378 1 (-0.180764, 0) (-0.0271697, 0) (0.076911, 0) (-0.190236, 0) (-0.165218, 0) (0.147144, 0) (0.268109, 0) (-0.302457, 0) (-0.025437, 0) (-0.0829687, 0) (0.0913311, 0) (-0.112781, 0) (0.22102, 0) (-0.219754, 0) (-0.0577705, 0) (0.0778285, 0) (0.330404, 0) (-0.0934543, 0) (0.0600109, 0) (0.180498, 0) (0.221017, 0) (-0.219759, 0) (-0.0577717, 0) (0.0778366, 0) (-0.0254369, 0) (-0.0829707, 0) (0.091334, 0) (-0.112775, 0) (-0.165212, 0) (0.147145, 0) (0.268106, 0) (-0.302463, 0) (-0.180765, 0) (-0.0271689, 0) (0.0769107, 0) (-0.190237, 0) 
1 -0.877378 1 (-0.190237, 0) (0.0769099, 0) (-0.0271691, 0) (-0.180765, 0) (-0.302456, 0) (0.268109, 0) (0.147146, 0) (-0.165219, 0) (-0.11278, 0) (0.0913293, 0) (-0.0829675, 0) (-0.0254379, 0) (0.0778299, 0) (-0.0577726, 0) (-0.219754, 0) (0.221019, 0) (0.180499, 0) (0.06001, 0) (-0.0934532, 0) (0.330404, 0) (0.0778372, 0) (-0.0577713, 0) (-0.219757, 0) (0.221017, 0) (-0.112775, 0) (0.0913338, 0) (-0.0829709, 0) (-0.0254375, 0) (-0.302465, 0) (0.268106, 0) (0.147144, 0) (-0.165212, 0) (-0.190235, 0) (0.0769126, 0) (-0.0271685, 0) (-0.180764, 0) 
0 -0.566877 1 (0.00628056, 0) (-0.000193631, 0) (0.326904, 0) (0.302001, 0) (0.00615578, 0) (-0.0064979, 0) (-0.00860443, 0) (-0.00357796, 0) (0.000694277, 0) (0.00256934, 0) (-0.329539, 0) (-0.305175, 0) (-0.00806349, 0) (0.00854442, 0) (-0.000329389, 0) (0.00751918, 0) (-0.0108931, 0) (0.00588329, 0) (0.320642, 0) (0.310852, 0) (-0.00805953, 0) (0.00854087, 0) (-0.000330716, 0) (0.00752499, 0) (0.00069912, 0) (0.00256722, 0) (-0.329537, 0) (-0.30517, 0) (0.00615854, 0) (-0.0065014, 0) (-0.0086011, 0) (-0.00358583, 0) (0.00627916, 0) (-0.000197996, 0) (0.326909, 0) (0.30199, 0) 
1 -0.566877 1 (0.302003, 0) (0.326903, 0) (-0.000192396, 0) (0.00628248, 0) (-0.00357675, 0) (-0.00860578, 0) (-0.00649843, 0) (0.00615633, 0) (-0.305175, 0) (-0.329538, 0) (0.00256896, 0) (0.000693015, 0) (0.00751788, 0) (-0.000327753, 0) (0.0085458, 0) (-0.00806486, 0) (0.310852, 0) (0.320642, 0) (0.00588336, 0) (-0.0108936, 0) (0.00752603, 0) (-0.00033212, 0) (0.00854002, 0) (-0.00805868, 0) (-0.305169, 0) (-0.329537, 0) (0.00256777, 0) (0.000700697, 0) (-0.00358635, 0) (-0.00860035, 0) (-0.00650156, 0) (0.00615866, 0) (0.301989, 0) (0.326911, 0) (-0.000199481, 0) (0.00627766, 0) 
0 -0.525828 1 (-0.333507, 0) (-0.305196, 0) (0.000391742, 0) (0.00163208, 0) (-0.00633242, 0) (-0.00440621, 0) (-0.00128644, 0) (0.00133077, 0) (0.326428, 0) (0.302326, 0) (0.00266868, 0) (-0.00047212, 0) (0.0101265, 0) (-0.0041181, 0) (0.00426171, 0) (-0.00449598, 0) (-0.313774, 0) (-0.31044, 0) (0.00594125, 0) (-0.0028544, 0) (0.0101307, 0) (-0.00412629, 0) (0.00424998, 0) (-0.00448431, 0) (0.326434, 0) (0.30233, 0) (0.00266454, 0) (-0.000463413, 0) (-0.00634279, 0) (-0.00439372, 0) (-0.00128734, 0) (0.00133238, 0) (-0.333524, 0) (-0.305187, 0) (0.000382419, 0) (0.00162473, 0) 
1 -0.525827 1 (0.00162982, 0) (0.000390084, 0) (-0.305195, 0) (-0.333509, 0) (0.00133004, 0) (-0.00128565, 0) (-0.00440372, 0) (-0.00633388, 0) (-0.000470497, 0) (0.00266867, 0) (0.302326, 0) (0.326429, 0) (-0.00449354, 0) (0.0042593, 0) (-0.00412042, 0) (0.0101273, 0) (-0.00285422, 0) (0.00594103, 0) (-0.31044, 0) (-0.313774, 0) (-0.00448634, 0) (0.004252, 0) (-0.00412415, 0) (0.0101302, 0) (-0.000465078, 0) (0.00266476, 0) (0.30233, 0) (0.326433, 0) (0.00133244, 0) (-0.0012875, 0) (-0.00439586, 0) (-0.00634184, 0) (0.00162644, 0) (0.000384173, 0) (-0.305189, 0) (-0.333522, 0) 
1 -0.266611 1 (0.0270409, 0) (-0.161273, 0) (0.133153, 0) (-0.13826, 0) (0.187216, 0) (-0.153849, 0) (0.272904, 0) (-0.249027, 0) (0.118172, 0) (-0.257807, 0) (0.251945, 0) (-0.116208, 0) (0.183529, 0) (-0.181388, 0) (0.0840435, 0) (-0.10074, 0) (-7.65307e-07, 0) (-4.936e-06, 0) (-2.4536e-06, 0) (-5.90212e-06, 0) (-0.183525, 0) (0.181385, 0) (-0.0840399, 0) (0.100737, 0) (-0.118164, 0) (0.257811, 0) (-0.251933, 0) (0.116219, 0) (-0.18722, 0) (0.153844, 0) (-0.27291, 0) (0.249025, 0) (-0.0270422, 0) (0.161274, 0) (-0.133158, 0) (0.138256, 0) 
0 -0.26661 1 (0.138263, 0) (-0.133152, 0) (0.161273, 0) (-0.0270398, 0) (0.249028, 0) (-0.272905, 0) (0.153848, 0) (-0.187215, 0) (0.116206, 0) (-0.251946, 0) (0.257806, 0) (-0.118172, 0) (0.100737, 0) (-0.0840409, 0) (0.181388, 0) (-0.183529, 0) (5.40807e-06, 0) (5.82116e-06, 0) (2.98436e-06, 0) (1.08139e-06, 0) (-0.100739, 0) (0.084041, 0) (-0.181386, 0) (0.183527, 0) (-0.11622, 0) (0.251932, 0) (-0.257812, 0) (0.118165, 0) (-0.249023, 0) (0.27291, 0) (-0.153844, 0) (0.187219, 0) (-0.138255, 0) (0.133158, 0) (-0.161274, 0) (0.0270421, 0) 
0 -0.0523703 1 (0.246598, 0) (0.135648, 0) (0.0219931, 0) (0.225413, 0) (0.0514568, 0) (-0.120195, 0) (-0.209866, 0) (0.176383, 0) (-0.1981, 0) (-0.0180938, 0) (-0.0845445, 0) (-0.1026, 0) (-0.1844, 0) (0.302441, 0) (0.24799, 0) (-0.181753, 0) (5.9583e-06, 0) (4.59463e-06, 0) (-2.05534e-06, 0) (-5.88279e-06, 0) (0.1844, 0) (-0.302443, 0) (-0.247986, 0) (0.18175, 0) (0.198091, 0) (0.0180815, 0) (0.0845526, 0) (0.102607, 0) (-0.051455, 0) (0.120195, 0) (0.209859, 0) (-0.17638, 0) (-0.24659, 0) (-0.135633, 0) (-0.0220012, 0) (-0.225412, 0) 
1 -0.0523689 1 (0.225412, 0) (0.0219922, 0) (0.135645, 0) (0.246596, 0) (0.176381, 0) (-0.209864, 0) (-0.120195, 0) (0.051457, 0) (-0.102598, 0) (-0.0845413, 0) (-0.0180921, 0) (-0.198097, 0) (-0.181753, 0) (0.24799, 0) (0.302441, 0) (-0.1844, 0) (-7.14267e-06, 0) (-5.44699e-06, 0) (2.67452e-06, 0) (3.9965e-06, 0) (0.181752, 0) (-0.247987, 0) (-0.302443, 0) (0.1844, 0) (0.102608, 0) (0.0845543, 0) (0.0180847, 0) (0.198093, 0) (-0.176382, 0) (0.20986, 0) (0.120196, 0) (-0.0514564, 0) (-0.225413, 0) (-0.0220026, 0) (-0.135636, 0) (-0.246592, 0) 
1 0.806987 1 (0.0771787, 0) (-0.226915, 0) (0.195841, 0) (-0.107503, 0) (0.270272, 0) (-0.165373, 0) (0.227665, 0) (-0.243191, 0) (0.0249883, 0) (-0.0921174, 0) (0.071921, 0) (-0.0443025, 0) (-0.164209, 0) (0.0994534, 0) (-0.143238, 0) (0.151594, 0) (-0.0654254, 0) (0.291085, 0) (-0.234667, 0) (0.158904, 0) (-0.164238, 0) (0.0994551, 0) (-0.143245, 0) (0.15159, 0) (0.0249847, 0) (-0.0921083, 0) (0.0719171, 0) (-0.0443029, 0) (0.27029, 0) (-0.165365, 0) (0.227671, 0) (-0.243183, 0) (0.0771754, 0) (-0.226932, 0) (0.195834, 0) (-0.107506, 0) 
0 0.806988 1 (0.107503, 0) (-0.195841, 0) (0.226917, 0) (-0.0771778, 0) (0.243192, 0) (-0.227665, 0) (0.165372, 0) (-0.270273, 0) (0.0443009, 0) (-0.0719199, 0) (0.0921152, 0) (-0.0249881, 0) (-0.151596, 0) (0.14324, 0) (-0.0994535, 0) (0.164213, 0) (-0.158904, 0) (0.234667, 0) (-0.291085, 0) (0.0654257, 0) (-0.151587, 0) (0.143243, 0) (-0.0994551, 0) (0.164234, 0) (0.0443048, 0) (-0.0719181, 0) (0.0921103, 0) (-0.0249855, 0) (0.243182, 0) (-0.227672, 0) (0.165367, 0) (-0.270289, 0) (0.107506, 0) (-0.195834, 0) (0.226931, 0) (-0.0771764, 0) 
1 1.63253 1 (-0.00659197, 0) (-0.291365, 0) (0.07189, 0) (-0.0852416, 0) (0.289677, 0) (-0.0175652, 0) (0.10737, 0) (-0.0833722, 0) (0.0275238, 0) (0.17966, 0) (-0.0388659, 0) (0.0586905, 0) (-0.462393, 0) (0.0149392, 0) (-0.17586, 0) (0.13036, 0) (-1.02317e-05, 0) (3.46834e-06, 0) (-1.01812e-05, 0) (8.74005e-07, 0) (0.462387, 0) (-0.0149284, 0) (0.175857, 0) (-0.13035, 0) (-0.0275126, 0) (-0.179662, 0) (0.0388738, 0) (-0.0586897, 0) (-0.289668, 0) (0.0175463, 0) (-0.107365, 0) (0.083355, 0) (0.00659623, 0) (0.291357, 0) (-0.0718757, 0) (0.0852384, 0) 
0 1.63253 1 (-0.0852411, 0) (0.0718881, 0) (-0.291363, 0) (-0.0065925, 0) (-0.0833707, 0) (0.107369, 0) (-0.017563, 0) (0.289675, 0) (0.058691, 0) (-0.0388662, 0) (0.179661, 0) (0.0275224, 0) (0.130359, 0) (-0.175859, 0) (0.014938, 0) (-0.462392, 0) (-4.71318e-07, 0) (-8.55669e-06, 0) (1.84984e-06, 0) (-7.6987e-06, 0) (-0.130351, 0) (0.175858, 0) (-0.01493, 0) (0.462388, 0) (-0.0586889, 0) (0.0388735, 0) (-0.179661, 0) (-0.0275142, 0) (0.0833563, 0) (-0.107367, 0) (0.0175491, 0) (-0.28967, 0) (0.0852388, 0) (-0.0718779, 0) (0.291358, 0) (0.00659529, 0) 
1 2.68747 0 (0.0852411, 0) (0.0718881, 0) (0.291363, 0) (-0.0065925, 0) (-0.0833707, 0) (-0.107369, 0) (-0.017563, 0) (-0.289675, 0) (-0.058691, 0) (-0.0388662, 0) (-0.179661, 0) (0.0275224, 0) (0.130359, 0) (0.175859, 0) (0.014938, 0) (0.462392, 0) (4.71318e-07, 0) (-8.55669e-06, 0) (-1.84984e-06, 0) (-7.6987e-06, 0) (-0.130351, 0) (-0.175858, 0) (-0.01493, 0) (-0.462388, 0) (0.0586889, 0) (0.0388735, 0) (0.179661, 0) (-0.0275142, 0) (0.0833563, 0) (0.107367, 0) (0.0175491, 0) (0.28967, 0) (-0.0852388, 0) (-0.0718779, 0) (-0.291358, 0) (0.00659529, 0) 
0 2.68747 0 (0.00659197, 0) (-0.291365, 0) (-0.07189, 0) (-0.0852416, 0) (0.289677, 0) (0.0175652, 0) (0.10737, 0) (0.0833722, 0) (-0.0275238, 0) (0.17966, 0) (0.0388659, 0) (0.0586905, 0) (-0.462393, 0) (-0.0149392, 0) (-0.17586, 0) (-0.13036, 0) (1.02317e-05, 0) (3.46834e-06, 0) (1.01812e-05, 0) (8.74005e-07, 0) (0.462387, 0) (0.0149284, 0) (0.175857, 0) (0.13035, 0) (0.0275126, 0) (-0.179662, 0) (-0.0388738, 0) (-0.0586897, 0) (-0.289668, 0) (-0.0175463, 0) (-0.107365, 0) (-0.083355, 0) (-0.00659623, 0) (0.291357, 0) (0.0718757, 0) (0.0852384, 0) 
1 3.51301 0 (0.107503, 0) (0.195841, 0) (0.226917, 0) (0.0771778, 0) (-0.243192, 0) (-0.227665, 0) (-0.165372, 0) (-0.270273, 0) (0.0443009, 0) (0.0719199, 0) (0.0921152, 0) (0.0249881, 0) (0.151596, 0) (0.14324, 0) (0.0994535, 0) (0.164213, 0) (-0.158904, 0) (-0.234667, 0) (-0.291085, 0) (-0.0654257, 0) (0.151587, 0) (0.143243, 0) (0.0994551, 0) (0.164234, 0) (0.0443048, 0) (0.0719181, 0) (0.0921103, 0) (0.0249855, 0) (-0.243182, 0) (-0.227672, 0) (-0.165367, 0) (-0.270289, 0) (0.107506, 0) (0.195834, 0) (0.226931, 0) (0.0771764, 0) 
0 3.51301 0 (0.0771787, 0) (0.226915, 0) (0.195841, 0) (0.107503, 0) (-0.270272, 0) (-0.165373, 0) (-0.227665, 0) (-0.243191, 0) (0.0249883, 0) (0.0921174, 0) (0.071921, 0) (0.0443025, 0) (0.164209, 0) (0.0994534, 0) (0.143238, 0) (0.151594, 0) (-0.0654254, 0) (-0.291085, 0) (-0.234667, 0) (-0.158904, 0) (0.164238, 0) (0.0994551, 0) (0.143245, 0) (0.15159, 0) (0.0249847, 0) (0.0921083, 0) (0.0719171, 0) (0.0443029, 0) (-0.27029, 0) (-0.165365, 0) (-0.227671, 0) (-0.243183, 0) (0.0771754, 0) (0.226932, 0) (0.195834, 0) (0.107506, 0) 
0 4.37237 0 (-0.225412, 0) (0.0219922, 0) (-0.135645, 0) (0.246596, 0) (0.176381, 0) (0.209864, 0) (-0.120195, 0) (-0.051457, 0) (0.102598, 0) (-0.0845413, 0) (0.0180921, 0) (-0.198097, 0) (-0.181753, 0) (-0.24799, 0) (0.302441, 0) (0.1844, 0) (7.14267e-06, 0) (-5.44699e-06, 0) (-2.67452e-06, 0) (3.9965e-06, 0) (0.181752, 0) (0.247987, 0) (-0.302443, 0) (-0.1844, 0) (-0.102608, 0) (0.0845543, 0) (-0.0180847, 0) (0.198093, 0) (-0.176382, 0) (-0.20986, 0) (0.120196, 0) (0.0514564, 0) (0.225413, 0) (-0.0220026, 0) (0.135636, 0) (-0.246592, 0) 
1 4.37237 0 (0.246598, 0) (-0.135648, 0) (0.0219931, 0) (-0.225413, 0) (-0.0514568, 0) (-0.120195, 0) (0.209866, 0) (0.176383, 0) (-0.1981, 0) (0.0180938, 0) (-0.0845445, 0) (0.1026, 0) (0.1844, 0) (0.302441, 0) (-0.24799, 0) (-0.181753, 0) (5.9583e-06, 0) (-4.59463e-06, 0) (-2.05534e-06, 0) (5.88279e-06, 0) (-0.1844, 0) (-0.302443, 0) (0.247986, 0) (0.18175, 0) (0.198091, 0) (-0.0180815, 0) (0.0845526, 0) (-0.102607, 0) (0.051455, 0) (0.120195, 0) (-0.209859, 0) (-0.17638, 0) (-0.24659, 0) (0.135633, 0) (-0.0220012, 0) (0.225412, 0) 
1 4.58661 0 (-0.138263, 0) (-0.133152, 0) (-0.161273, 0) (-0.0270398, 0) (0.249028, 0) (0.272905, 0) (0.153848, 0) (0.187215, 0) (-0.116206, 0) (-0.251946, 0) (-0.257806, 0) (-0.118172, 0) (0.100737, 0) (0.0840409, 0) (0.181388, 0) (0.183529, 0) (-5.40807e-06, 0) (5.82116e-06, 0) (-2.98436e-06, 0) (1.08139e-06, 0) (-0.100739, 0) (-0.084041, 0) (-0.181386, 0) (-0.183527, 0) (0.11622, 0) (0.251932, 0) (0.257812, 0) (0.118165, 0) (-0.249023, 0) (-0.27291, 0) (-0.153844, 0) (-0.187219, 0) (0.138255, 0) (0.133158, 0) (0.161274, 0) (0.0270421, 0) 
0 4.58661 0 (0.0270409, 0) (0.161273, 0) (0.133153, 0) (0.13826, 0) (-0.187216, 0) (-0.153849, 0) (-0.272904, 0) (-0.249027, 0) (0.118172, 0) (0.257807, 0) (0.251945, 0) (0.116208, 0) (-0.183529, 0) (-0.181388, 0) (-0.0840435, 0) (-0.10074, 0) (-7.65307e-07, 0) (4.936e-06, 0) (-2.4536e-06, 0) (5.90212e-06, 0) (0.183525, 0) (0.181385, 0) (0.0840399, 0) (0.100737, 0) (-0.118164, 0) (-0.257811, 0) (-0.251933, 0) (-0.116219, 0) (0.18722, 0) (0.153844, 0) (0.27291, 0) (0.249025, 0) (-0.0270422, 0) (-0.161274, 0) (-0.133158, 0) (-0.138256, 0) 
0 4.84583 0 (-0.00162982, 0) (0.000390084, 0) (0.305195, 0) (-0.333509, 0) (0.00133004, 0) (0.00128565, 0) (-0.00440372, 0) (0.00633388, 0) (0.000470497, 0) (0.00266867, 0) (-0.302326, 0) (0.326429, 0) (-0.00449354, 0) (-0.0042593, 0) (-0.00412042, 0) (-0.0101273, 0) (0.00285422, 0) (0.00594103, 0) (0.31044, 0) (-0.313774, 0) (-0.00448634, 0) (-0.004252, 0) (-0.00412415, 0) (-0.0101302, 0) (0.000465078, 0) (0.00266476, 0) (-0.30233, 0) (0.326433, 0) (0.00133244, 0) (0.0012875, 0) (-0.00439586, 0) (0.00634184, 0) (-0.00162644, 0) (0.000384173, 0) (0.305189, 0) (-0.333522, 0) 
1 4.84583 0 (-0.333507, 0) (0.305196, 0) (0.000391742, 0) (-0.00163208, 0) (0.00633242, 0) (-0.00440621, 0) (0.00128644, 0) (0.00133077, 0) (0.326428, 0) (-0.302326, 0) (0.00266868, 0) (0.00047212, 0) (-0.0101265, 0) (-0.0041181, 0) (-0.00426171, 0) (-0.00449598, 0) (-0.313774, 0) (0.31044, 0) (0.00594125, 0) (0.0028544, 0) (-0.0101307, 0) (-0.00412629, 0) (-0.00424998, 0) (-0.00448431, 0) (0.326434, 0) (-0.30233, 0) (0.00266454, 0) (0.000463413, 0) (0.00634279, 0) (-0.00439372, 0) (0.00128734, 0) (0.00133238, 0) (-0.333524, 0) (0.305187, 0) (0.000382419, 0) (-0.00162473, 0) 
0 4.88688 0 (-0.302003, 0) (0.326903, 0) (0.000192396, 0) (0.00628248, 0) (-0.00357675, 0) (0.00860578, 0) (-0.00649843, 0) (-0.00615633, 0) (0.305175, 0) (-0.329538, 0) (-0.00256896, 0) (0.000693015, 0) (0.00751788, 0) (0.000327753, 0) (0.0085458, 0) (0.00806486, 0) (-0.310852, 0) (0.320642, 0) (-0.00588336, 0) (-0.0108936, 0) (0.00752603, 0) (0.00033212, 0) (0.00854002, 0) (0.00805868, 0) (0.305169, 0) (-0.329537, 0) (-0.00256777, 0) (0.000700697, 0) (-0.00358635, 0) (0.00860035, 0) (-0.00650156, 0) (-0.00615866, 0) (-0.301989, 0) (0.326911, 0) (0.000199481, 0) (0.00627766, 0) 
1 4.88688 0 (-0.00628056, 0) (-0.000193631, 0) (-0.326904, 0) (0.302001, 0) (0.00615578, 0) (0.0064979, 0) (-0.00860443, 0) (0.00357796, 0) (-0.000694277, 0) (0.00256934, 0) (0.329539, 0) (-0.305175, 0) (-0.00806349, 0) (-0.00854442, 0) (-0.000329389, 0) (-0.00751918, 0) (0.0108931, 0) (0.00588329, 0) (-0.320642, 0) (0.310852, 0) (-0.00805953, 0) (-0.00854087, 0) (-0.000330716, 0) (-0.00752499, 0) (-0.00069912, 0) (0.00256722, 0) (0.329537, 0) (-0.30517, 0) (0.00615854, 0) (0.0065014, 0) (-0.0086011, 0) (0.00358583, 0) (-0.00627916, 0) (-0.000197996, 0) (-0.326909, 0) (0.30199, 0) 
0 5.19738 0 (0.190237, 0) (0.0769099, 0) (0.0271691, 0) (-0.180765, 0) (-0.302456, 0) (-0.268109, 0) (0.147146, 0) (0.165219, 0) (0.11278, 0) (0.0913293, 0) (0.0829675, 0) (-0.0254379, 0) (0.0778299, 0) (0.0577726, 0) (-0.219754, 0) (-0.221019, 0) (-0.180499, 0) (0.06001, 0) (0.0934532, 0) (0.330404, 0) (0.0778372, 0) (0.0577713, 0) (-0.219757, 0) (-0.221017, 0) (0.112775, 0) (0.0913338, 0) (0.0829709, 0) (-0.0254375, 0) (-0.302465, 0) (-0.268106, 0) (0.147144, 0) (0.165212, 0) (0.190235, 0) (0.0769126, 0) (0.0271685, 0) (-0.180764, 0) 
1 5.19738 0 (0.180764, 0) (-0.0271697, 0) (-0.076911, 0) (-0.190236, 0) (-0.165218, 0) (-0.147144, 0) (0.268109, 0) (0.302457, 0) (0.025437, 0) (-0.0829687, 0) (-0.0913311, 0) (-0.112781, 0) (0.22102, 0) (0.219754, 0) (-0.0577705, 0) (-0.0778285, 0) (-0.330404, 0) (-0.0934543, 0) (-0.0600109, 0) (0.180498, 0) (0.221017, 0) (0.219759, 0) (-0.0577717, 0) (-0.0778366, 0) (0.0254369, 0) (-0.0829707, 0) (-0.091334, 0) (-0.112775, 0) (-0.165212, 0) (-0.147145, 0) (0.268106, 0) (0.302463, 0) (0.180765, 0) (-0.0271689, 0) (-0.0769107, 0) (-0.190237, 0) 
1 5.31402 0 (-0.133826, 0) (-0.0750973, 0) (-0.0614436, 0) (0.0433496, 0) (0.22331, 0) (0.229996, 0) (0.0215166, 0) (0.008175, 0) (-0.154524, 0) (-0.203273, 0) (-0.194792, 0) (-0.0518929, 0) (0.15167, 0) (0.173525, 0) (0.246864, 0) (0.250192, 0) (-0.0613042, 0) (-0.236014, 0) (-0.281734, 0) (-0.176606, 0) (0.15167, 0) (0.173522, 0) (0.246865, 0) (0.250196, 0) (-0.154528, 0) (-0.20327, 0) (-0.194793, 0) (-0.0518921, 0) (0.223307, 0) (0.230001, 0) (0.0215129, 0) (0.00817161, 0) (-0.133829, 0) (-0.0750961, 0) (-0.0614452, 0) (0.0433526, 0) 
0 5.31402 0 (0.0433497, 0) (-0.0614439, 0) (-0.0750971, 0) (-0.133825, 0) (0.00817542, 0) (0.0215171, 0) (0.229995, 0) (0.223308, 0) (-0.0518935, 0) (-0.194792, 0) (-0.203272, 0) (-0.154524, 0) (0.250192, 0) (0.246864, 0) (0.173525, 0) (0.15167, 0) (-0.176605, 0) (-0.281734, 0) (-0.236015, 0) (-0.0613053, 0) (0.250196, 0) (0.246865, 0) (0.173524, 0) (0.151672, 0) (-0.0518921, 0) (-0.194794, 0) (-0.203271, 0) (-0.154529, 0) (0.00817332, 0) (0.0215143, 0) (0.230001, 0) (0.223308, 0) (0.0433509, 0) (-0.0614452, 0) (-0.075097, 0) (-0.133829, 0) 
0 5.52055 0 (-0.283122, 0) (0.253267, 0) (0.276106, 0) (-0.286905, 0) (0.116293, 0) (-0.00362617, 0) (-0.087798, 0) (0.0635875, 0) (0.152695, 0) (-0.160769, 0) (-0.167713, 0) (0.199933, 0) (-0.154273, 0) (0.0419049, 0) (0.106131, 0) (-0.133331, 0) (2.23752e-06, 0) (-1.15617e-06, 0) (4.19955e-07, 0) (-1.42023e-06, 0) (0.154271, 0) (-0.0419057, 0) (-0.10613, 0) (0.133333, 0) (-0.152694, 0) (0.160772, 0) (0.167711, 0) (-0.199935, 0) (-0.116291, 0) (0.003626, 0) (0.0877985, 0) (-0.0635885, 0) (0.283114, 0) (-0.25327, 0) (-0.276102, 0) (0.28691, 0) 
1 5.52055 0 (0.286904, 0) (-0.276106, 0) (-0.253267, 0) (0.283121, 0) (-0.0635872, 0) (0.0877986, 0) (0.00362618, 0) (-0.116293, 0) (-0.199932, 0) (0.167712, 0) (0.160769, 0) (-0.152694, 0) (0.133331, 0) (-0.106131, 0) (-0.0419047, 0) (0.154273, 0) (5.36722e-07, 0) (3.51311e-07, 0) (1.42115e-06, 0) (-3.06177e-06, 0) (-0.133332, 0) (0.10613, 0) (0.0419061, 0) (-0.15427, 0) (0.199936, 0) (-0.167712, 0) (-0.160773, 0) (0.152695, 0) (0.0635888, 0) (-0.0877978, 0) (-0.00362602, 0) (0.116291, 0) (-0.286912, 0) (0.276102, 0) (0.25327, 0) (-0.283116, 0) 
0 6.20403 0 (0.148232, 0) (0.0387418, 0) (0.0155941, 0) (-0.196387, 0) (-0.269753, 0) (-0.201902, 0) (0.171276, 0) (0.266639, 0) (0.222594, 0) (0.102763, 0) (-0.0614271, 0) (-0.235808, 0) (-0.179089, 0) (-0.168774, 0) (0.160024, 0) (0.134545, 0) (5.16303e-07, 0) (4.24203e-09, 0) (-4.50561e-07, 0) (-2.21495e-06, 0) (0.179088, 0) (0.168773, 0) (-0.160021, 0) (-0.134541, 0) (-0.22259, 0) (-0.102766, 0) (0.0614232, 0) (0.235808, 0) (0.269756, 0) (0.201903, 0) (-0.171274, 0) (-0.266636, 0) (-0.148227, 0) (-0.038747, 0) (-0.0155975, 0) (0.196391, 0) 
1 6.20403 0 (-0.196386, 0) (0.0155942, 0) (0.0387422, 0) (0.148231, 0) (0.26664, 0) (0.171276, 0) (-0.201902, 0) (-0.269753, 0) (-0.235807, 0) (-0.0614271, 0) (0.102763, 0) (0.222593, 0) (0.134544, 0) (0.160024, 0) (-0.168774, 0) (-0.179089, 0) (-1.84225e-06, 0) (-3.99581e-07, 0) (-1.39642e-07, 0) (5.98784e-07, 0) (-0.134541, 0) (-0.160021, 0) (0.168773, 0) (0.179088, 0) (0.235808, 0) (0.0614234, 0) (-0.102766, 0) (-0.222591, 0) (-0.266635, 0) (-0.171275, 0) (0.201903, 0) (0.269755, 0) (0.196392, 0) (-0.0155978, 0) (-0.038746, 0) (-0.148228, 0) 
0 6.27956 0 (0.189183, 0) (-0.277308, 0) (0.209113, 0) (-0.152219, 0) (-0.0228149, 0) (0.20274, 0) (-0.190354, 0) (0.0139036, 0) (-0.157181, 0) (0.147911, 0) (-0.131199, 0) (0.129293, 0) (0.123679, 0) (-0.262839, 0) (0.268688, 0) (-0.0726105, 0) (-2.33476e-06, 0) (2.75745e-06, 0) (1.98686e-06, 0) (-1.22217e-06, 0) (-0.123678, 0) (0.262837, 0) (-0.26869, 0) (0.0726103, 0) (0.157182, 0) (-0.147914, 0) (0.131197, 0) (-0.129292, 0) (0.0228122, 0) (-0.202737, 0) (0.190354, 0) (-0.0139063, 0) (-0.189179, 0) (0.277312, 0) (-0.209111, 0) (0.152222, 0) 
1 6.27956 0 (0.152219, 0) (-0.209114, 0) (0.277308, 0) (-0.189182, 0) (-0.0139038, 0) (0.190354, 0) (-0.20274, 0) (0.0228146, 0) (-0.129293, 0) (0.131199, 0) (-0.147911, 0) (0.157181, 0) (0.0726108, 0) (-0.268688, 0) (0.262838, 0) (-0.123679, 0) (4.54483e-07, 0) (-1.36567e-06, 0) (-2.56106e-06, 0) (2.34924e-06, 0) (-0.0726101, 0) (0.26869, 0) (-0.262837, 0) (0.123678, 0) (0.129293, 0) (-0.131198, 0) (0.147914, 0) (-0.157182, 0) (0.0139058, 0) (-0.190354, 0) (0.202737, 0) (-0.0228122, 0) (-0.152222, 0) (0.20911, 0) (-0.277311, 0) (0.189179, 0) 
0 6.6951 0 (0.243925, 0) (-0.184872, 0) (-0.201099, 0) (0.209651, 0) (-0.239636, 0) (0.0458097, 0) (0.150743, 0) (-0.138328, 0) (0.129085, 0) (-0.0451695, 0) (-0.0901631, 0) (0.0397237, 0) (0.0606329, 0) (-0.101589, 0) (-0.033903, 0) (0.164032, 0) (-0.215475, 0) (0.255727, 0) (0.24669, 0) (-0.357049, 0) (0.0606355, 0) (-0.101593, 0) (-0.0339003, 0) (0.164032, 0) (0.129082, 0) (-0.0451647, 0) (-0.090164, 0) (0.0397219, 0) (-0.239642, 0) (0.0458073, 0) (0.150745, 0) (-0.138324, 0) (0.243925, 0) (-0.184876, 0) (-0.201095, 0) (0.209649, 0) 
1 6.6951 0 (-0.20965, 0) (0.201099, 0) (0.184873, 0) (-0.243925, 0) (0.138328, 0) (-0.150743, 0) (-0.0458098, 0) (0.239637, 0) (-0.0397236, 0) (0.0901634, 0) (0.0451692, 0) (-0.129084, 0) (-0.164032, 0) (0.0339025, 0) (0.10159, 0) (-0.0606332, 0) (0.357049, 0) (-0.246689, 0) (-0.255727, 0) (0.215475, 0) (-0.164031, 0) (0.0339007, 0) (0.101593, 0) (-0.0606352, 0) (-0.0397219, 0) (0.0901637, 0) (0.0451651, 0) (-0.129083, 0) (0.138324, 0) (-0.150745, 0) (-0.0458074, 0) (0.239641, 0) (-0.209651, 0) (0.201095, 0) (0.184876, 0) (-0.243926, 0) 
0 6.90266 0 (0.0176457, 0) (0.0801061, 0) (0.0346469, 0) (-0.140081, 0) (-0.112172, 0) (-0.149347, 0) (0.0753265, 0) (0.202914, 0) (0.16558, 0) (0.114575, 0) (-0.0137432, 0) (-0.241326, 0) (-0.302683, 0) (-0.210983, 0) (0.19092, 0) (0.220979, 0) (0.288952, 0) (0.0776047, 0) (-0.099321, 0) (-0.203152, 0) (-0.302686, 0) (-0.210983, 0) (0.190919, 0) (0.220979, 0) (0.165578, 0) (0.114578, 0) (-0.01374, 0) (-0.24133, 0) (-0.112172, 0) (-0.149349, 0) (0.0753258, 0) (0.202914, 0) (0.017643, 0) (0.0801109, 0) (0.0346483, 0) (-0.140085, 0) 
1 6.90266 0 (0.140081, 0) (-0.034647, 0) (-0.0801063, 0) (-0.0176457, 0) (-0.202915, 0) (-0.0753264, 0) (0.149347, 0) (0.112172, 0) (0.241326, 0) (0.0137433, 0) (-0.114575, 0) (-0.16558, 0) (-0.220979, 0) (-0.19092, 0) (0.210983, 0) (0.302683, 0) (0.203152, 0) (0.0993211, 0) (-0.0776047, 0) (-0.288952, 0) (-0.220979, 0) (-0.190919, 0) (0.210983, 0) (0.302686, 0) (0.24133, 0) (0.0137399, 0) (-0.114578, 0) (-0.165578, 0) (-0.202914, 0) (-0.0753258, 0) (0.149349, 0) (0.112172, 0) (0.140085, 0) (-0.0346484, 0) (-0.0801104, 0) (-0.0176432, 0) 
0 7.6957 0 (0.162228, 0) (-0.228236, 0) (0.192859, 0) (-0.142973, 0) (-0.114213, 0) (0.28005, 0) (-0.274126, 0) (0.0916004, 0) (0.0578791, 0) (-0.0862007, 0) (0.075035, 0) (-0.0561078, 0) (0.0784499, 0) (-0.166089, 0) (0.172132, 0) (-0.0547963, 0) (-0.198728, 0) (0.264435, 0) (-0.251663, 0) (0.18242, 0) (0.0784572, 0) (-0.166091, 0) (0.172129, 0) (-0.054791, 0) (0.0578676, 0) (-0.0861915, 0) (0.0750444, 0) (-0.056119, 0) (-0.114207, 0) (0.280044, 0) (-0.274132, 0) (0.0916073, 0) (0.162221, 0) (-0.228235, 0) (0.192862, 0) (-0.14298, 0) 
1 7.6957 0 (-0.142974, 0) (0.19286, 0) (-0.228236, 0) (0.162227, 0) (0.0916018, 0) (-0.274126, 0) (0.280049, 0) (-0.114213, 0) (-0.0561095, 0) (0.0750366, 0) (-0.0862, 0) (0.057878, 0) (-0.0547956, 0) (0.172131, 0) (-0.166089, 0) (0.0784506, 0) (0.18242, 0) (-0.251663, 0) (0.264434, 0) (-0.198728, 0) (-0.0547918, 0) (0.17213, 0) (-0.166092, 0) (0.0784565, 0) (-0.0561171, 0) (0.0750428, 0) (-0.0861922, 0) (0.0578686, 0) (0.0916057, 0) (-0.274132, 0) (0.280044, 0) (-0.114207, 0) (-0.14298, 0) (0.192861, 0) (-0.228235, 0) (0.162222, 0) 
1 7.77545 0 (-0.168832, 0) (0.140469, 0) (0.130802, 0) (-0.164664, 0) (0.200426, 0) (-0.139111, 0) (-0.0926676, 0) (0.221654, 0) (-0.272687, 0) (0.234373, 0) (0.2058, 0) (-0.269044, 0) (0.116799, 0) (-0.0889578, 0) (-0.0546261, 0) (0.147428, 0) (1.15401e-06, 0) (-3.45617e-06, 0) (5.106e-06, 0) (-2.9361e-06, 0) (-0.116798, 0) (0.088964, 0) (0.0546187, 0) (-0.147427, 0) (0.272684, 0) (-0.234371, 0) (-0.205801, 0) (0.269045, 0) (-0.200419, 0) (0.139106, 0) (0.0926728, 0) (-0.221661, 0) (0.168828, 0) (-0.140462, 0) (-0.130809, 0) (0.164669, 0) 
0 7.77545 0 (-0.164663, 0) (0.1308, 0) (0.14047, 0) (-0.168833, 0) (0.221653, 0) (-0.0926663, 0) (-0.139112, 0) (0.200427, 0) (-0.269044, 0) (0.2058, 0) (0.234374, 0) (-0.272687, 0) (0.147429, 0) (-0.0546271, 0) (-0.088957, 0) (0.116799, 0) (-4.27845e-06, 0) (6.7794e-06, 0) (-4.51528e-06, 0) (1.73972e-06, 0) (-0.147427, 0) (0.0546176, 0) (0.0889649, 0) (-0.116798, 0) (0.269045, 0) (-0.205801, 0) (-0.23437, 0) (0.272683, 0) (-0.221662, 0) (0.092674, 0) (0.139104, 0) (-0.200419, 0) (0.164669, 0) (-0.13081, 0) (-0.140461, 0) (0.168827, 0) 
0 8.49743 0 (-0.0852303, 0) (0.0632594, 0) (0.072933, 0) (-0.0869788, 0) (0.141962, 0) (-0.0561386, 0) (-0.0924109, 0) (0.125948, 0) (-0.230508, 0) (0.163804, 0) (0.195364, 0) (-0.22415, 0) (0.248412, 0) (-0.0885342, 0) (-0.15309, 0) (0.192043, 0) (-0.289253, 0) (0.202338, 0) (0.243432, 0) (-0.275558, 0) (0.248414, 0) (-0.088532, 0) (-0.153093, 0) (0.192043, 0) (-0.230507, 0) (0.163802, 0) (0.195367, 0) (-0.224153, 0) (0.141965, 0) (-0.0561349, 0) (-0.0924156, 0) (0.125948, 0) (-0.0852295, 0) (0.0632587, 0) (0.0729345, 0) (-0.0869806, 0) 
1 8.49743 0 (0.0869789, 0) (-0.0729333, 0) (-0.0632593, 0) (0.0852302, 0) (-0.125948, 0) (0.0924112, 0) (0.0561383, 0) (-0.141963, 0) (0.22415, 0) (-0.195365, 0) (-0.163804, 0) (0.230508, 0) (-0.192043, 0) (0.15309, 0) (0.0885341, 0) (-0.248412, 0) (0.275558, 0) (-0.243432, 0) (-0.202338, 0) (0.289253, 0) (-0.192043, 0) (0.153093, 0) (0.0885322, 0) (-0.248414, 0) (0.224153, 0) (-0.195367, 0) (-0.163803, 0) (0.230507, 0) (-0.125947, 0) (0.0924153, 0) (0.0561351, 0) (-0.141964, 0) (0.0869805, 0) (-0.0729342, 0) (-0.0632587, 0) (0.0852296, 0) 
0 8.85346 0 (-0.114989, 0) (0.16453, -0) (-0.14373, 0) (0.102032, -0) (0.127509, -0) (-0.274389, 0) (0.270445, -0) (-0.103024, 0) (-0.185417, 0) (0.25935, -0) (-0.238434, 0) (0.166054, -0) (0.0833632, -0) (-0.168412, 0) (0.168132, -0) (-0.0607387, 0) (1.12333e-06, -0) (-3.78254e-07, 0) (-1.19108e-06, 0) (1.34899e-06, -0) (-0.0833657, 0) (0.168412, -0) (-0.16813, 0) (0.0607367, -0) (0.185419, -0) (-0.259352, 0) (0.238432, -0) (-0.166052, 0) (-0.127513, 0) (0.274388, -0) (-0.270445, 0) (0.103022, -0) (0.11499, -0) (-0.164533, 0) (0.143727, -0) (-0.102031, 0) 
1 8.85346 0 (0.102031, 0) (-0.143729, 0) (0.16453, 0) (-0.114989, 0) (-0.103024, 0) (0.270445, 0) (-0.274389, 0) (0.12751, 0) (0.166054, 0) (-0.238434, 0) (0.25935, 0) (-0.185417, 0) (-0.0607388, 0) (0.168132, 0) (-0.168413, 0) (0.0833636, 0) (1.47201e-06, 0) (-1.42722e-06, 0) (2.33511e-07, 0) (5.05208e-07, 0) (0.0607367, 0) (-0.16813, 0) (0.168412, 0) (-0.0833652, 0) (-0.166052, 0) (0.238432, 0) (-0.259351, 0) (0.185418, 0) (0.103021, 0) (-0.270446, 0) (0.274388, 0) (-0.127512, 0) (-0.102031, 0) (0.143727, 0) (-0.164533, 0) (0.11499, 0) 
0 9.60603 0 (0.0600437, 0) (-0.0863406, 0) (0.0759982, 0) (-0.0526694, 0) (-0.082889, 0) (0.168356, 0) (-0.165464, 0) (0.0660581, 0) (0.158343, 0) (-0.221137, 0) (0.203458, 0) (-0.137637, 0) (-0.14167, 0) (0.270594, 0) (-0.269545, 0) (0.102217, 0) (0.196247, 0) (-0.271591, 0) (0.253326, 0) (-0.170306, 0) (-0.141671, 0) (0.270594, 0) (-0.269545, 0) (0.102216, 0) (0.158343, 0) (-0.221138, 0) (0.203457, 0) (-0.137637, 0) (-0.0828908, 0) (0.168356, 0) (-0.165465, 0) (0.0660573, 0) (0.0600439, 0) (-0.086342, 0) (0.0759976, 0) (-0.0526695, 0) 
1 9.60603 0 (-0.0526693, 0) (0.0759982, -0) (-0.0863406, 0) (0.0600436, -0) (0.0660581, -0) (-0.165463, 0) (0.168356, -0) (-0.082889, 0) (-0.137637, 0) (0.203458, -0) (-0.221137, 0) (0.158343, -0) (0.102217, -0) (-0.269544, 0) (0.270594, -0) (-0.14167, 0) (-0.170306, 0) (0.253326, -0) (-0.271591, 0) (0.196247, -0) (0.102216, -0) (-0.269545, 0) (0.270594, -0) (-0.141671, 0) (-0.137637, 0) (0.203457, -0) (-0.221138, 0) (0.158343, -0) (0.0660572, -0) (-0.165465, 0) (0.168356, -0) (-0.0828906, 0) (-0.0526696, 0) (0.0759976, -0) (-0.086342, 0) (0.060044, -0) 
