1 -5.33765 1 (-0.0568269, 0) (-0.0824223, 0) (-0.08242, 0) (-0.0568266, 0) (-0.0777289, 0) (-0.164116, 0) (-0.164117, 0) (-0.0777261, 0) (-0.150166, 0) (-0.21206, 0) (-0.212057, 0) (-0.150165, 0) (-0.134515, 0) (-0.266054, 0) (-0.266054, 0) (-0.134513, 0) (-0.185259, 0) (-0.258627, 0) (-0.258628, 0) (-0.185259, 0) (-0.134513, 0) (-0.266055, 0) (-0.266054, 0) (-0.134514, 0) (-0.150166, 0) (-0.212057, 0) (-0.21206, 0) (-0.150165, 0) (-0.0777257, 0) (-0.164118, 0) (-0.164115, 0) (-0.0777295, 0) (-0.0568267, 0) (-0.0824195, 0) (-0.0824229, 0) (-0.0568268, 0) 
0 -5.22932 1 (0.0558951, 0) (0.0798599, 0) (0.0798617, 0) (0.055895, 0) (0.0708035, 0) (0.170354, 0) (0.170353, 0) (0.0708054, 0) (0.145943, 0) (0.213037, 0) (0.213039, 0) (0.145943, 0) (0.108474, 0) (0.275314, 0) (0.275314, 0) (0.108475, 0) (0.18166, 0) (0.267264, 0) (0.267263, 0) (0.18166, 0) (0.108475, 0) (0.275313, 0) (0.275314, 0) (0.108474, 0) (0.145943, 0) (0.21304, 0) (0.213037, 0) (0.145944, 0) (0.0708058, 0) (0.170352, 0) (0.170355, 0) (0.0708031, 0) (0.0558948, 0) (0.0798621, 0) (0.0798595, 0) (0.0558954, 0) 
1 -4.58101 1 (-0.109062, 0) (-0.15715, 0) (-0.157144, 0) (-0.109059, 0) (-0.119648, 0) (-0.268159, 0) (-0.268159, 0) (-0.119639, 0) (-0.176031, 0) (-0.248875, 0) (-0.248867, 0) (-0.176024, 0) (-0.0795334, 0) (-0.167153, 0) (-0.167149, 0) (-0.0795247, 0) (-4.69609e-06, 0) (-3.42136e-06, 0) (3.38637e-06, 0) (4.71808e-06, 0) (0.0795248, 0) (0.16715, 0) (0.167153, 0) (0.0795334, 0) (0.176024, 0) (0.248866, 0) (0.248876, 0) (0.176031, 0) (0.119638, 0) (0.26816, 0) (0.268158, 0) (0.119649, 0) (0.109059, 0) (0.157143, 0) (0.157152, 0) (0.109062, 0) 
0 -4.48026 1 (0.108063, -0) (0.150959, -0) (0.150963, -0) (0.108063, -0) (0.110341, -0) (0.277734, -0) (0.277732, -0) (0.110345, -0) (0.175872, -0) (0.249509, -0) (0.249513, -0) (0.175873, -0) (0.0641238, -0) (0.170067, -0) (0.170068, -0) (0.0641259, -0) (-1.14463e-06, 0) (-8.32145e-07, 0) (8.92615e-07, -0) (1.20817e-06, -0) (-0.0641257, 0) (-0.170068, 0) (-0.170067, 0) (-0.0641239, 0) (-0.175873, 0) (-0.249513, 0) (-0.249509, 0) (-0.175872, 0) (-0.110345, 0) (-0.277731, 0) (-0.277736, 0) (-0.11034, 0) (-0.108063, 0) (-0.150964, 0) (-0.150958, 0) (-0.108063, 0) 
1 -4.30227 1 (-0.0831717, 0) (-0.0670739, 0) (0.0670793, 0) (0.0831766, 0) (-0.135429, 0) (-0.0709067, 0) (0.0709199, 0) (0.135429, 0) (-0.225543, 0) (-0.174794, 0) (0.174803, 0) (0.22555, 0) (-0.240572, 0) (-0.114874, 0) (0.114881, 0) (0.240572, 0) (-0.282093, 0) (-0.214137, 0) (0.214138, 0) (0.282092, 0) (-0.240573, 0) (-0.114882, 0) (0.114874, 0) (0.240572, 0) (-0.225551, 0) (-0.174803, 0) (0.174795, 0) (0.225542, 0) (-0.135428, 0) (-0.0709202, 0) (0.0709066, 0) (0.13543, 0) (-0.0831769, 0) (-0.0670789, 0) (0.0670745, 0) (0.0831715, 0) 
0 -4.04532 1 (-0.090318, 0) (-0.0705009, 0) (0.0705005, 0) (0.090316, 0) (-0.133342, 0) (-0.0785002, 0) (0.0784953, 0) (0.133344, 0) (-0.231324, 0) (-0.187039, 0) (0.187037, 0) (0.231322, 0) (-0.200009, 0) (-0.127568, 0) (0.127565, 0) (0.200011, 0) (-0.285016, 0) (-0.234702, 0) (0.234701, 0) (0.285016, 0) (-0.20001, 0) (-0.127565, 0) (0.127568, 0) (0.20001, 0) (-0.231321, 0) (-0.187038, 0) (0.187038, 0) (0.231325, 0) (-0.133345, 0) (-0.0784947, 0) (0.0785008, 0) (0.133341, 0) (-0.0903154, 0) (-0.0705006, 0) (0.0705006, 0) (0.0903185, 0) 
1 -3.54936 1 (-0.163604, 0) (-0.137138, 0) (0.137121, 0) (0.163595, 0) (-0.215576, 0) (-0.11318, 0) (0.113167, 0) (0.215561, 0) (-0.267694, 0) (-0.217332, 0) (0.217328, 0) (0.267691, 0) (-0.146177, 0) (-0.0699453, 0) (0.0699606, 0) (0.146179, 0) (5.79712e-06, 0) (1.02262e-05, 0) (1.04763e-05, 0) (6.06227e-06, 0) (0.146179, 0) (0.0699611, 0) (-0.0699445, 0) (-0.146176, 0) (0.267691, 0) (0.217328, 0) (-0.217332, 0) (-0.267693, 0) (0.215559, 0) (0.113168, 0) (-0.113179, 0) (-0.215578, 0) (0.163595, 0) (0.13712, 0) (-0.137139, 0) (-0.163603, 0) 
1 -3.41123 1 (0.152509, 0) (0.218199, 0) (0.218202, 0) (0.152521, 0) (0.102792, 0) (0.276718, 0) (0.276729, 0) (0.102805, 0) (0.0478862, 0) (0.0808854, 0) (0.0809017, 0) (0.0479067, 0) (-0.0825381, 0) (-0.160959, 0) (-0.160954, 0) (-0.0825256, 0) (-0.194813, 0) (-0.250805, 0) (-0.250808, 0) (-0.194813, 0) (-0.0825253, 0) (-0.160954, 0) (-0.160959, 0) (-0.0825386, 0) (0.0479066, 0) (0.0809016, 0) (0.0808854, 0) (0.0478864, 0) (0.102804, 0) (0.27673, 0) (0.276717, 0) (0.102793, 0) (0.152521, 0) (0.2182, 0) (0.218202, 0) (0.152509, 0) 
0 -3.35909 1 (0.17081, 0) (0.135334, 0) (-0.135356, 0) (-0.170824, 0) (0.206763, 0) (0.118857, 0) (-0.118881, 0) (-0.20678, 0) (0.275386, 0) (0.224431, 0) (-0.224439, 0) (-0.275391, 0) (0.118326, 0) (0.0735495, 0) (-0.0735303, 0) (-0.118322, 0) (9.56027e-06, 0) (1.40867e-05, 0) (1.42032e-05, 0) (9.67407e-06, 0) (-0.118322, 0) (-0.0735302, 0) (0.0735497, 0) (0.118327, 0) (-0.275391, 0) (-0.22444, 0) (0.22443, 0) (0.275387, 0) (-0.206781, 0) (-0.118881, 0) (0.118858, 0) (0.206762, 0) (-0.170823, 0) (-0.135357, 0) (0.135333, 0) (0.170811, 0) 
0 -3.33523 1 (0.152497, 0) (0.202669, 0) (0.202661, 0) (0.152478, 0) (0.101403, 0) (0.279504, 0) (0.279489, 0) (0.101384, 0) (0.065435, 0) (0.0818317, 0) (0.0818079, 0) (0.0654055, 0) (-0.0532405, 0) (-0.175096, 0) (-0.175103, 0) (-0.053254, 0) (-0.188878, 0) (-0.264457, 0) (-0.264456, 0) (-0.188878, 0) (-0.0532537, 0) (-0.175103, 0) (-0.175097, 0) (-0.0532407, 0) (0.065406, 0) (0.0818082, 0) (0.0818313, 0) (0.0654345, 0) (0.101385, 0) (0.279487, 0) (0.279505, 0) (0.101402, 0) (0.152478, 0) (0.202662, 0) (0.202667, 0) (0.152498, 0) 
1 -2.7796 1 (-0.0751368, 0) (0.0180639, 0) (0.0180567, 0) (-0.0751441, 0) (-0.15863, 0) (0.106445, 0) (0.106441, 0) (-0.158631, 0) (-0.197005, 0) (0.0720912, 0) (0.0720823, 0) (-0.197013, 0) (-0.283464, 0) (0.219548, 0) (0.219546, 0) (-0.283461, 0) (-0.241276, 0) (0.108316, 0) (0.108317, 0) (-0.241273, 0) (-0.283463, 0) (0.219547, 0) (0.219548, 0) (-0.283463, 0) (-0.197012, 0) (0.0720839, 0) (0.0720899, 0) (-0.197006, 0) (-0.158627, 0) (0.106444, 0) (0.106443, 0) (-0.158634, 0) (-0.0751418, 0) (0.0180592, 0) (0.0180618, 0) (-0.0751392, 0) 
1 -2.46183 1 (-0.234501, 0) (-0.212353, 0) (0.212342, 0) (0.234497, 0) (-0.198753, 0) (-0.108555, 0) (0.108559, 0) (0.19874, 0) (-0.0830842, 0) (-0.0839244, 0) (0.0839324, 0) (0.0830837, 0) (0.136412, 0) (0.0513561, 0) (-0.0513432, 0) (-0.136411, 0) (0.277945, 0) (0.222779, 0) (-0.222778, 0) (-0.277948, 0) (0.136408, 0) (0.0513471, 0) (-0.0513524, 0) (-0.136416, 0) (-0.0830861, 0) (-0.0839315, 0) (0.0839251, 0) (0.0830813, 0) (-0.198741, 0) (-0.10856, 0) (0.108554, 0) (0.198752, 0) (-0.2345, 0) (-0.212341, 0) (0.212354, 0) (0.234497, 0) 
0 -2.3675 1 (0.0891613, 0) (-0.027796, 0) (-0.0278082, 0) (0.0891468, 0) (0.173622, 0) (-0.138447, 0) (-0.138452, 0) (0.173617, 0) (0.221753, 0) (-0.0634919, 0) (-0.0635002, 0) (0.221745, 0) (0.250928, 0) (-0.192328, 0) (-0.192326, 0) (0.250936, 0) (0.270109, 0) (-0.0681824, 0) (-0.0681704, 0) (0.270124, 0) (0.25093, 0) (-0.192328, 0) (-0.192326, 0) (0.250934, 0) (0.221749, 0) (-0.0634956, 0) (-0.0634963, 0) (0.221749, 0) (0.173628, 0) (-0.138446, 0) (-0.138454, 0) (0.173611, 0) (0.0891577, 0) (-0.0277989, 0) (-0.0278052, 0) (0.0891504, 0) 
0 -2.31548 1 (0.234838, 0) (0.191299, 0) (-0.191303, 0) (-0.234839, 0) (0.18826, 0) (0.100677, 0) (-0.100667, 0) (-0.188276, 0) (0.0986633, 0) (0.0744918, 0) (-0.0744869, 0) (-0.0986738, 0) (-0.10401, 0) (-0.0728662, 0) (0.0728768, 0) (0.104, 0) (-0.300536, 0) (-0.268717, 0) (0.268719, 0) (0.300523, 0) (-0.104012, 0) (-0.0728665, 0) (0.0728765, 0) (0.103997, 0) (0.098663, 0) (0.0744905, 0) (-0.0744883, 0) (-0.0986743, 0) (0.188268, 0) (0.100672, 0) (-0.100672, 0) (-0.188268, 0) (0.234832, 0) (0.191305, 0) (-0.191297, 0) (-0.234845, 0) 
1 -2.0374 1 (-0.0643023, 0) (-0.222421, 0) (-0.222412, 0) (-0.0643053, 0) (0.1198, 0) (-0.260055, 0) (-0.260057, 0) (0.119791, 0) (0.236897, 0) (0.073661, 0) (0.0736601, 0) (0.236897, 0) (0.186343, 0) (0.134706, 0) (0.13471, 0) (0.186344, 0) (-3.35565e-06, 0) (-4.7554e-06, 0) (4.77495e-06, 0) (3.59743e-06, 0) (-0.186344, 0) (-0.13471, 0) (-0.134706, 0) (-0.186343, 0) (-0.236897, 0) (-0.0736594, 0) (-0.0736619, 0) (-0.236896, 0) (-0.119789, 0) (0.260058, 0) (0.260053, 0) (-0.119801, 0) (0.0643053, 0) (0.222409, 0) (0.222424, 0) (0.0643024, 0) 
1 -1.99133 1 (-0.226414, 0) (-0.116289, 0) (-0.116295, 0) (-0.226426, 0) (-0.241184, 0) (0.0588125, 0) (0.0588072, 0) (-0.241182, 0) (-0.116943, 0) (0.148935, 0) (0.148923, 0) (-0.116947, 0) (-0.0932443, 0) (0.281129, 0) (0.281126, 0) (-0.0932374, 0) (-4.82359e-06, 0) (-1.75784e-06, 0) (1.9313e-06, 0) (4.63094e-06, 0) (0.0932383, 0) (-0.281126, 0) (-0.281128, 0) (0.0932429, 0) (0.116948, 0) (-0.148922, 0) (-0.148936, 0) (0.116942, 0) (0.24118, 0) (-0.0588074, 0) (-0.0588122, 0) (0.241186, 0) (0.226427, 0) (0.116294, 0) (0.116291, 0) (0.226412, 0) 
0 -1.88374 1 (-0.204532, 0) (-0.229182, 0) (-0.22919, 0) (-0.204528, 0) (-0.0686901, 0) (-0.160777, 0) (-0.160775, 0) (-0.0686917, 0) (0.0938318, 0) (0.151969, 0) (0.151975, 0) (0.0938316, 0) (0.0526856, 0) (0.300663, 0) (0.300664, 0) (0.0526852, 0) (1.06647e-06, 0) (7.63013e-07, 0) (-8.21579e-07, 0) (-9.8797e-07, 0) (-0.0526848, 0) (-0.300663, 0) (-0.300664, 0) (-0.0526858, 0) (-0.093831, 0) (-0.151975, 0) (-0.151969, 0) (-0.0938325, 0) (0.0686919, 0) (0.160774, 0) (0.160778, 0) (0.0686899, 0) (0.204527, 0) (0.229192, 0) (0.22918, 0) (0.204534, 0) 
0 -1.75532 1 (-0.144979, 0) (0.0567433, 0) (0.0567496, 0) (-0.144973, 0) (-0.260989, 0) (0.232727, 0) (0.232726, 0) (-0.260997, 0) (-0.263212, 0) (0.0439512, 0) (0.0439544, 0) (-0.26321, 0) (-0.151844, 0) (0.0959887, 0) (0.0959904, 0) (-0.151846, 0) (1.59661e-07, 0) (-7.04976e-07, 0) (6.44692e-07, 0) (-1.12616e-07, 0) (0.151845, 0) (-0.0959899, 0) (-0.0959893, 0) (0.151845, 0) (0.263209, 0) (-0.0439541, 0) (-0.0439514, 0) (0.263214, 0) (0.260999, 0) (-0.232725, 0) (-0.232729, 0) (0.260987, 0) (0.144971, 0) (-0.0567508, 0) (-0.056742, 0) (0.144981, 0) 
1 -1.31487 1 (0.274215, 0) (0.279882, 0) (-0.279871, 0) (-0.274227, 0) (0.0843604, 0) (0.0590398, 0) (-0.0590388, 0) (-0.0843665, 0) (-0.175253, 0) (-0.143829, 0) (0.143822, 0) (0.175251, 0) (-0.174607, 0) (-0.0631047, 0) (0.0631024, 0) (0.17461, 0) (5.64562e-06, 0) (2.29389e-06, 0) (3.52813e-06, 0) (5.50762e-06, 0) (0.174612, 0) (0.063102, 0) (-0.0631034, 0) (-0.174606, 0) (0.175253, 0) (0.143821, 0) (-0.143829, 0) (-0.175252, 0) (-0.0843669, 0) (-0.0590399, 0) (0.0590395, 0) (0.0843587, 0) (-0.274231, 0) (-0.27987, 0) (0.279884, 0) (0.27421, 0) 
1 -1.15756 1 (-0.049431, 0) (0.0711466, 0) (-0.0711456, 0) (0.0494418, 0) (-0.133926, 0) (0.13, 0) (-0.130016, 0) (0.133935, 0) (-0.0998734, 0) (0.220872, 0) (-0.22087, 0) (0.0998839, 0) (-0.214522, 0) (0.232376, 0) (-0.232376, 0) (0.214521, 0) (-0.102938, 0) (0.295224, 0) (-0.295225, 0) (0.102933, 0) (-0.214523, 0) (0.23238, 0) (-0.232372, 0) (0.21452, 0) (-0.0998807, 0) (0.22087, 0) (-0.220874, 0) (0.0998755, 0) (-0.133928, 0) (0.130011, 0) (-0.130005, 0) (0.133935, 0) (-0.04944, 0) (0.071142, 0) (-0.0711487, 0) (0.0494351, 0) 
0 -1.09935 1 (0.299446, 0) (0.257254, 0) (-0.257259, 0) (-0.299418, 0) (0.0918535, 0) (0.0358738, 0) (-0.0358868, 0) (-0.0918382, 0) (-0.178101, 0) (-0.178688, 0) (0.178688, 0) (0.178101, 0) (-0.119498, 0) (-0.0806702, 0) (0.0806776, 0) (0.119489, 0) (-8.83636e-06, 0) (5.96204e-07, 0) (5.05461e-07, 0) (-8.5994e-06, 0) (0.119487, 0) (0.0806797, 0) (-0.0806684, 0) (-0.119499, 0) (0.178099, 0) (0.17869, 0) (-0.178687, 0) (-0.178103, 0) (-0.0918387, 0) (-0.0358868, 0) (0.0358734, 0) (0.0918532, 0) (-0.299415, 0) (-0.257261, 0) (0.257252, 0) (0.29945, 0) 
1 -0.99032 1 (0.204516, 0) (-0.0288619, 0) (-0.0288658, 0) (0.204508, 0) (0.275939, 0) (-0.235412, 0) (-0.235411, 0) (0.275918, 0) (0.0860155, 0) (-0.0145104, 0) (-0.0144914, 0) (0.0860248, 0) (-0.156882, 0) (0.13305, 0) (0.133061, 0) (-0.156872, 0) (-0.224615, 0) (0.0356567, 0) (0.0356597, 0) (-0.224622, 0) (-0.156867, 0) (0.133056, 0) (0.133055, 0) (-0.156888, 0) (0.0860238, 0) (-0.0144997, 0) (-0.014502, 0) (0.0860165, 0) (0.275919, 0) (-0.235415, 0) (-0.235408, 0) (0.275939, 0) (0.204516, 0) (-0.028862, 0) (-0.0288662, 0) (0.204508, 0) 
0 -0.802249 1 (0.0435673, 0) (-0.0876531, 0) (0.0876525, 0) (-0.04352, 0) (0.133652, 0) (-0.148174, 0) (0.148119, 0) (-0.133605, 0) (0.118289, 0) (-0.220446, 0) (0.22045, 0) (-0.118268, 0) (0.210818, 0) (-0.220845, 0) (0.220876, 0) (-0.210851, 0) (0.172733, 0) (-0.244442, 0) (0.244442, 0) (-0.172794, 0) (0.21082, 0) (-0.220844, 0) (0.220877, 0) (-0.210848, 0) (0.118286, 0) (-0.220449, 0) (0.220446, 0) (-0.118271, 0) (0.133655, 0) (-0.148165, 0) (0.148127, 0) (-0.133601, 0) (0.0435598, 0) (-0.0876597, 0) (0.0876457, 0) (-0.0435268, 0) 
0 -0.788703 1 (0.205212, 0) (-0.0209077, 0) (-0.0209011, 0) (0.205245, 0) (0.236543, 0) (-0.230059, 0) (-0.230083, 0) (0.236586, 0) (0.0800617, 0) (0.00375443, 0) (0.00368681, 0) (0.0800611, 0) (-0.156757, 0) (0.154249, 0) (0.154196, 0) (-0.15673, 0) (-0.295669, 0) (0.0117051, 0) (0.0116631, 0) (-0.295627, 0) (-0.156773, 0) (0.154241, 0) (0.154205, 0) (-0.156713, 0) (0.0800438, 0) (0.00373943, 0) (0.00370182, 0) (0.0800787, 0) (0.23656, 0) (-0.23005, 0) (-0.230092, 0) (0.236569, 0) (0.205226, 0) (-0.0208907, 0) (-0.0209176, 0) (0.205232, 0) 
1 -0.550587 1 (0.206134, 0) (0.229729, 0) (-0.234639, 0) (-0.210747, 0) (-0.014269, 0) (0.00237557, 0) (-0.00223869, 0) (0.014373, 0) (-0.218834, 0) (-0.225064, 0) (0.229977, 0) (0.223541, 0) (0.00899377, 0) (-0.000430618, 0) (0.000329784, 0) (-0.00906541, 0) (0.225315, 0) (0.224305, 0) (-0.229218, 0) (-0.230073, 0) (0.0089627, 0) (-0.000406958, 0) (0.00035278, 0) (-0.00909593, 0) (-0.218856, 0) (-0.225064, 0) (0.229977, 0) (0.223519, 0) (-0.0142511, 0) (0.00236393, 0) (-0.00225199, 0) (0.0143931, 0) (0.206171, 0) (0.22973, 0) (-0.234641, 0) (-0.210709, 0) 
1 -0.550282 1 (0.215863, 0) (0.231781, 0) (0.226787, 0) (0.211422, 0) (-0.00617605, 0) (-0.00551745, 0) (-0.00559017, 0) (-0.00583858, 0) (-0.221359, 0) (-0.231825, 0) (-0.226978, 0) (-0.216619, 0) (0.00502901, 0) (0.00349831, 0) (0.00349337, 0) (0.00484176, 0) (0.224982, 0) (0.231816, 0) (0.226959, 0) (0.220107, 0) (0.00503364, 0) (0.00348696, 0) (0.00350381, 0) (0.00483786, 0) (-0.221356, 0) (-0.231847, 0) (-0.226956, 0) (-0.216622, 0) (-0.00614434, 0) (-0.00554157, 0) (-0.00556549, 0) (-0.00587091, 0) (0.215887, 0) (0.231754, 0) (0.226814, 0) (0.211397, 0) 
0 -0.536406 1 (0.240376, 0) (0.218386, 0) (0.216573, 0) (0.238388, 0) (0.0117376, 0) (-0.00125289, 0) (-0.00126798, 0) (0.0116649, 0) (-0.227317, 0) (-0.218347, 0) (-0.216564, 0) (-0.225411, 0) (-0.00934472, 0) (0.00172602, 0) (0.00169495, 0) (-0.00925291, 0) (0.215337, 0) (0.218389, 0) (0.216544, 0) (0.213549, 0) (-0.00934623, 0) (0.0017244, 0) (0.00169763, 0) (-0.00925199, 0) (-0.227319, 0) (-0.218352, 0) (-0.21656, 0) (-0.22541, 0) (0.0117307, 0) (-0.00124375, 0) (-0.00127766, 0) (0.0116722, 0) (0.240369, 0) (0.218409, 0) (0.21655, 0) (0.238397, 0) 
0 -0.536345 1 (0.236345, 0) (0.218495, 0) (-0.22031, 0) (-0.238308, 0) (0.00776391, 0) (0.00289293, 0) (-0.00289934, 0) (-0.00784526, 0) (-0.227708, 0) (-0.212758, 0) (0.214572, 0) (0.22958, 0) (-0.0113265, 0) (0.00378264, 0) (-0.00377092, 0) (0.0113809, 0) (0.213187, 0) (0.220335, 0) (-0.22215, 0) (-0.214991, 0) (-0.011309, 0) (0.00376223, 0) (-0.0037916, 0) (0.0113982, 0) (-0.227685, 0) (-0.212757, 0) (0.214572, 0) (0.229603, 0) (0.00775669, 0) (0.00290079, 0) (-0.00289103, 0) (-0.00785276, 0) (0.236314, 0) (0.218495, 0) (-0.220309, 0) (-0.238339, 0) 
1 -0.414535 1 (0.0925815, 0) (-0.13556, 0) (0.135579, 0) (-0.0925675, 0) (0.227665, 0) (-0.208789, 0) (0.208803, 0) (-0.227663, 0) (0.0985729, 0) (-0.275973, 0) (0.275943, 0) (-0.0986041, 0) (0.147096, 0) (-0.141826, 0) (0.141826, 0) (-0.147096, 0) (1.32802e-05, 0) (1.39316e-05, 0) (1.54262e-05, 0) (1.34078e-05, 0) (-0.147097, 0) (0.141826, 0) (-0.141825, 0) (0.147094, 0) (-0.0986042, 0) (0.275942, 0) (-0.275975, 0) (0.0985711, 0) (-0.22766, 0) (0.208805, 0) (-0.208786, 0) (0.227669, 0) (-0.0925695, 0) (0.135576, 0) (-0.135562, 0) (0.0925804, 0) 
1 -0.156439 1 (0.231304, 0) (0.063733, 0) (0.0637045, 0) (0.231292, 0) (0.14427, 0) (-0.182762, 0) (-0.182766, 0) (0.14427, 0) (-0.123962, 0) (-0.0409549, 0) (-0.0409244, 0) (-0.123937, 0) (-0.215698, 0) (0.273235, 0) (0.273238, 0) (-0.215702, 0) (1.64674e-05, 0) (1.27401e-05, 0) (-1.36502e-05, 0) (-1.74599e-05, 0) (0.215701, 0) (-0.273241, 0) (-0.273232, 0) (0.215699, 0) (0.123937, 0) (0.0409232, 0) (0.0409578, 0) (0.123963, 0) (-0.144269, 0) (0.182768, 0) (0.18276, 0) (-0.144271, 0) (-0.231294, 0) (-0.0637024, 0) (-0.0637364, 0) (-0.231303, 0) 
0 -0.0956631 1 (0.0667837, 0) (-0.171979, 0) (0.171979, 0) (-0.0667909, 0) (0.225012, 0) (-0.227019, 0) (0.227013, 0) (-0.225024, 0) (0.146828, 0) (-0.240732, 0) (0.240745, 0) (-0.146812, 0) (0.13124, 0) (-0.130612, 0) (0.130605, 0) (-0.131235, 0) (-2.82643e-06, 0) (-5.01198e-06, 0) (-5.8691e-06, 0) (-2.34917e-06, 0) (-0.131237, 0) (0.13061, 0) (-0.130608, 0) (0.131239, 0) (-0.146815, 0) (0.240746, 0) (-0.240732, 0) (0.146826, 0) (-0.225026, 0) (0.227008, 0) (-0.227025, 0) (0.22501, 0) (-0.0667859, 0) (0.171984, 0) (-0.171974, 0) (0.0667885, 0) 
0 0.0318416 1 (-0.252662, 0) (-0.0970092, 0) (-0.0970399, 0) (-0.252669, 0) (-0.0917007, 0) (0.166858, 0) (0.166846, 0) (-0.0916936, 0) (0.169938, 0) (0.0587706, 0) (0.0587882, 0) (0.169959, 0) (0.158608, 0) (-0.288108, 0) (-0.288104, 0) (0.158606, 0) (1.42216e-05, 0) (5.41962e-06, 0) (-6.12714e-06, 0) (-1.46943e-05, 0) (-0.158604, 0) (0.288098, 0) (0.288114, 0) (-0.15861, 0) (-0.169957, 0) (-0.0587946, 0) (-0.0587628, 0) (-0.16994, 0) (0.091698, 0) (-0.166847, 0) (-0.166857, 0) (0.0916957, 0) (0.252669, 0) (0.0970408, 0) (0.0970072, 0) (0.252662, 0) 
1 0.627065 1 (-0.0919029, 0) (0.213256, 0) (-0.213231, 0) (0.091912, 0) (-0.269232, 0) (0.192446, 0) (-0.192461, 0) (0.269205, 0) (-0.0302885, 0) (0.0918244, 0) (-0.0918334, 0) (0.0302899, 0) (0.158737, 0) (-0.113719, 0) (0.113725, 0) (-0.158702, 0) (0.0754392, 0) (-0.26923, 0) (0.269236, 0) (-0.0754358, 0) (0.158702, 0) (-0.113727, 0) (0.113718, 0) (-0.158741, 0) (-0.0302937, 0) (0.0918286, 0) (-0.0918275, 0) (0.0302843, 0) (-0.269202, 0) (0.192465, 0) (-0.192441, 0) (0.269236, 0) (-0.0919124, 0) (0.213229, 0) (-0.213259, 0) (0.0919024, 0) 
0 1.01833 1 (0.0941432, 0) (-0.210875, 0) (0.210889, 0) (-0.0941475, 0) (0.246792, 0) (-0.203615, 0) (0.203609, 0) (-0.246815, 0) (0.038321, 0) (-0.0752783, 0) (0.075278, 0) (-0.0383084, 0) (-0.157175, 0) (0.130433, 0) (-0.130443, 0) (0.157201, 0) (-0.149311, 0) (0.261888, 0) (-0.261882, 0) (0.149312, 0) (-0.157203, 0) (0.130442, 0) (-0.130434, 0) (0.157171, 0) (0.0383058, 0) (-0.0752816, 0) (0.0752756, 0) (-0.0383244, 0) (0.24682, 0) (-0.203606, 0) (0.203619, 0) (-0.246787, 0) (0.0941477, 0) (-0.210892, 0) (0.210871, 0) (-0.094143, 0) 
1 1.41931 1 (0.0331707, 0) (-0.215722, 0) (0.215725, 0) (-0.0331694, 0) (0.226192, 0) (-0.0715778, 0) (0.0715949, 0) (-0.226192, 0) (0.00311663, 0) (0.123242, 0) (-0.123261, 0) (-0.00313678, 0) (-0.348428, 0) (0.09731, 0) (-0.0973157, 0) (0.34844, 0) (1.52389e-05, 0) (1.21053e-05, 0) (1.10764e-05, 0) (1.62609e-05, 0) (0.348421, 0) (-0.097322, 0) (0.0973024, 0) (-0.348445, 0) (-0.00313624, 0) (-0.123255, 0) (0.123249, 0) (0.00311638, 0) (-0.226179, 0) (0.0716006, 0) (-0.0715701, 0) (0.226203, 0) (-0.0331725, 0) (0.215711, 0) (-0.215733, 0) (0.0331669, 0) 
1 1.96009 1 (-0.076861, 0) (-0.210176, 0) (-0.210184, 0) (-0.0768584, 0) (0.201309, 0) (0.0815373, 0) (0.0815174, 0) (0.201323, 0) (0.0688365, 0) (0.136118, 0) (0.136101, 0) (0.0688501, 0) (-0.328982, 0) (-0.145774, 0) (-0.145763, 0) (-0.328979, 0) (1.19943e-05, 0) (-1.50422e-05, 0) (1.45755e-05, 0) (-1.2948e-05, 0) (0.328998, 0) (0.145761, 0) (0.145777, 0) (0.328963, 0) (-0.0688538, 0) (-0.136105, 0) (-0.136113, 0) (-0.0688321, 0) (-0.201338, 0) (-0.0815129, 0) (-0.0815431, 0) (-0.201296, 0) (0.0768585, 0) (0.210197, 0) (0.210164, 0) (0.0768613, 0) 
0 2.35991 0 (0.076861, 0) (-0.210176, 0) (0.210184, 0) (-0.0768584, 0) (0.201309, 0) (-0.0815373, 0) (0.0815174, 0) (-0.201323, 0) (-0.0688365, 0) (0.136118, 0) (-0.136101, 0) (0.0688501, 0) (-0.328982, 0) (0.145774, 0) (-0.145763, 0) (0.328979, 0) (-1.19943e-05, 0) (-1.50422e-05, 0) (-1.45755e-05, 0) (-1.2948e-05, 0) (0.328998, 0) (-0.145761, 0) (0.145777, 0) (-0.328963, 0) (0.0688538, 0) (-0.136105, 0) (0.136113, 0) (-0.0688321, 0) (-0.201338, 0) (0.0815129, 0) (-0.0815431, 0) (0.201296, 0) (-0.0768585, 0) (0.210197, 0) (-0.210164, 0) (0.0768613, 0) 
0 2.90069 0 (0.0331707, 0) (0.215722, 0) (0.215725, 0) (0.0331694, 0) (-0.226192, 0) (-0.0715778, 0) (-0.0715949, 0) (-0.226192, 0) (0.00311663, 0) (-0.123242, 0) (-0.123261, 0) (0.00313678, 0) (0.348428, 0) (0.09731, 0) (0.0973157, 0) (0.34844, 0) (1.52389e-05, 0) (-1.21053e-05, 0) (1.10764e-05, 0) (-1.62609e-05, 0) (-0.348421, 0) (-0.097322, 0) (-0.0973024, 0) (-0.348445, 0) (-0.00313624, 0) (0.123255, 0) (0.123249, 0) (-0.00311638, 0) (0.226179, 0) (0.0716006, 0) (0.0715701, 0) (0.226203, 0) (-0.0331725, 0) (-0.215711, 0) (-0.215733, 0) (-0.0331669, 0) 
1 3.30167 0 (-0.0941432, 0) (-0.210875, 0) (-0.210889, 0) (-0.0941475, 0) (0.246792, 0) (0.203615, 0) (0.203609, 0) (0.246815, 0) (-0.038321, 0) (-0.0752783, 0) (-0.075278, 0) (-0.0383084, 0) (-0.157175, 0) (-0.130433, 0) (-0.130443, 0) (-0.157201, 0) (0.149311, 0) (0.261888, 0) (0.261882, 0) (0.149312, 0) (-0.157203, 0) (-0.130442, 0) (-0.130434, 0) (-0.157171, 0) (-0.0383058, 0) (-0.0752816, 0) (-0.0752756, 0) (-0.0383244, 0) (0.24682, 0) (0.203606, 0) (0.203619, 0) (0.246787, 0) (-0.0941477, 0) (-0.210892, 0) (-0.210871, 0) (-0.094143, 0) 
0 3.69294 0 (0.0919029, 0) (0.213256, 0) (0.213231, 0) (0.091912, 0) (-0.269232, 0) (-0.192446, 0) (-0.192461, 0) (-0.269205, 0) (0.0302885, 0) (0.0918244, 0) (0.0918334, 0) (0.0302899, 0) (0.158737, 0) (0.113719, 0) (0.113725, 0) (0.158702, 0) (-0.0754392, 0) (-0.26923, 0) (-0.269236, 0) (-0.0754358, 0) (0.158702, 0) (0.113727, 0) (0.113718, 0) (0.158741, 0) (0.0302937, 0) (0.0918286, 0) (0.0918275, 0) (0.0302843, 0) (-0.269202, 0) (-0.192465, 0) (-0.192441, 0) (-0.269236, 0) (0.0919124, 0) (0.213229, 0) (0.213259, 0) (0.0919024, 0) 
1 4.28816 0 (0.252662, 0) (-0.0970092, 0) (0.0970399, 0) (-0.252669, 0) (-0.0917007, 0) (-0.166858, 0) (0.166846, 0) (0.0916936, 0) (-0.169938, 0) (0.0587706, 0) (-0.0587882, 0) (0.169959, 0) (0.158608, 0) (0.288108, 0) (-0.288104, 0) (-0.158606, 0) (-1.42216e-05, 0) (5.41962e-06, 0) (6.12714e-06, 0) (-1.46943e-05, 0) (-0.158604, 0) (-0.288098, 0) (0.288114, 0) (0.15861, 0) (0.169957, 0) (-0.0587946, 0) (0.0587628, 0) (-0.16994, 0) (0.091698, 0) (0.166847, 0) (-0.166857, 0) (-0.0916957, 0) (-0.252669, 0) (0.0970408, 0) (-0.0970072, 0) (0.252662, 0) 
1 4.41566 0 (0.0667837, 0) (0.171979, 0) (0.171979, 0) (0.0667909, 0) (-0.225012, 0) (-0.227019, 0) (-0.227013, 0) (-0.225024, 0) (0.146828, 0) (0.240732, 0) (0.240745, 0) (0.146812, 0) (-0.13124, 0) (-0.130612, 0) (-0.130605, 0) (-0.131235, 0) (-2.82643e-06, 0) (5.01198e-06, 0) (-5.8691e-06, 0) (2.34917e-06, 0) (0.131237, 0) (0.13061, 0) (0.130608, 0) (0.131239, 0) (-0.146815, 0) (-0.240746, 0) (-0.240732, 0) (-0.146826, 0) (0.225026, 0) (0.227008, 0) (0.227025, 0) (0.22501, 0) (-0.0667859, 0) (-0.171984, 0) (-0.171974, 0) (-0.0667885, 0) 
0 4.47644 0 (0.231304, 0) (-0.063733, 0) (0.0637045, 0) (-0.231292, 0) (-0.14427, 0) (-0.182762, 0) (0.182766, 0) (0.14427, 0) (-0.123962, 0) (0.0409549, 0) (-0.0409244, 0) (0.123937, 0) (0.215698, 0) (0.273235, 0) (-0.273238, 0) (-0.215702, 0) (1.64674e-05, 0) (-1.27401e-05, 0) (-1.36502e-05, 0) (1.74599e-05, 0) (-0.215701, 0) (-0.273241, 0) (0.273232, 0) (0.215699, 0) (0.123937, 0) (-0.0409232, 0) (0.0409578, 0) (-0.123963, 0) (0.144269, 0) (0.182768, 0) (-0.18276, 0) (-0.144271, 0) (-0.231294, 0) (0.0637024, 0) (-0.0637364, 0) (0.231303, 0) 
0 4.73453 0 (0.0925815, 0) (0.13556, 0) (0.135579, 0) (0.0925675, 0) (-0.227665, 0) (-0.208789, 0) (-0.208803, 0) (-0.227663, 0) (0.0985729, 0) (0.275973, 0) (0.275943, 0) (0.0986041, 0) (-0.147096, 0) (-0.141826, 0) (-0.141826, 0) (-0.147096, 0) (1.32802e-05, 0) (-1.39316e-05, 0) (1.54262e-05, 0) (-1.34078e-05, 0) (0.147097, 0) (0.141826, 0) (0.141825, 0) (0.147094, 0) (-0.0986042, 0) (-0.275942, 0) (-0.275975, 0) (-0.0985711, 0) (0.22766, 0) (0.208805, 0) (0.208786, 0) (0.227669, 0) (-0.0925695, 0) (-0.135576, 0) (-0.135562, 0) (-0.0925804, 0) 
1 4.85634 0 (0.236345, 0) (-0.218495, 0) (-0.22031, 0) (0.238308, 0) (-0.00776391, 0) (0.00289293, 0) (0.00289934, 0) (-0.00784526, 0) (-0.227708, 0) (0.212758, 0) (0.214572, 0) (-0.22958, 0) (0.0113265, 0) (0.00378264, 0) (0.00377092, 0) (0.0113809, 0) (0.213187, 0) (-0.220335, 0) (-0.22215, 0) (0.214991, 0) (0.011309, 0) (0.00376223, 0) (0.0037916, 0) (0.0113982, 0) (-0.227685, -0) (0.212757, 0) (0.214572, 0) (-0.229603, 0) (-0.00775669, 0) (0.00290079, 0) (0.00289103, 0) (-0.00785276, 0) (0.236314, 0) (-0.218495, -0) (-0.220309, 0) (0.238339, 0) 
1 4.85641 0 (-0.240376, 0) (0.218386, 0) (-0.216573, 0) (0.238388, 0) (0.0117376, 0) (0.00125289, 0) (-0.00126798, 0) (-0.0116649, 0) (0.227317, 0) (-0.218347, 0) (0.216564, 0) (-0.225411, 0) (-0.00934472, 0) (-0.00172602, 0) (0.00169495, 0) (0.00925291, 0) (-0.215337, 0) (0.218389, 0) (-0.216544, 0) (0.213549, 0) (-0.00934623, 0) (-0.0017244, 0) (0.00169763, 0) (0.00925199, 0) (0.227319, 0) (-0.218352, 0) (0.21656, 0) (-0.22541, 0) (0.0117307, 0) (0.00124375, 0) (-0.00127766, 0) (-0.0116722, 0) (-0.240369, 0) (0.218409, 0) (-0.21655, 0) (0.238397, 0) 
0 4.87028 0 (0.215863, 0) (-0.231781, 0) (0.226787, 0) (-0.211422, 0) (0.00617605, 0) (-0.00551745, 0) (0.00559017, 0) (-0.00583858, 0) (-0.221359, 0) (0.231825, 0) (-0.226978, 0) (0.216619, 0) (-0.00502901, 0) (0.00349831, 0) (-0.00349337, 0) (0.00484176, 0) (0.224982, 0) (-0.231816, 0) (0.226959, 0) (-0.220107, 0) (-0.00503364, 0) (0.00348696, 0) (-0.00350381, 0) (0.00483786, 0) (-0.221356, 0) (0.231847, 0) (-0.226956, 0) (0.216622, 0) (0.00614434, 0) (-0.00554157, 0) (0.00556549, 0) (-0.00587091, 0) (0.215887, 0) (-0.231754, 0) (0.226814, 0) (-0.211397, 0) 
0 4.87059 0 (0.206134, 0) (-0.229729, 0) (-0.234639, 0) (0.210747, 0) (0.014269, 0) (0.00237557, 0) (0.00223869, 0) (0.014373, 0) (-0.218834, 0) (0.225064, 0) (0.229977, 0) (-0.223541, 0) (-0.00899377, 0) (-0.000430618, 0) (-0.000329784, 0) (-0.00906541, 0) (0.225315, 0) (-0.224305, 0) (-0.229218, 0) (0.230073, 0) (-0.0089627, 0) (-0.000406958, 0) (-0.00035278, 0) (-0.00909593, 0) (-0.218856, 0) (0.225064, 0) (0.229977, 0) (-0.223519, 0) (0.0142511, 0) (0.00236393, 0) (0.00225199, 0) (0.0143931, 0) (0.206171, 0) (-0.22973, 0) (-0.234641, 0) (0.210709, 0) 
1 5.1087 0 (0.205212, 0) (0.0209077, 0) (-0.0209011, 0) (-0.205245, 0) (-0.236543, 0) (-0.230059, 0) (0.230083, 0) (0.236586, 0) (0.0800617, 0) (-0.00375443, 0) (0.00368681, 0) (-0.0800611, 0) (0.156757, 0) (0.154249, 0) (-0.154196, 0) (-0.15673, 0) (-0.295669, 0) (-0.0117051, 0) (0.0116631, 0) (0.295627, 0) (0.156773, 0) (0.154241, 0) (-0.154205, 0) (-0.156713, 0) (0.0800438, 0) (-0.00373943, 0) (0.00370182, 0) (-0.0800787, 0) (-0.23656, 0) (-0.23005, 0) (0.230092, 0) (0.236569, 0) (0.205226, 0) (0.0208907, 0) (-0.0209176, 0) (-0.205232, 0) 
1 5.12225 0 (0.0435673, 0) (0.0876531, 0) (0.0876525, 0) (0.04352, 0) (-0.133652, 0) (-0.148174, 0) (-0.148119, 0) (-0.133605, 0) (0.118289, 0) (0.220446, 0) (0.22045, 0) (0.118268, 0) (-0.210818, 0) (-0.220845, 0) (-0.220876, 0) (-0.210851, 0) (0.172733, 0) (0.244442, 0) (0.244442, 0) (0.172794, 0) (-0.21082, 0) (-0.220844, 0) (-0.220877, 0) (-0.210848, 0) (0.118286, 0) (0.220449, 0) (0.220446, 0) (0.118271, 0) (-0.133655, 0) (-0.148165, 0) (-0.148127, 0) (-0.133601, 0) (0.0435598, 0) (0.0876597, 0) (0.0876457, 0) (0.0435268, 0) 
0 5.31032 0 (0.204516, 0) (0.0288619, 0) (-0.0288658, 0) (-0.204508, 0) (-0.275939, 0) (-0.235412, 0) (0.235411, 0) (0.275918, 0) (0.0860155, 0) (0.0145104, 0) (-0.0144914, 0) (-0.0860248, 0) (0.156882, 0) (0.13305, 0) (-0.133061, 0) (-0.156872, 0) (-0.224615, 0) (-0.0356567, 0) (0.0356597, 0) (0.224622, 0) (0.156867, 0) (0.133056, 0) (-0.133055, 0) (-0.156888, 0) (0.0860238, 0) (0.0144997, 0) (-0.014502, 0) (-0.0860165, 0) (-0.275919, 0) (-0.235415, 0) (0.235408, 0) (0.275939, 0) (0.204516, 0) (0.028862, 0) (-0.0288662, 0) (-0.204508, 0) 
1 5.41935 0 (0.299446, 0) (-0.257254, 0) (-0.257259, 0) (0.299418, 0) (-0.0918535, 0) (0.0358738, 0) (0.0358868, 0) (-0.0918382, 0) (-0.178101, 0) (0.178688, 0) (0.178688, 0) (-0.178101, 0) (0.119498, 0) (-0.0806702, 0) (-0.0806776, 0) (0.119489, 0) (-8.83636e-06, 0) (-5.96204e-07, 0) (5.05461e-07, 0) (8.5994e-06, 0) (-0.119487, 0) (0.0806797, 0) (0.0806684, 0) (-0.119499, 0) (0.178099, 0) (-0.17869, 0) (-0.178687, 0) (0.178103, 0) (0.0918387, 0) (-0.0358868, 0) (-0.0358734, 0) (0.0918532, 0) (-0.299415, 0) (0.257261, 0) (0.257252, 0) (-0.29945, 0) 
0 5.47756 0 (-0.049431, 0) (-0.0711466, 0) (-0.0711456, 0) (-0.0494418, 0) (0.133926, 0) (0.13, 0) (0.130016, 0) (0.133935, 0) (-0.0998734, 0) (-0.220872, 0) (-0.22087, 0) (-0.0998839, 0) (0.214522, 0) (0.232376, 0) (0.232376, 0) (0.214521, 0) (-0.102938, 0) (-0.295224, 0) (-0.295225, 0) (-0.102933, 0) (0.214523, 0) (0.23238, 0) (0.232372, 0) (0.21452, 0) (-0.0998807, 0) (-0.22087, 0) (-0.220874, 0) (-0.0998755, 0) (0.133928, 0) (0.130011, 0) (0.130005, 0) (0.133935, 0) (-0.04944, 0) (-0.071142, 0) (-0.0711487, 0) (-0.0494351, 0) 
0 5.63487 0 (0.274215, 0) (-0.279882, 0) (-0.279871, 0) (0.274227, 0) (-0.0843604, 0) (0.0590398, 0) (0.0590388, 0) (-0.0843665, 0) (-0.175253, 0) (0.143829, 0) (0.143822, 0) (-0.175251, 0) (0.174607, 0) (-0.0631047, 0) (-0.0631024, 0) (0.17461, 0) (5.64562e-06, 0) (-2.29389e-06, 0) (3.52813e-06, 0) (-5.50762e-06, 0) (-0.174612, 0) (0.063102, 0) (0.0631034, 0) (-0.174606, 0) (0.175253, 0) (-0.143821, 0) (-0.143829, 0) (0.175252, 0) (0.0843669, 0) (-0.0590399, 0) (-0.0590395, 0) (0.0843587, 0) (-0.274231, 0) (0.27987, 0) (0.279884, 0) (-0.27421, 0) 
1 6.07532 0 (0.144979, 0) (0.0567433, 0) (-0.0567496, 0) (-0.144973, 0) (-0.260989, 0) (-0.232727, 0) (0.232726, 0) (0.260997, 0) (0.263212, 0) (0.0439512, 0) (-0.0439544, 0) (-0.26321, 0) (-0.151844, 0) (-0.0959887, 0) (0.0959904, 0) (0.151846, 0) (-1.59661e-07, 0) (-7.04976e-07, 0) (-6.44692e-07, 0) (-1.12616e-07, 0) (0.151845, 0) (0.0959899, 0) (-0.0959893, 0) (-0.151845, 0) (-0.263209, 0) (-0.0439541, 0) (0.0439514, 0) (0.263214, 0) (0.260999, 0) (0.232725, 0) (-0.232729, 0) (-0.260987, 0) (-0.144971, 0) (-0.0567508, 0) (0.056742, 0) (0.144981, 0) 
1 6.20374 0 (0.204532, 0) (-0.229182, 0) (0.22919, 0) (-0.204528, 0) (-0.0686901, 0) (0.160777, 0) (-0.160775, 0) (0.0686917, 0) (-0.0938318, 0) (0.151969, 0) (-0.151975, 0) (0.0938316, 0) (0.0526856, 0) (-0.300663, 0) (0.300664, 0) (-0.0526852, 0) (-1.06647e-06, 0) (7.63013e-07, 0) (8.21579e-07, 0) (-9.8797e-07, 0) (-0.0526848, 0) (0.300663, 0) (-0.300664, 0) (0.0526858, 0) (0.093831, 0) (-0.151975, 0) (0.151969, 0) (-0.0938325, 0) (0.0686919, 0) (-0.160774, 0) (0.160778, 0) (-0.0686899, 0) (-0.204527, 0) (0.229192, 0) (-0.22918, 0) (0.204534, 0) 
0 6.31133 0 (-0.226414, 0) (0.116289, 0) (-0.116295, 0) (0.226426, 0) (0.241184, 0) (0.0588125, 0) (-0.0588072, 0) (-0.241182, 0) (-0.116943, 0) (-0.148935, 0) (0.148923, 0) (0.116947, 0) (0.0932443, 0) (0.281129, 0) (-0.281126, 0) (-0.0932374, 0) (-4.82359e-06, 0) (1.75784e-06, 0) (1.9313e-06, 0) (-4.63094e-06, 0) (-0.0932383, 0) (-0.281126, 0) (0.281128, 0) (0.0932429, 0) (0.116948, 0) (0.148922, 0) (-0.148936, 0) (-0.116942, 0) (-0.24118, 0) (-0.0588074, 0) (0.0588122, 0) (0.241186, 0) (0.226427, 0) (-0.116294, 0) (0.116291, 0) (-0.226412, 0) 
0 6.3574 0 (-0.0643023, 0) (0.222421, 0) (-0.222412, 0) (0.0643053, 0) (-0.1198, 0) (-0.260055, 0) (0.260057, 0) (0.119791, 0) (0.236897, 0) (-0.073661, 0) (0.0736601, 0) (-0.236897, 0) (-0.186343, 0) (0.134706, 0) (-0.13471, 0) (0.186344, 0) (-3.35565e-06, 0) (4.7554e-06, 0) (4.77495e-06, 0) (-3.59743e-06, 0) (0.186344, 0) (-0.13471, 0) (0.134706, 0) (-0.186343, 0) (-0.236897, 0) (0.0736594, 0) (-0.0736619, 0) (0.236896, 0) (0.119789, 0) (0.260058, 0) (-0.260053, 0) (-0.119801, 0) (0.0643053, 0) (-0.222409, 0) (0.222424, 0) (-0.0643024, 0) 
1 6.63548 0 (-0.234838, 0) (0.191299, 0) (0.191303, 0) (-0.234839, 0) (0.18826, 0) (-0.100677, 0) (-0.100667, 0) (0.188276, 0) (-0.0986633, 0) (0.0744918, 0) (0.0744869, 0) (-0.0986738, 0) (-0.10401, 0) (0.0728662, 0) (0.0728768, 0) (-0.104, 0) (0.300536, 0) (-0.268717, 0) (-0.268719, 0) (0.300523, 0) (-0.104012, 0) (0.0728665, 0) (0.0728765, 0) (-0.103997, 0) (-0.098663, 0) (0.0744905, 0) (0.0744883, 0) (-0.0986743, 0) (0.188268, 0) (-0.100672, 0) (-0.100672, 0) (0.188268, 0) (-0.234832, 0) (0.191305, 0) (0.191297, 0) (-0.234845, 0) 
1 6.6875 0 (0.0891613, 0) (0.027796, 0) (-0.0278082, 0) (-0.0891468, 0) (-0.173622, 0) (-0.138447, 0) (0.138452, 0) (0.173617, 0) (0.221753, 0) (0.0634919, 0) (-0.0635002, 0) (-0.221745, 0) (-0.250928, 0) (-0.192328, 0) (0.192326, 0) (0.250936, 0) (0.270109, 0) (0.0681824, 0) (-0.0681704, 0) (-0.270124, 0) (-0.25093, 0) (-0.192328, 0) (0.192326, 0) (0.250934, 0) (0.221749, 0) (0.0634956, 0) (-0.0634963, 0) (-0.221749, 0) (-0.173628, 0) (-0.138446, 0) (0.138454, 0) (0.173611, 0) (0.0891577, 0) (0.0277989, 0) (-0.0278052, 0) (-0.0891504, 0) 
0 6.78183 0 (-0.234501, 0) (0.212353, 0) (0.212342, 0) (-0.234497, 0) (0.198753, 0) (-0.108555, 0) (-0.108559, 0) (0.19874, 0) (-0.0830842, 0) (0.0839244, 0) (0.0839324, 0) (-0.0830837, 0) (-0.136412, 0) (0.0513561, 0) (0.0513432, 0) (-0.136411, 0) (0.277945, 0) (-0.222779, 0) (-0.222778, 0) (0.277948, 0) (-0.136408, 0) (0.0513471, 0) (0.0513524, 0) (-0.136416, 0) (-0.0830861, 0) (0.0839315, 0) (0.0839251, 0) (-0.0830813, 0) (0.198741, 0) (-0.10856, 0) (-0.108554, 0) (0.198752, 0) (-0.2345, 0) (0.212341, 0) (0.212354, 0) (-0.234497, 0) 
0 7.0996 0 (-0.0751368, 0) (-0.0180639, 0) (0.0180567, 0) (0.0751441, 0) (0.15863, 0) (0.106445, 0) (-0.106441, 0) (-0.158631, 0) (-0.197005, 0) (-0.0720912, 0) (0.0720823, 0) (0.197013, 0) (0.283464, 0) (0.219548, 0) (-0.219546, 0) (-0.283461, 0) (-0.241276, 0) (-0.108316, 0) (0.108317, 0) (0.241273, 0) (0.283463, 0) (0.219547, 0) (-0.219548, 0) (-0.283463, 0) (-0.197012, 0) (-0.0720839, 0) (0.0720899, 0) (0.197006, 0) (0.158627, 0) (0.106444, 0) (-0.106443, 0) (-0.158634, 0) (-0.0751418, 0) (-0.0180592, 0) (0.0180618, 0) (0.0751392, 0) 
1 7.65523 0 (0.152497, 0) (-0.202669, 0) (0.202661, 0) (-0.152478, 0) (-0.101403, 0) (0.279504, 0) (-0.279489, 0) (0.101384, 0) (0.065435, 0) (-0.0818317, 0) (0.0818079, 0) (-0.0654055, 0) (0.0532405, 0) (-0.175096, 0) (0.175103, 0) (-0.053254, 0) (-0.188878, 0) (0.264457, 0) (-0.264456, 0) (0.188878, 0) (0.0532537, 0) (-0.175103, 0) (0.175097, 0) (-0.0532407, 0) (0.065406, 0) (-0.0818082, 0) (0.0818313, 0) (-0.0654345, 0) (-0.101385, 0) (0.279487, 0) (-0.279505, 0) (0.101402, 0) (0.152478, 0) (-0.202662, 0) (0.202667, 0) (-0.152498, 0) 
1 7.67909 0 (0.17081, 0) (-0.135334, 0) (-0.135356, 0) (0.170824, 0) (-0.206763, 0) (0.118857, 0) (0.118881, 0) (-0.20678, 0) (0.275386, 0) (-0.224431, 0) (-0.224439, 0) (0.275391, 0) (-0.118326, 0) (0.0735495, 0) (0.0735303, 0) (-0.118322, 0) (9.56027e-06, 0) (-1.40867e-05, 0) (1.42032e-05, 0) (-9.67407e-06, 0) (0.118322, 0) (-0.0735302, 0) (-0.0735497, 0) (0.118327, 0) (-0.275391, 0) (0.22444, 0) (0.22443, 0) (-0.275387, 0) (0.206781, 0) (-0.118881, 0) (-0.118858, 0) (0.206762, 0) (-0.170823, 0) (0.135357, 0) (0.135333, 0) (-0.170811, 0) 
0 7.73123 0 (0.152509, 0) (-0.218199, 0) (0.218202, 0) (-0.152521, 0) (-0.102792, 0) (0.276718, 0) (-0.276729, 0) (0.102805, 0) (0.0478862, 0) (-0.0808854, 0) (0.0809017, 0) (-0.0479067, 0) (0.0825381, 0) (-0.160959, 0) (0.160954, 0) (-0.0825256, 0) (-0.194813, 0) (0.250805, 0) (-0.250808, 0) (0.194813, 0) (0.0825253, 0) (-0.160954, 0) (0.160959, 0) (-0.0825386, 0) (0.0479066, 0) (-0.0809016, 0) (0.0808854, 0) (-0.0478864, 0) (-0.102804, 0) (0.27673, 0) (-0.276717, 0) (0.102793, 0) (0.152521, 0) (-0.2182, 0) (0.218202, 0) (-0.152509, 0) 
0 7.86936 0 (0.163604, 0) (-0.137138, 0) (-0.137121, 0) (0.163595, 0) (-0.215576, 0) (0.11318, 0) (0.113167, 0) (-0.215561, 0) (0.267694, 0) (-0.217332, 0) (-0.217328, 0) (0.267691, 0) (-0.146177, 0) (0.0699453, 0) (0.0699606, 0) (-0.146179, 0) (-5.79712e-06, 0) (1.02262e-05, 0) (-1.04763e-05, 0) (6.06227e-06, 0) (0.146179, 0) (-0.0699611, 0) (-0.0699445, 0) (0.146176, 0) (-0.267691, 0) (0.217328, 0) (0.217332, 0) (-0.267693, 0) (0.215559, 0) (-0.113168, 0) (-0.113179, 0) (0.215578, 0) (-0.163595, 0) (0.13712, 0) (0.137139, 0) (-0.163603, 0) 
1 8.36532 0 (-0.090318, 0) (0.0705009, 0) (0.0705005, 0) (-0.090316, 0) (0.133342, 0) (-0.0785002, 0) (-0.0784953, 0) (0.133344, 0) (-0.231324, 0) (0.187039, 0) (0.187037, 0) (-0.231322, 0) (0.200009, 0) (-0.127568, 0) (-0.127565, 0) (0.200011, 0) (-0.285016, 0) (0.234702, 0) (0.234701, 0) (-0.285016, 0) (0.20001, 0) (-0.127565, 0) (-0.127568, 0) (0.20001, 0) (-0.231321, 0) (0.187038, 0) (0.187038, 0) (-0.231325, 0) (0.133345, 0) (-0.0784947, 0) (-0.0785008, 0) (0.133341, 0) (-0.0903154, 0) (0.0705006, 0) (0.0705006, 0) (-0.0903185, 0) 
0 8.62227 0 (0.0831717, 0) (-0.0670739, 0) (-0.0670793, 0) (0.0831766, 0) (-0.135429, 0) (0.0709067, 0) (0.0709199, 0) (-0.135429, 0) (0.225543, 0) (-0.174794, 0) (-0.174803, 0) (0.22555, 0) (-0.240572, 0) (0.114874, 0) (0.114881, 0) (-0.240572, 0) (0.282093, 0) (-0.214137, 0) (-0.214138, 0) (0.282092, 0) (-0.240573, 0) (0.114882, 0) (0.114874, 0) (-0.240572, 0) (0.225551, 0) (-0.174803, 0) (-0.174795, 0) (0.225542, 0) (-0.135428, 0) (0.0709202, 0) (0.0709066, 0) (-0.13543, 0) (0.0831769, 0) (-0.0670789, 0) (-0.0670745, 0) (0.0831715, 0) 
1 8.80026 0 (-0.108063, 0) (0.150959, 0) (-0.150963, 0) (0.108063, 0) (0.110341, 0) (-0.277734, 0) (0.277732, 0) (-0.110345, 0) (-0.175872, 0) (0.249509, 0) (-0.249513, 0) (0.175873, 0) (0.0641238, 0) (-0.170067, 0) (0.170068, 0) (-0.0641259, 0) (1.14463e-06, 0) (-8.32145e-07, 0) (-8.92615e-07, 0) (1.20817e-06, 0) (-0.0641257, 0) (0.170068, 0) (-0.170067, 0) (0.0641239, 0) (0.175873, 0) (-0.249513, 0) (0.249509, 0) (-0.175872, 0) (-0.110345, 0) (0.277731, 0) (-0.277736, 0) (0.11034, 0) (0.108063, 0) (-0.150964, 0) (0.150958, 0) (-0.108063, 0) 
0 8.90101 0 (-0.109062, 0) (0.15715, 0) (-0.157144, 0) (0.109059, 0) (0.119648, 0) (-0.268159, 0) (0.268159, 0) (-0.119639, 0) (-0.176031, 0) (0.248875, 0) (-0.248867, 0) (0.176024, 0) (0.0795334, 0) (-0.167153, 0) (0.167149, 0) (-0.0795247, 0) (-4.69609e-06, 0) (3.42136e-06, 0) (3.38637e-06, 0) (-4.71808e-06, 0) (-0.0795248, 0) (0.16715, 0) (-0.167153, 0) (0.0795334, 0) (0.176024, 0) (-0.248866, 0) (0.248876, 0) (-0.176031, 0) (-0.119638, 0) (0.26816, 0) (-0.268158, 0) (0.119649, 0) (0.109059, 0) (-0.157143, 0) (0.157152, 0) (-0.109062, 0) 
1 9.54932 0 (0.0558951, 0) (-0.0798599, 0) (0.0798617, 0) (-0.055895, 0) (-0.0708035, 0) (0.170354, 0) (-0.170353, 0) (0.0708054, 0) (0.145943, 0) (-0.213037, 0) (0.213039, 0) (-0.145943, 0) (-0.108474, 0) (0.275314, 0) (-0.275314, 0) (0.108475, 0) (0.18166, 0) (-0.267264, 0) (0.267263, 0) (-0.18166, 0) (-0.108475, 0) (0.275313, 0) (-0.275314, 0) (0.108474, 0) (0.145943, 0) (-0.21304, 0) (0.213037, 0) (-0.145944, 0) (-0.0708058, 0) (0.170352, 0) (-0.170355, 0) (0.0708031, 0) (0.0558948, 0) (-0.0798621, 0) (0.0798595, 0) (-0.0558954, 0) 
0 9.65765 0 (0.0568269, 0) (-0.0824223, 0) (0.08242, 0) (-0.0568266, 0) (-0.0777289, 0) (0.164116, 0) (-0.164117, 0) (0.0777261, 0) (0.150166, 0) (-0.21206, 0) (0.212057, 0) (-0.150165, 0) (-0.134515, 0) (0.266054, 0) (-0.266054, 0) (0.134513, 0) (0.185259, 0) (-0.258627, 0) (0.258628, 0) (-0.185259, 0) (-0.134513, 0) (0.266055, 0) (-0.266054, 0) (0.134514, 0) (0.150166, 0) (-0.212057, 0) (0.21206, 0) (-0.150165, 0) (-0.0777257, 0) (0.164118, 0) (-0.164115, 0) (0.0777295, 0) (0.0568267, 0) (-0.0824195, 0) (0.0824229, 0) (-0.0568268, 0) 
