0 -5.30626 1 (-0.0520054, 0) (-0.0612942, 0) (-0.125654, 0) (-0.197938, 0) (-0.17593, 0) (-0.0793386, 0) (-0.265382, 0) (-0.266088, 0) (-0.204781, 0) (-0.268994, 0) (-0.28002, 0) (-0.212302, 0) (-0.190988, 0) (-0.232, 0) (-0.0963256, 0) (-0.0637306, 0) (-0.0836895, 0) (-0.157099, 0) (-0.262836, 0) (-0.184471, 0) (-0.135277, 0) (-0.124341, 0) (-0.279129, 0) (-0.217021, 0) (-0.154233, 0) (-0.13434, 0) (-0.150122, 0) (-0.0792483, 0) (-0.0565805, 0) (-0.0806948, 0) (-0.11841, 0) (-0.0548727, 0) (-0.042944, 0) (-0.0608443, 0) (-0.078624, 0) (-0.126429, 0) 
1 -5.30625 1 (0.0637314, -0) (0.0836875, -0) (0.157101, -0) (0.231999, 0) (0.190991, -0) (0.0963239, -0) (0.28002, -0) (0.268994, 0) (0.212301, -0) (0.266087, -0) (0.265378, 0) (0.204778, 0) (0.17593, -0) (0.197934, -0) (0.0793358, -0) (0.0520051, -0) (0.0612916, -0) (0.125653, -0) (0.279129, 0) (0.217024, -0) (0.154235, 0) (0.134345, -0) (0.262833, -0) (0.184472, 0) (0.135278, -0) (0.124346, 0) (0.118409, -0) (0.0548736, 0) (0.0429443, -0) (0.060846, 0) (0.150124, 0) (0.0792511, -0) (0.0565818, 0) (0.0806981, -0) (0.12643, -0) (0.0786229, 0) 
0 -4.4146 1 (0.132908, 0) (0.149681, 0) (0.251507, 0) (0.306922, 0) (0.288765, 0) (0.165837, 0) (0.237503, 0) (0.169937, 0) (0.223113, 0) (-0.109063, 0) (-0.18472, 0) (-0.180652, 0) (-0.265621, 0) (-0.306355, 0) (-0.177165, 0) (-0.144358, 0) (-0.18292, 0) (-0.277901, 0) (0.0952132, 0) (0.100521, 0) (0.0256713, 0) (-0.0628694, 0) (-0.0382023, 0) (-0.0770448, 0) (0.000728573, 0) (0.0955694, 0) (-0.144226, 0) (-0.0803862, 0) (-0.0388973, 0) (-0.0167243, 0) (0.127379, 0) (0.0628799, 0) (0.0367541, 0) (0.0240199, 0) (0.136588, 0) (-0.201037, 0) 
1 -4.41459 1 (-0.14436, 0) (-0.182914, 0) (-0.277901, 0) (-0.306354, 0) (-0.265628, 0) (-0.177162, 0) (-0.184719, 0) (-0.109065, 0) (-0.180654, 0) (0.169942, 0) (0.237503, 0) (0.223116, 0) (0.288773, 0) (0.306921, 0) (0.165834, 0) (0.13291, 0) (0.149677, 0) (0.251509, 0) (-0.0381964, 0) (-0.0770371, 0) (0.000737406, 0) (0.0955787, 0) (0.0952098, 0) (0.100517, 0) (0.0256662, 0) (-0.0628749, 0) (0.127376, 0) (0.0628791, 0) (0.0367523, 0) (0.0240179, 0) (-0.144221, 0) (-0.080384, 0) (-0.0388939, 0) (-0.0167194, 0) (-0.201034, 0) (0.136586, 0) 
1 -4.34232 1 (0.0271355, 0) (-0.00640564, 0) (-0.0417517, 0) (0.0527946, 0) (0.140677, 0) (0.0733632, 0) (0.0251617, 0) (0.187939, 0) (0.221823, 0) (-0.133279, 0) (0.0291394, 0) (-0.177245, 0) (-0.0976265, 0) (-0.0108372, 0) (-0.0445601, 0) (-0.0144882, 0) (0.0105549, 0) (0.0413141, 0) (-0.179617, 0) (-0.318827, 0) (-0.296664, 0) (-0.204684, 0) (0.213524, 0) (0.290675, 0) (0.272484, 0) (0.20273, 0) (0.224109, 0) (0.134505, 0) (0.123379, 0) (0.153908, 0) (-0.267085, 0) (-0.188873, 0) (-0.158111, 0) (-0.201638, 0) (-0.148982, 0) (0.0966157, 0) 
0 -4.3423 1 (-0.0144918, 0) (0.0105516, 0) (0.0413083, 0) (-0.0108451, 0) (-0.097634, 0) (-0.0445665, 0) (0.0291334, 0) (-0.133286, 0) (-0.177254, 0) (0.187941, 0) (0.0251639, 0) (0.221829, 0) (0.14068, 0) (0.0527998, 0) (0.0733688, 0) (0.0271381, 0) (-0.00640274, 0) (-0.0417469, 0) (0.213524, 0) (0.290674, 0) (0.272484, 0) (0.202725, 0) (-0.17962, 0) (-0.318824, 0) (-0.296664, 0) (-0.20468, 0) (-0.267083, 0) (-0.188868, 0) (-0.15811, 0) (-0.201633, 0) (0.224109, 0) (0.134503, 0) (0.123379, 0) (0.153905, 0) (0.0966146, 0) (-0.14898, 0) 
1 -3.61531 1 (0.125335, 0) (0.120693, 0) (0.117559, 0) (0.197553, 0) (0.187128, 0) (0.154825, 0) (0.106445, 0) (0.0453797, 0) (0.0601158, 0) (0.0919975, 0) (0.100196, 0) (0.114295, 0) (0.212351, 0) (0.187267, 0) (0.147289, 0) (0.118573, 0) (0.0990864, 0) (0.10658, 0) (-0.0130472, 0) (-0.225942, 0) (-0.225269, 0) (-0.054238, 0) (-0.0675849, 0) (-0.288092, 0) (-0.287199, 0) (-0.104695, 0) (-0.271449, 0) (-0.204302, 0) (-0.201344, 0) (-0.212152, 0) (-0.227645, 0) (-0.211439, 0) (-0.19142, 0) (-0.209798, 0) (-0.0610324, 0) (-0.0665347, 0) 
0 -3.6153 1 (0.118573, 0) (0.0990913, 0) (0.106581, 0) (0.187268, 0) (0.212348, 0) (0.147294, 0) (0.100192, 0) (0.0919919, 0) (0.114295, 0) (0.0453758, 0) (0.106439, 0) (0.0601173, 0) (0.187126, 0) (0.197554, 0) (0.154832, 0) (0.125336, 0) (0.120699, 0) (0.117559, 0) (-0.0675893, 0) (-0.288092, 0) (-0.287199, 0) (-0.10469, 0) (-0.0130543, 0) (-0.225946, 0) (-0.225273, 0) (-0.0542374, 0) (-0.227648, 0) (-0.211436, 0) (-0.191421, 0) (-0.209794, 0) (-0.27145, 0) (-0.204299, 0) (-0.201344, 0) (-0.212146, 0) (-0.0665357, 0) (-0.0610343, 0) 
0 -3.25061 1 (0.196272, 0) (0.24074, 0) (0.318217, 0) (0.148308, 0) (0.100592, 0) (0.140588, 0) (-0.106916, 0) (-0.205307, 0) (-0.0898534, 0) (-0.231073, 0) (-0.18711, 0) (-0.131226, 0) (0.0270315, 0) (0.0773018, 0) (0.109862, 0) (0.179838, 0) (0.261194, 0) (0.310508, 0) (-0.154437, 0) (0.0331897, 0) (0.0148284, 0) (-0.0572255, 0) (-0.225054, 0) (-0.0515277, 0) (-0.0625897, 0) (-0.0797679, 0) (0.188336, 0) (0.139483, 0) (0.0692806, 0) (0.0036145, 0) (0.207272, 0) (0.141299, 0) (0.100641, 0) (0.053266, 0) (0.224296, 0) (0.298953, 0) 
1 -3.2506 1 (-0.179841, 0) (-0.261185, 0) (-0.310513, 0) (-0.0773043, 0) (-0.027034, 0) (-0.10986, 0) (0.18711, 0) (0.231073, 0) (0.131223, 0) (0.205306, 0) (0.106914, 0) (0.0898505, 0) (-0.100597, 0) (-0.14831, 0) (-0.140585, 0) (-0.196277, 0) (-0.240732, 0) (-0.318221, 0) (0.225054, 0) (0.0515315, 0) (0.062595, 0) (0.0797734, 0) (0.154436, 0) (-0.0331869, 0) (-0.0148241, 0) (0.0572292, 0) (-0.207269, 0) (-0.1413, 0) (-0.100639, 0) (-0.0532645, 0) (-0.188336, 0) (-0.139486, 0) (-0.069279, 0) (-0.00361086, 0) (-0.298954, 0) (-0.224294, 0) 
1 -2.5335 1 (0.125099, 0) (-0.0174534, 0) (-0.153231, 0) (-0.0267073, 0) (0.26687, 0) (0.242331, 0) (-0.158519, 0) (-0.056628, 0) (0.265723, 0) (-0.12566, 0) (-0.222251, 0) (0.192946, 0) (0.181783, 0) (-0.0468087, 0) (0.165267, 0) (0.123316, 0) (0.0415547, 0) (-0.0455409, 0) (-0.1955, 0) (-0.0495476, 0) (0.28223, 0) (0.288792, 0) (-0.208024, 0) (-0.0764343, 0) (0.173255, 0) (0.248246, 0) (-0.100753, 0) (-0.0202272, 0) (0.062048, 0) (0.123705, 0) (-0.16906, 0) (-0.0231539, 0) (0.132447, 0) (0.261547, 0) (-0.229707, 0) (-0.070426, 0) 
0 -2.53349 1 (-0.12332, 0) (-0.0415614, 0) (0.0455373, 0) (0.0468126, 0) (-0.181779, 0) (-0.165277, 0) (0.222255, 0) (0.125661, 0) (-0.192943, 0) (0.0566189, 0) (0.158514, 0) (-0.265733, 0) (-0.266868, 0) (0.0267126, 0) (-0.24234, 0) (-0.125091, 0) (0.0174663, 0) (0.153242, 0) (0.208024, 0) (0.0764322, 0) (-0.173254, 0) (-0.248238, 0) (0.195495, 0) (0.0495374, 0) (-0.282234, 0) (-0.288777, 0) (0.169054, 0) (0.0231435, 0) (-0.132456, 0) (-0.261548, 0) (0.10075, 0) (0.0202244, 0) (-0.0620498, 0) (-0.123702, 0) (0.0704242, 0) (0.229713, 0) 
0 -2.33319 1 (-0.212514, 0) (-0.275944, 0) (-0.283449, 0) (-0.078077, 0) (0.0978272, 0) (-0.0647285, 0) (0.0479551, 0) (0.230575, 0) (0.303137, 0) (-0.242324, 0) (-0.105101, 0) (-0.234396, 0) (-0.0699393, 0) (0.0209452, 0) (0.0924865, 0) (0.212666, 0) (0.274041, 0) (0.208683, 0) (-0.0739572, 0) (0.0735351, 0) (0.107723, 0) (-0.074767, 0) (0.0443018, 0) (-0.0531367, 0) (-0.00304604, 0) (0.190983, 0) (-0.125609, 0) (-0.224743, 0) (-0.213114, 0) (-0.143025, 0) (0.0911619, 0) (0.166879, 0) (0.215791, 0) (0.176977, 0) (-0.0959971, 0) (0.0625156, 0) 
1 -2.33318 1 (-0.212665, 0) (-0.274029, 0) (-0.208691, 0) (-0.0209534, 0) (0.0699451, 0) (-0.0924773, 0) (0.105089, 0) (0.242323, 0) (0.2344, 0) (-0.230575, 0) (-0.0479518, 0) (-0.303124, 0) (-0.0978192, 0) (0.0780798, 0) (0.0647329, 0) (0.21252, 0) (0.27593, 0) (0.283446, 0) (-0.0443139, 0) (0.0531284, 0) (0.00304554, 0) (-0.190988, 0) (0.0739599, 0) (-0.0735326, 0) (-0.107712, 0) (0.0747805, 0) (-0.0911697, 0) (-0.166888, 0) (-0.215792, 0) (-0.176977, 0) (0.125607, 0) (0.224756, 0) (0.213124, 0) (0.143037, 0) (-0.062523, 0) (0.0959905, 0) 
0 -2.02448 1 (-0.0904307, 0) (-0.162682, 0) (-0.183363, 0) (0.130421, 0) (0.136933, 0) (0.0280562, 0) (0.26148, 0) (0.00471565, 0) (0.0502885, 0) (0.0342214, 0) (-0.287737, 0) (0.0789964, 0) (-0.0691044, 0) (-0.181887, 0) (-0.00872788, 0) (0.0566334, 0) (0.0998596, 0) (0.085487, 0) (0.263217, 0) (0.104254, 0) (0.167922, 0) (0.156288, 0) (-0.304221, 0) (-0.178935, 0) (-0.139507, 0) (-0.0612358, 0) (0.180132, 0) (0.248483, 0) (0.165958, 0) (0.0189348, 0) (-0.265943, 0) (-0.257259, 0) (-0.177838, 0) (-0.00578624, 0) (-0.237889, 0) (0.218704, 0) 
1 -2.02447 1 (-0.0566217, 0) (-0.0998524, 0) (-0.0854978, 0) (0.18188, 0) (0.0691176, 0) (0.00874474, 0) (0.28773, 0) (-0.0342096, 0) (-0.0789901, 0) (-0.00472986, 0) (-0.26147, 0) (-0.0503029, 0) (-0.136951, 0) (-0.130414, 0) (-0.0280683, 0) (0.0904261, 0) (0.16268, 0) (0.183379, 0) (0.304203, 0) (0.178933, 0) (0.139524, 0) (0.0612422, 0) (-0.263197, 0) (-0.10425, 0) (-0.167943, 0) (-0.156308, 0) (0.265954, 0) (0.257262, 0) (0.17782, 0) (0.00576376, 0) (-0.18014, 0) (-0.248481, 0) (-0.165936, 0) (-0.0189071, 0) (-0.218718, 0) (0.237901, 0) 
1 -1.87045 1 (0.268173, 0) (0.155168, 0) (-0.0561747, 0) (-0.0478661, 0) (0.0899552, 0) (0.261041, 0) (-0.102462, 0) (0.0217083, 0) (-0.0730157, 0) (-0.0058043, 0) (0.186106, 0) (-0.0661524, 0) (-0.180184, 0) (0.0699185, 0) (-0.268182, 0) (-0.249049, 0) (-0.0883549, 0) (0.105379, 0) (-0.128912, 0) (-0.0801339, 0) (0.183706, 0) (0.0839778, 0) (0.208796, 0) (0.0975426, 0) (-0.261557, 0) (-0.219716, 0) (0.201755, 0) (0.0198221, 0) (-0.168693, 0) (-0.259725, 0) (-0.168268, 0) (0.0143703, 0) (0.187463, 0) (0.277013, 0) (-0.193907, 0) (0.167678, 0) 
0 -1.87045 1 (0.249038, 0) (0.0883419, 0) (-0.105399, 0) (-0.0699163, 0) (0.180196, 0) (0.2682, 0) (-0.186092, 0) (0.00579904, 0) (0.06616, 0) (-0.0216975, 0) (0.102447, 0) (0.0730212, 0) (-0.08996, 0) (0.0478626, 0) (-0.261057, 0) (-0.268165, 0) (-0.155163, 0) (0.0561878, 0) (-0.20877, 0) (-0.0975251, 0) (0.261569, 0) (0.219714, 0) (0.128882, 0) (0.0801079, 0) (-0.18372, 0) (-0.083977, 0) (0.168278, 0) (-0.0143536, 0) (-0.187451, 0) (-0.277002, 0) (-0.201769, 0) (-0.0198346, 0) (0.168685, 0) (0.259719, 0) (-0.167698, 0) (0.193928, 0) 
1 -1.21177 1 (-0.251166, 0) (0.0209036, 0) (0.274626, 0) (0.235942, 0) (-0.142994, 0) (-0.349444, 0) (0.149356, 0) (0.188717, 0) (-0.0744136, 0) (-0.201943, 0) (-0.141537, 0) (0.114175, 0) (0.125976, 0) (-0.139745, 0) (0.179704, 0) (0.117805, 0) (-0.0397939, 0) (-0.172804, 0) (-0.235056, 0) (-0.233594, 0) (0.144942, 0) (0.224177, 0) (0.168664, 0) (0.158338, 0) (-0.101664, 0) (-0.137691, 0) (0.136231, 0) (0.0239312, 0) (-0.102153, 0) (-0.144285, 0) (-0.183684, 0) (-0.104605, 0) (0.0694796, 0) (0.195651, 0) (0.0995508, 0) (-0.0230347, 0) 
0 -1.21176 1 (-0.117798, 0) (0.0398011, 0) (0.172803, 0) (0.139749, 0) (-0.125974, 0) (-0.179712, 0) (0.141536, 0) (0.201938, 0) (-0.114176, 0) (-0.188713, 0) (-0.149358, 0) (0.0744208, 0) (0.142993, 0) (-0.235947, 0) (0.349449, 0) (0.25114, 0) (-0.0209218, 0) (-0.274618, 0) (-0.168665, 0) (-0.158338, 0) (0.101672, 0) (0.137693, 0) (0.235053, 0) (0.233594, 0) (-0.14495, 0) (-0.224167, 0) (0.183699, 0) (0.104598, 0) (-0.0694979, 0) (-0.195664, 0) (-0.136241, 0) (-0.023933, 0) (0.10216, 0) (0.14429, 0) (0.0230278, 0) (-0.099527, 0) 
1 -1.10528 1 (-0.147429, 0) (-0.205085, 0) (-0.0746487, 0) (0.165356, 0) (0.167081, 0) (0.0180539, 0) (0.0979719, 0) (0.0194573, 0) (0.0295686, 0) (0.0734914, 0) (0.0635805, 0) (0.0933249, 0) (0.178023, 0) (0.104917, 0) (0.0125519, 0) (-0.161491, 0) (-0.197975, 0) (-0.104321, 0) (-0.0643046, 0) (-0.247218, 0) (-0.242982, 0) (-0.134051, 0) (-0.103191, 0) (-0.204708, 0) (-0.216909, 0) (-0.15116, 0) (0.065427, 0) (0.303722, 0) (0.355092, 0) (0.100631, 0) (0.0272709, 0) (0.335777, 0) (0.326076, 0) (0.0786497, 0) (-0.0542028, 0) (-0.0251206, 0) 
0 -1.10528 1 (-0.161499, 0) (-0.197986, 0) (-0.104306, 0) (0.104927, 0) (0.178014, 0) (0.0125394, 0) (0.0635832, 0) (0.0734883, 0) (0.0933274, 0) (0.0194539, 0) (0.0979646, 0) (0.0295761, 0) (0.167081, 0) (0.165359, 0) (0.0180557, 0) (-0.147429, 0) (-0.2051, 0) (-0.0746446, 0) (-0.103196, 0) (-0.204709, 0) (-0.216919, 0) (-0.15115, 0) (-0.0643128, 0) (-0.247216, 0) (-0.242987, 0) (-0.134042, 0) (0.02728, 0) (0.335772, 0) (0.326077, 0) (0.0786416, 0) (0.0654346, 0) (0.303718, 0) (0.355091, 0) (0.100619, 0) (-0.0251066, 0) (-0.0541885, 0) 
1 -0.929894 1 (0.288688, 0) (0.197531, 0) (-0.0876214, 0) (-0.0886841, 0) (-0.135203, 0) (0.149951, 0) (0.126467, 0) (0.0740719, 0) (-0.224828, 0) (0.0377522, 0) (0.041511, 0) (-0.158351, 0) (-0.0193385, 0) (-0.177584, 0) (0.314293, 0) (0.412888, 0) (0.132962, 0) (-0.243003, 0) (0.161957, 0) (0.0160555, 0) (-0.0597602, 0) (-0.207437, 0) (0.186244, 0) (0.0919129, 0) (-0.00213772, 0) (-0.193263, 0) (-0.0757289, 0) (0.0423508, 0) (0.131615, 0) (0.098973, 0) (-0.0850538, 0) (0.0957293, 0) (0.179574, 0) (0.120835, 0) (-0.21341, 0) (-0.214874, 0) 
0 -0.929876 1 (0.412855, 0) (0.132964, 0) (-0.242982, 0) (-0.177568, 0) (-0.0193469, 0) (0.314288, 0) (0.0415273, 0) (0.0377573, 0) (-0.158373, 0) (0.0740642, 0) (0.126478, 0) (-0.224844, 0) (-0.135202, 0) (-0.0886754, 0) (0.14995, 0) (0.288671, 0) (0.197536, 0) (-0.0876198, 0) (0.18624, 0) (0.091895, 0) (-0.00213501, 0) (-0.193258, 0) (0.161968, 0) (0.0160482, 0) (-0.0597691, 0) (-0.207448, 0) (-0.0850639, 0) (0.095741, 0) (0.179599, 0) (0.120846, 0) (-0.0757476, 0) (0.0423538, 0) (0.131639, 0) (0.0989896, 0) (-0.214877, 0) (-0.213425, 0) 
0 -0.812031 1 (0.103634, 0) (-0.112569, 0) (-0.242537, 0) (-0.201616, 0) (0.162597, 0) (0.220314, 0) (-0.161964, 0) (-0.024938, 0) (0.15618, 0) (0.0505883, 0) (-0.11714, 0) (0.122414, 0) (0.150676, 0) (-0.159023, 0) (0.212321, 0) (0.0573611, 0) (-0.145777, 0) (-0.199369, 0) (0.0525386, 0) (0.167615, 0) (-0.199428, 0) (-0.0681032, 0) (-0.0229297, 0) (0.117556, 0) (-0.113904, 0) (0.0419445, 0) (0.25722, 0) (0.102971, 0) (-0.16004, 0) (-0.288985, 0) (0.337216, 0) (0.110846, 0) (-0.195778, 0) (-0.312512, 0) (0.0657644, 0) (0.0755769, 0) 
1 -0.812021 1 (0.0573461, 0) (-0.145782, 0) (-0.199373, 0) (-0.159015, 0) (0.150692, 0) (0.212304, 0) (-0.11715, 0) (0.0505843, 0) (0.122433, 0) (-0.024945, 0) (-0.161968, 0) (0.15619, 0) (0.162604, 0) (-0.2016, 0) (0.220285, 0) (0.103614, 0) (-0.11257, 0) (-0.24253, 0) (-0.0229441, 0) (0.117558, 0) (-0.113897, 0) (0.0419653, 0) (0.0525254, 0) (0.167609, 0) (-0.199424, 0) (-0.0680892, 0) (0.337214, 0) (0.110851, 0) (-0.195775, 0) (-0.312522, 0) (0.257227, 0) (0.102976, 0) (-0.160047, 0) (-0.289004, 0) (0.0755792, 0) (0.0657671, 0) 
0 -0.280852 1 (0.0331479, 0) (0.0210195, 0) (-0.0113464, 0) (0.105247, 0) (-0.0261449, 0) (0.00692209, 0) (0.143064, 0) (-0.215176, 0) (-0.135145, 0) (0.279364, 0) (-0.124518, 0) (0.153326, 0) (-0.00537936, 0) (-0.18116, 0) (0.0226184, 0) (0.0230915, 0) (-0.000372825, 0) (-0.0233814, 0) (0.235493, 0) (-0.216678, 0) (-0.281638, 0) (-0.137363, 0) (-0.213346, 0) (0.153506, 0) (0.226398, 0) (0.112495, 0) (0.113951, 0) (-0.203997, 0) (-0.266343, 0) (-0.0531742, 0) (-0.157264, 0) (0.222739, 0) (0.397655, 0) (0.108643, 0) (-0.135656, 0) (0.15925, 0) 
1 -0.280824 1 (0.0230946, 0) (-0.000379927, 0) (-0.02339, 0) (-0.181161, 0) (-0.00537449, 0) (0.0226261, 0) (-0.12452, 0) (0.27937, 0) (0.153325, 0) (-0.215179, 0) (0.143068, 0) (-0.135143, 0) (-0.0261515, 0) (0.105252, 0) (0.00691102, 0) (0.0331439, 0) (0.021024, 0) (-0.0113357, 0) (-0.21335, 0) (0.153506, 0) (0.226387, 0) (0.112499, 0) (0.235494, 0) (-0.216684, 0) (-0.281625, 0) (-0.137366, 0) (-0.157277, 0) (0.222734, 0) (0.39765, 0) (0.108657, 0) (0.113961, 0) (-0.203989, 0) (-0.266335, 0) (-0.0531828, 0) (0.159252, 0) (-0.135656, 0) 
0 0.154493 1 (0.0183846, 0) (0.134369, 0) (0.0993185, 0) (-0.199023, 0) (-0.122, 0) (-0.121836, 0) (-0.144868, 0) (0.180173, 0) (0.233317, 0) (0.297352, 0) (0.0437311, 0) (0.274582, 0) (-0.293254, 0) (-0.318475, 0) (-0.193113, 0) (0.173167, 0) (0.332015, 0) (0.0314128, 0) (-0.0849382, 0) (-0.213, 0) (-0.122872, 0) (0.196296, 0) (0.0545094, 0) (-0.185123, 0) (-0.151026, 0) (0.126615, 0) (-0.0267952, 0) (0.152537, 0) (0.11615, 0) (-0.0591146, 0) (0.0421974, 0) (0.11014, 0) (0.0589127, 0) (-0.0705449, 0) (0.130828, 0) (0.0113318, 0) 
1 0.154527 1 (-0.173196, 0) (-0.332011, 0) (-0.0314095, 0) (0.31847, 0) (0.293292, 0) (0.193104, 0) (-0.0437687, 0) (-0.297376, 0) (-0.274561, 0) (-0.180137, 0) (0.144889, 0) (-0.233305, 0) (0.121971, 0) (0.198994, 0) (0.121824, 0) (-0.018356, 0) (-0.134335, 0) (-0.0993295, 0) (-0.0545094, 0) (0.185124, 0) (0.151021, 0) (-0.126625, 0) (0.0849454, 0) (0.213008, 0) (0.122863, 0) (-0.196309, 0) (-0.0421965, 0) (-0.11014, 0) (-0.0589072, 0) (0.0705468, 0) (0.026794, 0) (-0.152544, 0) (-0.116144, 0) (0.0591233, 0) (-0.0113267, 0) (-0.130836, 0) 
1 0.248804 1 (-0.180789, 0) (-0.2145, 0) (0.0560911, 0) (0.101305, 0) (0.225293, 0) (0.0758153, 0) (-0.21554, 0) (-0.164875, 0) (-0.00292527, 0) (0.33515, 0) (0.211266, 0) (0.136405, 0) (-0.414932, 0) (-0.285995, 0) (-0.133629, 0) (0.305942, 0) (0.331476, 0) (-0.0271233, 0) (-0.093456, 0) (-0.182838, 0) (-0.0238401, 0) (0.18306, 0) (0.0948253, 0) (0.0178594, 0) (-0.0431533, 0) (-0.0624509, 0) (-0.0384101, 0) (0.0206272, 0) (0.0566246, 0) (0.0154549, 0) (0.00189715, 0) (0.0286324, 0) (0.013874, 0) (-0.0179573, 0) (0.155644, 0) (-0.0626043, 0) 
0 0.248823 1 (-0.305925, 0) (-0.331495, 0) (0.0271268, 0) (0.285996, 0) (0.414905, 0) (0.133635, 0) (-0.211256, 0) (-0.335116, 0) (-0.136408, 0) (0.164882, 0) (0.215525, 0) (0.00297131, 0) (-0.225303, 0) (-0.10134, 0) (-0.0758481, 0) (0.180787, 0) (0.214546, 0) (-0.0560846, 0) (-0.09485, 0) (-0.0178897, 0) (0.0431389, 0) (0.0624859, 0) (0.0934728, 0) (0.182829, 0) (0.0238276, 0) (-0.183059, 0) (-0.00190393, 0) (-0.0286203, 0) (-0.0138616, 0) (0.0179553, 0) (0.0384264, 0) (-0.0206084, 0) (-0.0566252, 0) (-0.0154711, 0) (0.0626253, 0) (-0.155652, 0) 
1 0.699281 1 (-0.114044, 0) (0.0942205, 0) (0.153098, 0) (-0.076875, 0) (0.0456924, 0) (-0.162677, 0) (-0.235931, 0) (-0.173659, 0) (0.267257, 0) (0.202768, 0) (0.21345, 0) (-0.211495, 0) (0.00291523, 0) (0.0396669, 0) (0.173331, 0) (0.109538, 0) (-0.120771, 0) (-0.190973, 0) (0.118016, 0) (0.093316, 0) (0.0633973, 0) (-0.330528, 0) (-0.132579, 0) (-0.107501, 0) (-0.1136, 0) (0.269106, 0) (0.184287, 0) (0.200066, 0) (-0.0410011, 0) (-0.219352, 0) (-0.138085, 0) (-0.24796, 0) (0.042876, 0) (0.273797, 0) (0.0729755, 0) (-0.00759818, 0) 
0 0.69933 1 (-0.109558, 0) (0.120763, 0) (0.190974, 0) (-0.0396561, 0) (-0.00287962, 0) (-0.173341, 0) (-0.213477, 0) (-0.202791, 0) (0.211512, 0) (0.173695, 0) (0.235949, 0) (-0.267259, 0) (-0.0457265, 0) (0.0768483, 0) (0.162682, 0) (0.114062, 0) (-0.0942064, 0) (-0.1531, 0) (0.132583, 0) (0.107489, 0) (0.11359, 0) (-0.269088, 0) (-0.118018, 0) (-0.0933089, 0) (-0.0633976, 0) (0.330507, 0) (0.138091, 0) (0.247944, 0) (-0.0428805, 0) (-0.273781, 0) (-0.184288, 0) (-0.200049, 0) (0.0410086, 0) (0.219336, 0) (0.00759911, 0) (-0.0729672, 0) 
0 1.83216 1 (-0.0717297, 0) (-0.0249475, 0) (0.0653778, 0) (-0.0793273, 0) (0.0764533, 0) (0.0206193, 0) (-0.159323, 0) (0.0937666, 0) (0.066063, 0) (0.158786, 0) (0.115784, 0) (-0.0602381, 0) (-0.0665558, 0) (-0.251729, 0) (0.299532, 0) (0.0667028, 0) (-0.287475, 0) (-0.0652133, 0) (-0.0295871, 0) (-0.00215876, 0) (0.0452744, 0) (-0.0987636, 0) (0.109397, 0) (-0.199694, 0) (-0.070605, 0) (-0.158946, 0) (-0.0477284, 0) (-0.336599, 0) (0.0597002, 0) (0.347522, 0) (-0.0160245, 0) (-0.105718, 0) (-0.0153371, 0) (0.104939, 0) (0.107212, 0) (0.528091, 0) 
1 1.83217 1 (-0.0666981, 0) (0.287477, 0) (0.0652355, 0) (0.251722, 0) (0.0665242, 0) (-0.299528, 0) (-0.115767, 0) (-0.158785, 0) (0.0602305, 0) (-0.0937786, 0) (0.159339, 0) (-0.0660895, 0) (-0.0764563, 0) (0.0793482, 0) (-0.020609, 0) (0.071733, 0) (0.024931, 0) (-0.0653828, 0) (-0.109386, 0) (0.199688, 0) (0.070616, 0) (0.158953, 0) (0.0295804, 0) (0.00214224, 0) (-0.0452719, 0) (0.0987971, 0) (0.016026, 0) (0.105736, 0) (0.015336, 0) (-0.104957, 0) (0.0477012, 0) (0.336595, 0) (-0.0596897, 0) (-0.347519, 0) (-0.528085, 0) (-0.107214, 0) 
1 2.72438 0 (-0.176274, 0) (0.17865, 0) (0.11633, 0) (-0.0387665, 0) (0.226496, 0) (-0.152249, 0) (-0.332478, 0) (0.0707255, 0) (0.158471, 0) (0.117329, 0) (-0.180214, 0) (0.130967, 0) (0.0968288, 0) (-0.23711, 0) (0.0834548, 0) (-0.10528, 0) (-0.0550084, 0) (0.109446, 0) (0.0306652, 0) (0.207779, 0) (-0.0599797, 0) (-0.235079, 0) (0.162198, 0) (0.0706704, 0) (-0.0989585, 0) (-0.332392, 0) (-0.0755576, 0) (-0.309701, 0) (0.086039, 0) (0.285639, 0) (-0.0300535, 0) (-0.0445069, 0) (0.046346, 0) (0.0376735, 0) (-0.158506, 0) (0.260865, 0) 
0 2.72444 0 (0.105278, 0) (0.0550603, 0) (-0.109455, 0) (0.237125, 0) (-0.0968117, 0) (-0.0834994, 0) (0.180189, 0) (-0.117329, 0) (-0.130945, 0) (-0.0707159, 0) (0.332462, 0) (-0.158441, 0) (-0.226495, 0) (0.0387508, 0) (0.152223, 0) (0.176264, 0) (-0.178611, 0) (-0.116312, 0) (-0.162212, 0) (-0.0706448, 0) (0.0989555, 0) (0.332387, 0) (-0.0306617, 0) (-0.207763, 0) (0.0599778, 0) (0.235069, 0) (0.0300462, 0) (0.044519, 0) (-0.046342, 0) (-0.0376833, 0) (0.0755703, 0) (0.309734, 0) (-0.0860456, 0) (-0.285665, 0) (-0.26093, 0) (0.158477, 0) 
0 2.93959 0 (-0.128285, 0) (0.373239, 0) (0.0702285, 0) (0.0875177, 0) (0.187742, 0) (-0.328362, 0) (-0.274569, 0) (-0.0582198, 0) (0.181902, 0) (-0.0428098, 0) (-0.0954552, 0) (0.048801, 0) (0.0676962, 0) (-0.0381305, 0) (-0.0257886, 0) (-0.0571315, 0) (0.038894, 0) (0.0409772, 0) (0.0572143, 0) (0.299125, 0) (-0.038556, 0) (-0.0396097, 0) (0.106528, 0) (0.119581, 0) (-0.115853, 0) (-0.17309, 0) (-0.0343702, 0) (-0.100802, 0) (0.0793002, 0) (0.0827854, 0) (-0.0946336, 0) (0.222173, 0) (0.0694159, 0) (-0.247122, 0) (-0.486406, 0) (-0.0105877, 0) 
1 2.93964 0 (0.0571129, 0) (-0.0388778, 0) (-0.0409684, 0) (0.0381226, 0) (-0.0676683, 0) (0.0257704, 0) (0.0954217, 0) (0.0428172, 0) (-0.048775, 0) (0.0582205, 0) (0.274554, 0) (-0.181895, 0) (-0.187707, 0) (-0.0875211, 0) (0.328364, 0) (0.128277, 0) (-0.373251, 0) (-0.0702497, 0) (-0.106521, 0) (-0.11955, 0) (0.115844, 0) (0.173045, 0) (-0.0572102, 0) (-0.299118, 0) (0.0385369, 0) (0.0395647, 0) (0.0946593, 0) (-0.222217, 0) (-0.069422, 0) (0.247167, 0) (0.0343662, 0) (0.10078, 0) (-0.0792931, 0) (-0.0827667, 0) (0.0105798, 0) (0.486434, 0) 
1 3.9376 0 (-0.180786, 0) (0.0352329, 0) (0.153133, 0) (-0.295898, 0) (0.123843, 0) (0.0730789, 0) (-0.0650361, 0) (-0.0644804, 0) (0.149377, 0) (-0.112935, 0) (-0.0719672, 0) (-0.261252, 0) (-0.0883648, 0) (0.206812, 0) (0.114852, 0) (0.0251271, 0) (-0.132932, 0) (0.0446725, 0) (0.401852, 0) (-0.0991737, 0) (-0.00953956, 0) (0.360424, 0) (-0.0445999, 0) (0.167162, 0) (-0.0490648, 0) (-0.159635, 0) (-0.0105857, 0) (-0.0526363, 0) (0.0360187, 0) (0.0263784, 0) (-0.319413, 0) (0.126016, 0) (0.216658, 0) (-0.255314, 0) (0.167342, 0) (-0.10671, 0) 
0 3.93761 0 (0.0251089, 0) (-0.132938, 0) (0.0447087, 0) (0.206773, 0) (-0.0883711, 0) (0.114874, 0) (-0.0719853, 0) (-0.11294, 0) (-0.261236, 0) (-0.0645023, 0) (-0.0650531, 0) (0.14935, 0) (0.123829, 0) (-0.295869, 0) (0.0730937, 0) (-0.180791, 0) (0.0352056, 0) (0.153155, 0) (-0.0445433, 0) (0.167164, 0) (-0.0490807, 0) (-0.159591, 0) (0.401856, 0) (-0.099164, 0) (-0.00953739, 0) (0.360444, 0) (-0.319428, 0) (0.126031, 0) (0.216667, 0) (-0.255344, 0) (-0.010625, 0) (-0.0526294, 0) (0.0360526, 0) (0.0263451, 0) (-0.10669, 0) (0.167333, 0) 
1 4.05409 0 (-0.0259868, 0) (-0.17431, 0) (0.170319, 0) (0.0901594, 0) (-0.131083, 0) (0.191, 0) (-0.107703, 0) (-0.123073, 0) (-0.197768, 0) (-0.073745, 0) (-0.083418, 0) (0.0251732, 0) (0.0329647, 0) (-0.252173, 0) (0.203041, 0) (-0.15352, 0) (-0.0859539, 0) (0.202361, 0) (0.106242, 0) (0.103593, 0) (-0.0445275, 0) (0.0243616, 0) (0.386634, 0) (-0.0764525, 0) (-0.0677845, 0) (0.395445, 0) (-0.267872, 0) (0.105105, 0) (0.212552, 0) (-0.269227, 0) (-0.142332, 0) (0.0160719, 0) (0.128533, 0) (-0.0983239, 0) (-0.0269944, 0) (0.18068, 0) 
0 4.0541 0 (0.153528, 0) (0.0859262, 0) (-0.202363, 0) (0.25218, 0) (-0.0329717, 0) (-0.203007, 0) (0.0834109, 0) (0.0737354, 0) (-0.0252115, 0) (0.123068, 0) (0.107694, 0) (0.197776, 0) (0.131112, 0) (-0.0902005, 0) (-0.190976, 0) (0.0259562, 0) (0.174308, 0) (-0.170305, 0) (-0.386628, 0) (0.0764687, 0) (0.0677669, 0) (-0.395488, 0) (-0.10619, 0) (-0.10361, 0) (0.0445292, 0) (-0.0243184, 0) (0.142289, 0) (-0.0160557, 0) (-0.128505, 0) (0.0982952, 0) (0.267873, 0) (-0.105142, 0) (-0.212539, 0) (0.269263, 0) (-0.180666, 0) (0.0270213, 0) 
0 4.74311 0 (0.107379, 0) (0.144417, 0) (-0.226309, 0) (0.0509865, 0) (0.108028, 0) (-0.253706, 0) (0.0745536, 0) (-0.112463, 0) (0.0966442, 0) (0.23047, 0) (-0.105156, 0) (-0.0938279, 0) (-0.154724, 0) (-0.0627381, 0) (0.29447, 0) (-0.162609, 0) (-0.148552, 0) (0.323536, 0) (-0.0118133, 0) (-0.293363, 0) (0.0797096, 0) (0.0152363, 0) (-0.0693022, 0) (0.286092, 0) (-0.0092501, 0) (-0.0832678, 0) (-0.217088, 0) (-0.00695682, 0) (0.224836, 0) (-0.194308, 0) (0.202573, 0) (0.0449411, 0) (-0.237694, 0) (0.199262, 0) (0.03842, 0) (-0.0823901, 0) 
1 4.74312 0 (-0.162608, 0) (-0.148562, 0) (0.323533, 0) (-0.0627402, 0) (-0.154725, 0) (0.294495, 0) (-0.105151, 0) (0.230478, 0) (-0.0938377, 0) (-0.112449, 0) (0.0745449, 0) (0.0966516, 0) (0.108022, 0) (0.0509882, 0) (-0.253716, 0) (0.107369, 0) (0.144428, 0) (-0.226294, 0) (-0.0693117, 0) (0.286081, 0) (-0.00924015, 0) (-0.0832764, 0) (-0.0118204, 0) (-0.293356, 0) (0.07972, 0) (0.015234, 0) (0.202571, 0) (0.0449581, 0) (-0.237707, 0) (0.199249, 0) (-0.217087, 0) (-0.00695061, 0) (0.224828, 0) (-0.194298, 0) (-0.0823892, 0) (0.0384006, 0) 
1 5.0152 0 (0.201264, 0) (0.00227399, 0) (-0.203956, 0) (0.100826, 0) (0.0381485, 0) (-0.203181, 0) (0.0533497, 0) (-0.236844, 0) (0.0645064, 0) (-0.305417, 0) (0.104491, 0) (0.122305, 0) (0.0033136, 0) (0.0695242, 0) (-0.195417, 0) (0.182277, 0) (-0.00848698, 0) (-0.174434, 0) (0.0807045, 0) (0.164197, 0) (-0.327996, 0) (0.178795, 0) (0.122643, 0) (-0.00105572, 0) (-0.197719, 0) (0.129648, 0) (0.0761558, 0) (-0.22234, 0) (0.120013, 0) (0.0869502, 0) (0.0610627, 0) (-0.328288, 0) (0.337649, 0) (-0.00797538, 0) (0.102597, 0) (0.136773, 0) 
0 5.01521 0 (0.182291, 0) (-0.00850615, 0) (-0.174429, 0) (0.0695226, 0) (0.0033031, 0) (-0.195399, 0) (0.104495, 0) (-0.305419, 0) (0.1223, 0) (-0.236854, 0) (0.0533603, 0) (0.064505, 0) (0.0381544, 0) (0.100824, 0) (-0.203181, 0) (0.201278, 0) (0.00227776, 0) (-0.203975, 0) (0.122642, 0) (-0.00105054, 0) (-0.197708, 0) (0.129651, 0) (0.0807057, 0) (0.164187, 0) (-0.327986, 0) (0.178806, 0) (0.0610675, 0) (-0.328292, 0) (0.337635, 0) (-0.00797229, 0) (0.0761402, 0) (-0.222338, 0) (0.120018, 0) (0.0869376, 0) (0.136782, 0) (0.102606, 0) 
1 5.37479 0 (-0.170875, 0) (0.219701, 0) (-0.118509, 0) (-0.0552726, 0) (0.205461, 0) (-0.0263715, 0) (-0.0179416, 0) (0.131489, 0) (-0.149566, 0) (-0.0400441, 0) (0.0211654, 0) (0.0797101, 0) (-0.196642, 0) (-0.00219094, 0) (0.161587, 0) (0.02166, 0) (-0.188701, 0) (0.177868, 0) (-0.0552251, 0) (0.125469, 0) (-0.26674, 0) (0.145707, 0) (0.0164766, 0) (-0.172772, 0) (0.33172, 0) (-0.156938, 0) (-0.148482, 0) (0.395937, 0) (-0.253583, 0) (-0.0760924, 0) (0.162951, 0) (-0.282147, 0) (0.217299, 0) (0.0368, 0) (-0.0291245, 0) (-0.0345014, 0) 
0 5.3748 0 (-0.0216706, 0) (0.188704, 0) (-0.17788, 0) (0.00217798, 0) (0.19666, 0) (-0.161578, 0) (-0.0211576, 0) (0.0400364, 0) (-0.0797164, 0) (-0.1315, 0) (0.0179457, 0) (0.149562, 0) (-0.205463, 0) (0.0552714, 0) (0.0263651, 0) (0.170883, 0) (-0.219688, 0) (0.118506, 0) (-0.0164653, 0) (0.172762, 0) (-0.331711, 0) (0.156947, 0) (0.0552328, 0) (-0.125476, 0) (0.266731, 0) (-0.145705, 0) (-0.162943, 0) (0.282151, 0) (-0.217299, 0) (-0.0367939, 0) (0.148477, 0) (-0.395942, 0) (0.253577, 0) (0.0760944, 0) (0.0345207, 0) (0.0291209, 0) 
1 5.55303 0 (0.413947, 0) (-0.346788, 0) (0.065725, 0) (0.234, 0) (-0.20886, 0) (-0.148882, 0) (-0.164474, 0) (0.161832, 0) (0.163704, 0) (0.208951, 0) (-0.081287, 0) (0.0218294, 0) (-0.189424, 0) (0.0911374, 0) (0.129868, 0) (0.040218, 0) (-0.182869, 0) (0.165214, 0) (-0.192542, 0) (0.203512, 0) (0.0400961, 0) (-0.0458836, 0) (-0.195796, 0) (0.17144, 0) (0.0335572, 0) (-0.160807, 0) (-0.047253, 0) (0.0202543, 0) (0.0253481, 0) (-0.0538991, 0) (-0.118912, 0) (-0.0934841, 0) (0.251072, 0) (-0.206569, 0) (0.0334096, 0) (-0.128535, 0) 
0 5.55304 0 (0.0402555, 0) (-0.182886, 0) (0.165216, 0) (0.0911619, 0) (-0.189443, 0) (0.129839, 0) (-0.0813024, 0) (0.208957, 0) (0.0218462, 0) (0.161843, 0) (-0.16447, 0) (0.163698, 0) (-0.208881, 0) (0.233991, 0) (-0.148855, 0) (0.413946, 0) (-0.346777, 0) (0.0657459, 0) (-0.195806, 0) (0.171461, 0) (0.0335386, 0) (-0.1608, 0) (-0.192549, 0) (0.203514, 0) (0.0400878, 0) (-0.0458931, 0) (-0.118895, 0) (-0.0934809, 0) (0.251047, 0) (-0.206554, 0) (-0.0472477, 0) (0.0202298, 0) (0.0253701, 0) (-0.0539051, 0) (-0.128538, 0) (0.0333859, 0) 
0 5.63719 0 (0.423242, 0) (-0.372984, 0) (0.00742734, 0) (0.270909, 0) (-0.189636, 0) (-0.19794, 0) (-0.139839, 0) (0.0256188, 0) (0.176036, 0) (0.0964892, 0) (0.0341093, 0) (-0.0415616, 0) (-0.101817, 0) (-0.0718185, 0) (0.237844, 0) (-0.233253, 0) (0.0487077, 0) (0.164359, 0) (-0.112752, 0) (0.191975, 0) (-0.0331384, 0) (0.0593913, 0) (-0.0678929, 0) (0.0298337, 0) (-0.101444, 0) (-0.0540253, 0) (0.128628, 0) (-0.00849577, 0) (-0.116353, 0) (0.15118, 0) (-0.0946742, 0) (-0.154421, 0) (0.266485, 0) (-0.207606, 0) (0.0919417, 0) (-0.180506, 0) 
1 5.6372 0 (-0.233217, 0) (0.0486852, 0) (0.164359, 0) (-0.0718027, 0) (-0.101832, 0) (0.237844, 0) (0.0341005, 0) (0.0965075, 0) (-0.0415514, 0) (0.0256335, 0) (-0.139839, 0) (0.176042, 0) (-0.189654, 0) (0.27092, 0) (-0.19792, 0) (0.423217, 0) (-0.373007, 0) (0.0074423, 0) (-0.0679163, 0) (0.0298577, 0) (-0.101454, 0) (-0.0540179, 0) (-0.112779, 0) (0.19199, 0) (-0.0331309, 0) (0.0593723, 0) (-0.0946788, 0) (-0.154422, 0) (0.266498, 0) (-0.207613, 0) (0.128628, 0) (-0.00851778, 0) (-0.116321, 0) (0.151158, 0) (-0.180507, 0) (0.0919331, 0) 
0 6.19495 0 (-0.33546, 0) (0.214731, 0) (0.0431608, 0) (-0.104189, 0) (-0.0903883, 0) (0.307081, 0) (0.192607, 0) (0.056708, 0) (-0.0655336, 0) (0.0202532, 0) (0.168927, 0) (0.0470893, 0) (-0.163575, 0) (-0.0602625, 0) (0.246924, 0) (-0.235295, 0) (0.0907441, 0) (0.0881966, 0) (-0.245431, 0) (0.161359, 0) (-0.153019, 0) (0.0723398, 0) (-0.208946, 0) (0.0931634, 0) (-0.138256, 0) (0.12839, 0) (0.200833, 0) (-0.225204, 0) (0.171073, 0) (-0.0199225, 0) (0.162918, 0) (-0.239512, 0) (0.153045, 0) (-1.90377e-05, 0) (-0.178344, 0) (-0.157964, 0) 
1 6.19496 0 (0.23526, 0) (-0.0907066, 0) (-0.0882298, 0) (0.060237, 0) (0.163603, 0) (-0.246932, 0) (-0.16888, 0) (-0.0202526, 0) (-0.0471073, 0) (-0.0567086, 0) (-0.192582, 0) (0.0655533, 0) (0.0904005, 0) (0.10418, 0) (-0.307117, 0) (0.335467, 0) (-0.214735, 0) (-0.0431822, 0) (0.208903, 0) (-0.0931416, 0) (0.138307, 0) (-0.128426, 0) (0.245402, 0) (-0.161335, 0) (0.15305, 0) (-0.0723434, 0) (-0.162949, 0) (0.239487, 0) (-0.152993, 0) (-4.3153e-05, 0) (-0.200873, 0) (0.225197, 0) (-0.171034, 0) (0.0198673, 0) (0.158004, 0) (0.178392, 0) 
1 6.2297 0 (0.114315, 0) (-0.203129, 0) (0.217559, 0) (0.11509, 0) (-0.175528, 0) (0.0375969, 0) (-0.222169, 0) (-0.0223506, 0) (0.100416, 0) (-0.0537237, 0) (-0.128811, 0) (-0.0304741, 0) (-0.10865, 0) (0.0967712, 0) (0.100218, 0) (-0.0316078, 0) (-0.0506422, 0) (0.10119, 0) (0.237541, 0) (-0.089588, 0) (-0.300464, 0) (0.206805, 0) (0.154502, 0) (-0.0863996, 0) (-0.167229, 0) (0.0452261, 0) (0.139956, 0) (0.0706521, 0) (-0.234073, 0) (0.298699, 0) (0.20483, 0) (0.0204158, 0) (-0.238809, 0) (0.324832, 0) (-0.229238, 0) (-0.206398, 0) 
0 6.22971 0 (0.0316728, 0) (0.0505966, 0) (-0.101198, 0) (-0.0967494, 0) (0.108671, 0) (-0.100272, 0) (0.128772, 0) (0.0537214, 0) (0.0304803, 0) (0.0223528, 0) (0.222131, 0) (-0.10042, 0) (0.175558, 0) (-0.115073, 0) (-0.0376407, 0) (-0.11427, 0) (0.203098, 0) (-0.217573, 0) (-0.154462, 0) (0.0863794, 0) (0.167257, 0) (-0.0452448, 0) (-0.237504, 0) (0.0895758, 0) (0.300487, 0) (-0.206835, 0) (-0.204868, 0) (-0.0203717, 0) (0.238772, 0) (-0.324835, 0) (-0.139993, 0) (-0.0706039, 0) (0.234042, 0) (-0.298709, 0) (0.20643, 0) (0.229265, 0) 
1 6.82366 0 (0.1282, 0) (-0.176681, 0) (0.199329, 0) (-0.0124197, 0) (-0.0595239, 0) (-0.03716, 0) (-0.117634, 0) (0.0827242, 0) (0.148505, 0) (-0.0949236, 0) (0.196589, 0) (-0.167889, 0) (0.174142, 0) (-0.0795388, 0) (-0.0577667, 0) (-0.0805877, 0) (0.201894, 0) (-0.241229, 0) (0.130451, 0) (-0.0168503, 0) (-0.200703, 0) (0.202498, 0) (-0.17028, 0) (0.0199677, 0) (0.329498, 0) (-0.281626, 0) (-0.193014, 0) (0.0160753, 0) (0.168063, 0) (-0.318239, 0) (0.10065, 0) (-0.00648518, 0) (-0.0884302, 0) (0.153783, 0) (-0.14544, 0) (0.312777, 0) 
0 6.82367 0 (-0.0805864, 0) (0.20188, 0) (-0.24123, 0) (-0.0795294, 0) (0.174138, 0) (-0.0577614, 0) (0.196582, 0) (-0.0949209, 0) (-0.167887, 0) (0.0827314, 0) (-0.117638, 0) (0.148499, 0) (-0.0595213, 0) (-0.0124207, 0) (-0.0371619, 0) (0.128205, 0) (-0.176676, 0) (0.199333, 0) (-0.170282, 0) (0.0199753, 0) (0.329493, 0) (-0.281636, 0) (0.130451, 0) (-0.0168531, 0) (-0.200705, 0) (0.202508, 0) (0.100656, 0) (-0.00649009, 0) (-0.0884268, 0) (0.153786, 0) (-0.19302, 0) (0.0160852, 0) (0.168055, 0) (-0.318242, 0) (0.312775, 0) (-0.145444, 0) 
0 7.1251 0 (-0.00832433, 0) (0.087723, 0) (-0.141308, 0) (0.177577, 0) (0.132814, 0) (-0.0719067, 0) (-0.300462, 0) (0.332693, 0) (-0.353254, 0) (0.314443, 0) (-0.303084, 0) (-0.312102, 0) (0.0970737, 0) (0.177862, 0) (-0.0379217, 0) (-0.0227525, 0) (0.0784116, 0) (-0.131368, 0) (0.0501743, 0) (-0.107768, 0) (0.0109989, 0) (0.166462, 0) (0.0587762, 0) (-0.139536, 0) (0.0312018, 0) (0.166713, 0) (0.177316, 0) (-0.156463, 0) (0.13497, 0) (-0.0834311, 0) (0.133261, 0) (-0.153309, 0) (0.121799, 0) (-0.0792793, 0) (0.00536489, 0) (-0.0211332, 0) 
1 7.12512 0 (-0.0227474, 0) (0.0784109, 0) (-0.131364, 0) (0.177863, 0) (0.0970774, 0) (-0.0379279, 0) (-0.303086, 0) (0.314446, 0) (-0.31211, 0) (0.332689, 0) (-0.30046, 0) (-0.353259, 0) (0.132814, 0) (0.177578, 0) (-0.0719118, 0) (-0.00832262, 0) (0.0877256, 0) (-0.141306, 0) (0.0587799, 0) (-0.139535, 0) (0.0312053, 0) (0.166705, 0) (0.0501723, 0) (-0.10777, 0) (0.0110054, 0) (0.166453, 0) (0.133262, 0) (-0.153306, 0) (0.121801, 0) (-0.0792811, 0) (0.177312, 0) (-0.156455, 0) (0.134968, 0) (-0.0834288, 0) (-0.0211332, 0) (0.00536281, 0) 
0 7.62948 0 (0.12703, 0) (-0.0705573, 0) (0.00650294, 0) (-0.0906587, 0) (0.246095, 0) (-0.194531, 0) (-0.0779298, 0) (0.170664, 0) (-0.21954, 0) (-0.232504, 0) (0.114361, 0) (0.266937, 0) (-0.2358, 0) (0.0428047, 0) (0.152502, 0) (-0.0915708, 0) (0.027562, 0) (0.0322481, 0) (0.0799134, 0) (0.146128, 0) (-0.115466, 0) (-0.0759004, 0) (-0.0396019, 0) (-0.203562, 0) (0.183176, 0) (0.0171645, 0) (0.284396, 0) (-0.224098, 0) (0.204748, 0) (-0.178066, 0) (-0.255386, 0) (0.244093, 0) (-0.196309, 0) (0.167453, 0) (0.147545, 0) (-0.134113, 0) 
1 7.62949 0 (0.091569, 0) (-0.0275632, 0) (-0.0322462, 0) (-0.0428068, 0) (0.235795, 0) (-0.152505, 0) (-0.114356, 0) (0.2325, 0) (-0.266939, 0) (-0.170662, 0) (0.0779315, 0) (0.219543, 0) (-0.24609, 0) (0.0906544, 0) (0.194538, 0) (-0.127028, 0) (0.0705571, 0) (-0.00649721, 0) (0.039597, 0) (0.203566, 0) (-0.183181, 0) (-0.0171625, 0) (-0.0799132, 0) (-0.146128, 0) (0.115467, 0) (0.0758976, 0) (0.255389, 0) (-0.244088, 0) (0.196308, 0) (-0.167447, 0) (-0.284399, 0) (0.224096, 0) (-0.204751, 0) (0.178065, 0) (0.134114, 0) (-0.147553, 0) 
1 8.3858 0 (-0.216905, 0) (0.253446, 0) (-0.399567, 0) (0.400459, 0) (-0.35058, 0) (0.233851, 0) (-0.196432, 0) (0.0470267, 0) (0.151169, 0) (0.0175957, 0) (-0.00750143, 0) (-0.0335782, 0) (-0.0244325, 0) (0.0610951, 0) (0.0294387, 0) (-0.0402761, 0) (0.0658958, 0) (-0.102887, 0) (0.00139784, 0) (0.17557, 0) (-0.164582, 0) (0.0826082, 0) (-0.0611961, 0) (0.103438, 0) (-0.0442699, 0) (-0.0469708, 0) (-0.129455, 0) (0.0872908, 0) (-0.0565329, 0) (0.047059, 0) (-0.255119, 0) (0.151952, 0) (-0.119121, 0) (0.115387, 0) (0.247881, 0) (0.118125, 0) 
0 8.38581 0 (0.0402822, 0) (-0.0659001, 0) (0.102897, 0) (-0.0611055, 0) (0.0244442, 0) (-0.0294453, 0) (0.00750528, 0) (-0.0175926, 0) (0.0335696, 0) (-0.0470257, 0) (0.196432, 0) (-0.15117, 0) (0.350588, 0) (-0.400456, 0) (-0.233846, 0) (0.216907, 0) (-0.253437, 0) (0.399568, 0) (0.0611943, 0) (-0.10344, 0) (0.0442702, 0) (0.0469731, 0) (-0.00140022, 0) (-0.175567, 0) (0.164577, 0) (-0.0826056, 0) (0.255116, 0) (-0.151952, 0) (0.119118, 0) (-0.115386, 0) (0.129459, 0) (-0.0872955, 0) (0.0565348, 0) (-0.0470613, 0) (-0.11813, 0) (-0.247879, 0) 
0 8.62528 0 (0.212732, 0) (-0.275212, 0) (0.409621, 0) (-0.435136, 0) (0.352537, 0) (-0.247179, 0) (0.236683, 0) (-0.0474693, 0) (-0.170743, 0) (0.0692025, 0) (-0.0872479, 0) (0.0148282, 0) (-0.0630254, 0) (0.0925895, 0) (0.0393769, 0) (-0.0360263, 0) (0.0447518, 0) (-0.0767997, 0) (-0.0903781, 0) (-0.0867306, 0) (0.0841862, 0) (-0.0418761, 0) (0.045323, 0) (0.0247698, 0) (-0.0665055, 0) (0.0953805, 0) (-0.040029, 0) (0.0262665, 0) (-0.026991, 0) (0.0367034, 0) (0.210859, 0) (-0.133199, 0) (0.0847521, 0) (-0.0757337, 0) (-0.301843, 0) (0.0427969, 0) 
1 8.6253 0 (-0.0360286, 0) (0.0447536, 0) (-0.0767981, 0) (0.0925953, 0) (-0.0630374, 0) (0.0393838, 0) (-0.0872491, 0) (0.0691846, 0) (0.0148483, 0) (-0.0474813, 0) (0.236677, 0) (-0.170724, 0) (0.352517, 0) (-0.435131, 0) (-0.247179, 0) (0.212728, 0) (-0.275222, 0) (0.409621, 0) (0.045339, 0) (0.0247446, 0) (-0.0664795, 0) (0.0953584, 0) (-0.0903567, 0) (-0.0867598, 0) (0.0842128, 0) (-0.041894, 0) (0.210883, 0) (-0.133212, 0) (0.0847648, 0) (-0.0757491, 0) (-0.0400096, 0) (0.0262537, 0) (-0.0269791, 0) (0.0366876, 0) (0.0427893, 0) (-0.301858, 0) 
1 8.67271 0 (-0.080595, 0) (0.0691639, 0) (-0.094986, 0) (0.182829, 0) (-0.224536, 0) (0.120465, 0) (-0.132067, 0) (-0.109413, 0) (0.223641, 0) (-0.192232, 0) (-0.0240842, 0) (0.235619, 0) (-0.169036, 0) (0.0832186, 0) (0.0931693, 0) (-0.0456584, 0) (0.0197568, 0) (0.000636119, 0) (0.242413, 0) (-0.268015, 0) (0.254016, 0) (-0.195459, 0) (0.167742, 0) (-0.276197, 0) (0.272755, 0) (-0.208383, 0) (0.216132, 0) (-0.157859, 0) (0.136986, 0) (-0.182244, 0) (0.17061, 0) (-0.107386, 0) (0.10528, 0) (-0.140078, 0) (-0.0275257, 0) (-0.104558, 0) 
0 8.67271 0 (-0.0456393, 0) (0.019732, 0) (0.000671582, 0) (0.0831779, 0) (-0.169005, 0) (0.0931432, 0) (-0.0240605, 0) (-0.192237, 0) (0.235601, 0) (-0.109404, 0) (-0.132073, 0) (0.223638, 0) (-0.224543, 0) (0.182834, 0) (0.120464, 0) (-0.0805975, 0) (0.0691637, 0) (-0.0949897, 0) (0.167729, 0) (-0.276203, 0) (0.272761, 0) (-0.208394, 0) (0.242416, 0) (-0.268018, 0) (0.254013, 0) (-0.195457, 0) (0.17061, 0) (-0.107387, 0) (0.105279, 0) (-0.14008, 0) (0.216147, 0) (-0.157871, 0) (0.136993, 0) (-0.182254, 0) (-0.104581, 0) (-0.0275242, 0) 
0 9.18988 0 (-0.00504597, 0) (-0.00396897, 0) (0.0148512, 0) (-0.10257, 0) (-0.0384222, 0) (0.0174152, 0) (0.280467, 0) (-0.303446, 0) (0.186163, 0) (0.317062, 0) (-0.279741, 0) (-0.200831, 0) (0.0483207, 0) (0.0974382, 0) (-0.0192568, 0) (0.00414624, 0) (0.00870748, 0) (-0.02792, 0) (-0.331613, 0) (0.275932, 0) (-0.211241, 0) (0.160117, 0) (0.308064, 0) (-0.228555, 0) (0.174285, 0) (-0.133672, 0) (0.130252, 0) (-0.0691917, 0) (0.0607616, 0) (-0.0852713, 0) (-0.165991, 0) (0.10279, 0) (-0.0836274, 0) (0.120858, 0) (0.0667359, 0) (-0.0348194, 0) 
1 9.18988 0 (0.0041451, 0) (0.00870904, 0) (-0.0279222, 0) (0.0974425, 0) (0.0483175, 0) (-0.0192559, 0) (-0.279743, 0) (0.317062, 0) (-0.200832, 0) (-0.303449, 0) (0.280472, 0) (0.186166, 0) (-0.03842, 0) (-0.102577, 0) (0.0174145, 0) (-0.00504474, 0) (-0.00397113, 0) (0.0148549, 0) (0.308067, 0) (-0.228553, 0) (0.174284, 0) (-0.133668, 0) (-0.331616, 0) (0.275928, 0) (-0.211237, 0) (0.160109, 0) (-0.165988, 0) (0.102786, 0) (-0.0836251, 0) (0.120852, 0) (0.130251, 0) (-0.0691896, 0) (0.0607608, 0) (-0.0852687, 0) (-0.0348182, 0) (0.0667338, 0) 
