1 -5.35714 1 (-0.0586434, 0) (-0.0766134, 0) (-0.145745, 0) (-0.218659, 0) (-0.180785, 0) (-0.0894327, 0) (-0.270986, 0) (-0.264784, 0) (-0.203527, 0) (-0.264784, 0) (-0.270983, 0) (-0.203524, 0) (-0.180784, 0) (-0.218655, 0) (-0.0894303, 0) (-0.0586428, 0) (-0.076611, 0) (-0.145744, 0) (-0.267698, 0) (-0.20255, 0) (-0.143783, 0) (-0.127991, 0) (-0.267697, 0) (-0.202546, 0) (-0.143782, 0) (-0.127988, 0) (-0.138149, 0) (-0.0725378, 0) (-0.0516465, 0) (-0.0745335, 0) (-0.13815, 0) (-0.0725393, 0) (-0.0516471, 0) (-0.0745353, 0) (-0.116963, 0) (-0.116962, 0) 
0 -5.24753 1 (0.0567413, 0) (0.0672481, 0) (0.136479, 0) (0.21171, 0) (0.18715, 0) (0.0858084, 0) (0.275635, 0) (0.27327, 0) (0.215776, 0) (0.273271, 0) (0.275639, 0) (0.215781, 0) (0.187151, 0) (0.211714, 0) (0.0858111, 0) (0.056742, 0) (0.0672502, 0) (0.136481, 0) (0.27571, 0) (0.198931, 0) (0.146572, 0) (0.132106, 0) (0.27571, 0) (0.198934, 0) (0.146573, 0) (0.132109, 0) (0.129902, 0) (0.0608028, 0) (0.0477909, 0) (0.0668124, 0) (0.129901, 0) (0.0608021, 0) (0.0477909, 0) (0.0668115, 0) (0.0858074, 0) (0.085808, 0) 
1 -4.51313 1 (0.123242, 0) (0.165916, 0) (0.267523, 0) (0.281773, 0) (0.218472, 0) (0.144513, 0) (0.195907, 0) (0.0802277, 0) (0.123692, 0) (-0.0802305, 0) (-0.195909, 0) (-0.123692, 0) (-0.218475, 0) (-0.281773, 0) (-0.144511, 0) (-0.123243, 0) (-0.165914, 0) (-0.267526, 0) (0.11979, 0) (0.177263, 0) (0.0967744, 0) (-0.0112115, 0) (-0.119794, 0) (-0.177265, 0) (-0.0967779, 0) (0.0112096, 0) (-0.20904, 0) (-0.125248, 0) (-0.0795197, 0) (-0.0763384, 0) (0.209036, 0) (0.125247, 0) (0.0795177, 0) (0.0763372, 0) (0.225362, 0) (-0.225366, 0) 
1 -4.39644 1 (0.0651065, 0) (0.0470382, 0) (0.0436448, 0) (0.131261, 0) (0.19986, 0) (0.114142, 0) (0.0684798, 0) (0.195801, 0) (0.249085, 0) (-0.195799, 0) (-0.0684764, 0) (-0.249081, 0) (-0.199859, 0) (-0.131256, 0) (-0.114138, 0) (-0.0651049, 0) (-0.0470351, 0) (-0.0436418, 0) (-0.16161, 0) (-0.260905, 0) (-0.264102, 0) (-0.217662, 0) (0.161611, 0) (0.260899, 0) (0.264098, 0) (0.217655, 0) (0.189431, 0) (0.138895, 0) (0.124566, 0) (0.171504, 0) (-0.189434, 0) (-0.138898, 0) (-0.124568, 0) (-0.17151, 0) (-0.0703812, 0) (0.0703814, 0) 
0 -4.33956 1 (-0.131674, 0) (-0.135657, 0) (-0.212483, 0) (-0.283452, 0) (-0.307491, 0) (-0.175246, 0) (-0.187043, 0) (-0.202905, 0) (-0.281252, 0) (0.202903, 0) (0.187043, 0) (0.281254, 0) (0.307489, 0) (0.283454, 0) (0.17525, 0) (0.131673, 0) (0.135659, 0) (0.212482, 0) (0.0330612, 0) (0.0626972, 0) (0.121475, 0) (0.167343, 0) (-0.0330642, 0) (-0.0627036, 0) (-0.121481, 0) (-0.16735, 0) (0.00158317, 0) (-0.0109497, 0) (-0.0299008, 0) (-0.0588388, 0) (-0.00158827, 0) (0.0109467, 0) (0.0298983, 0) (0.058835, 0) (-0.0773346, 0) (0.0773322, 0) 
0 -4.24602 1 (0.0511663, 0) (0.0849658, 0) (0.161446, 0) (0.123951, 0) (0.0330405, 0) (0.0340733, 0) (0.110392, 0) (-0.0759077, 0) (-0.0796601, 0) (0.0759097, 0) (-0.11039, 0) (0.0796626, 0) (-0.0330378, 0) (-0.123949, 0) (-0.0340724, 0) (-0.0511648, 0) (-0.0849658, 0) (-0.161442, 0) (0.215665, 0) (0.318673, 0) (0.267427, 0) (0.14633, 0) (-0.215663, 0) (-0.318675, 0) (-0.267426, 0) (-0.146334, 0) (-0.28326, 0) (-0.16705, 0) (-0.142971, 0) (-0.16169, 0) (0.283262, 0) (0.16705, 0) (0.142972, 0) (0.161689, 0) (0.16269, 0) (-0.162687, 0) 
1 -3.70531 1 (-0.105757, 0) (-0.0902461, 0) (-0.0797893, 0) (-0.185729, 0) (-0.192692, 0) (-0.144499, 0) (-0.121422, 0) (-0.0924934, 0) (-0.0972002, 0) (-0.0924989, 0) (-0.121424, 0) (-0.0972052, 0) (-0.1927, 0) (-0.185732, 0) (-0.144501, 0) (-0.10576, 0) (-0.0902466, 0) (-0.0797917, 0) (0.0159395, 0) (0.248131, 0) (0.24586, 0) (0.07073, 0) (0.0159424, 0) (0.248134, 0) (0.245867, 0) (0.0707326, 0) (0.259718, 0) (0.230905, 0) (0.203182, 0) (0.223382, 0) (0.259714, 0) (0.230905, 0) (0.203178, 0) (0.223381, 0) (0.0991078, 0) (0.0991086, 0) 
0 -3.53775 1 (0.129123, 0) (0.114944, 0) (0.128351, 0) (0.196083, 0) (0.205745, 0) (0.151591, 0) (0.0967651, 0) (0.0607411, 0) (0.0863323, 0) (0.0607376, 0) (0.0967632, 0) (0.0863291, 0) (0.205737, 0) (0.196079, 0) (0.15159, 0) (0.129119, 0) (0.114943, 0) (0.128347, 0) (-0.0510513, 0) (-0.263646, 0) (-0.263719, 0) (-0.0840856, 0) (-0.0510501, 0) (-0.263646, 0) (-0.263714, 0) (-0.0840849, 0) (-0.25009, 0) (-0.193967, 0) (-0.193939, 0) (-0.201091, 0) (-0.250092, 0) (-0.193969, 0) (-0.193943, 0) (-0.201093, 0) (-0.049265, 0) (-0.0492655, 0) 
1 -3.40337 1 (-0.183762, 0) (-0.259273, 0) (-0.320309, 0) (-0.124357, 0) (-0.0664261, 0) (-0.128067, 0) (0.136899, 0) (0.21243, 0) (0.112507, 0) (0.212429, 0) (0.136898, 0) (0.112502, 0) (-0.0664282, 0) (-0.124357, 0) (-0.128064, 0) (-0.183762, 0) (-0.259266, 0) (-0.32031, 0) (0.192332, 0) (0.0419556, 0) (0.0658687, 0) (0.0896382, 0) (0.192334, 0) (0.0419567, 0) (0.0658704, 0) (0.0896375, 0) (-0.174712, 0) (-0.120766, 0) (-0.0538846, 0) (0.0063136, 0) (-0.174711, 0) (-0.120768, 0) (-0.053885, 0) (0.00631262, 0) (-0.290571, 0) (-0.290572, 0) 
0 -3.09242 1 (0.203115, 0) (0.249303, 0) (0.314204, 0) (0.113765, 0) (0.0758312, 0) (0.136465, 0) (-0.158818, 0) (-0.228279, 0) (-0.102776, 0) (-0.228279, 0) (-0.158818, 0) (-0.10278, 0) (0.075831, 0) (0.113767, 0) (0.136469, 0) (0.203116, 0) (0.24931, 0) (0.314205, 0) (-0.197022, 0) (0.00995509, 0) (0.00993124, 0) (-0.0477442, 0) (-0.197018, 0) (0.00995613, 0) (0.00993185, 0) (-0.0477439, 0) (0.206775, 0) (0.149127, 0) (0.110008, 0) (0.0568191, 0) (0.206777, 0) (0.149127, 0) (0.11001, 0) (0.056819, 0) (0.225903, 0) (0.225902, 0) 
1 -2.59008 1 (0.139391, 0) (0.0291306, 0) (-0.0915308, 0) (-0.0324006, 0) (0.228582, 0) (0.222696, 0) (-0.192385, 0) (-0.0985353, 0) (0.222329, 0) (-0.0985387, 0) (-0.192382, 0) (0.222327, 0) (0.22858, 0) (-0.0323997, 0) (0.222684, 0) (0.139386, 0) (0.0291259, 0) (-0.0915319, 0) (-0.205169, 0) (-0.0646749, 0) (0.231352, 0) (0.268659, 0) (-0.205164, 0) (-0.0646692, 0) (0.231348, 0) (0.268644, 0) (-0.135394, 0) (-0.0189893, 0) (0.10517, 0) (0.210694, 0) (-0.135401, 0) (-0.0189948, 0) (0.105169, 0) (0.210701, 0) (-0.161818, 0) (-0.161813, 0) 
1 -2.42794 1 (0.181247, 0) (0.278071, 0) (0.258912, 0) (0.0160988, 0) (-0.119961, 0) (0.0384891, 0) (-0.112424, 0) (-0.237533, 0) (-0.263931, 0) (0.237536, 0) (0.112426, 0) (0.263923, 0) (0.119958, 0) (-0.0160999, 0) (-0.0384913, 0) (-0.181249, 0) (-0.278064, 0) (-0.258913, 0) (0.0317769, 0) (-0.0719447, 0) (-0.101138, 0) (0.0999525, 0) (-0.0317727, 0) (0.0719471, 0) (0.101142, 0) (-0.0999497, 0) (0.0478109, 0) (0.169128, 0) (0.211227, 0) (0.203216, 0) (-0.0478127, 0) (-0.169131, 0) (-0.211227, 0) (-0.203218, 0) (0.157262, 0) (-0.157264, 0) 
0 -2.42736 1 (0.0941336, 0) (-0.023635, 0) (-0.137356, 0) (-0.0572456, 0) (0.228083, 0) (0.179232, 0) (-0.192973, 0) (-0.0728968, 0) (0.265342, 0) (-0.0728926, 0) (-0.192977, 0) (0.265347, 0) (0.228084, 0) (-0.0572479, 0) (0.17924, 0) (0.0941363, 0) (-0.0236338, 0) (-0.137355, 0) (-0.200857, 0) (-0.0691441, 0) (0.237862, 0) (0.296286, 0) (-0.200863, 0) (-0.0691487, 0) (0.237865, 0) (0.296299, 0) (-0.156713, 0) (-0.041268, 0) (0.0792143, 0) (0.170053, 0) (-0.15671, 0) (-0.0412658, 0) (0.0792146, 0) (0.170048, 0) (-0.142758, 0) (-0.142759, 0) 
0 -2.25771 1 (-0.223914, 0) (-0.271738, 0) (-0.25595, 0) (-0.0637986, 0) (0.0776422, 0) (-0.0843101, 0) (0.0683669, 0) (0.238167, 0) (0.275081, 0) (-0.238163, 0) (-0.0683627, 0) (-0.275087, 0) (-0.0776437, 0) (0.0637997, 0) (0.0843096, 0) (0.22391, 0) (0.271742, 0) (0.255948, 0) (-0.0613968, 0) (0.0712502, 0) (0.0543529, 0) (-0.13496, 0) (0.0614002, 0) (-0.0712517, 0) (-0.0543514, 0) (0.134964, 0) (-0.125924, 0) (-0.189378, 0) (-0.217817, 0) (-0.151057, 0) (0.125919, 0) (0.189373, 0) (0.217817, 0) (0.151055, 0) (-0.0651112, 0) (0.0651075, 0) 
1 -2.21326 1 (0.0550371, 0) (-0.0284509, 0) (-0.09781, 0) (0.150808, 0) (0.126802, 0) (0.120201, 0) (0.207512, 0) (-0.054896, 0) (-0.0598101, 0) (0.0548959, 0) (-0.207509, 0) (0.059806, 0) (-0.126809, 0) (-0.150807, 0) (-0.120205, 0) (-0.0550432, 0) (0.0284479, 0) (0.0978131, 0) (0.237659, 0) (0.116334, 0) (0.20481, 0) (0.170817, 0) (-0.237659, 0) (-0.116334, 0) (-0.204813, 0) (-0.170813, 0) (0.26225, 0) (0.270073, 0) (0.129924, 0) (-0.051378, 0) (-0.262249, 0) (-0.27008, 0) (-0.129928, 0) (0.0513739, 0) (-0.28512, 0) (0.285124, 0) 
1 -1.98518 1 (-0.27956, 0) (-0.183452, 0) (0.0192569, 0) (0.102715, 0) (-0.0903372, 0) (-0.258974, 0) (0.223486, 0) (-0.00135464, 0) (0.0134256, 0) (0.00135, 0) (-0.22349, 0) (-0.0134211, 0) (0.0903467, 0) (-0.102712, 0) (0.258977, 0) (0.279569, 0) (0.183449, 0) (-0.0192599, 0) (0.239009, 0) (0.135867, 0) (-0.151729, 0) (-0.112758, 0) (-0.239017, 0) (-0.135868, 0) (0.151736, 0) (0.11276, 0) (-0.111726, 0) (0.0694978, 0) (0.206773, 0) (0.261086, 0) (0.111723, 0) (-0.0694952, 0) (-0.206764, 0) (-0.261081, 0) (0.111154, 0) (-0.11116, 0) 
0 -1.88924 1 (-0.161375, 0) (-0.17168, 0) (-0.118367, 0) (0.158108, 0) (0.0608305, 0) (-0.0629007, 0) (0.308421, 0) (-0.00896062, 0) (-0.00402984, 0) (0.00896218, 0) (-0.308422, 0) (0.00402785, 0) (-0.0608316, 0) (-0.158112, 0) (0.0629023, 0) (0.161375, 0) (0.171686, 0) (0.118368, 0) (0.318406, 0) (0.150227, 0) (0.0827989, 0) (0.0579199, 0) (-0.3184, 0) (-0.150224, 0) (-0.0827979, 0) (-0.0579236, 0) (0.171067, 0) (0.236934, 0) (0.226659, 0) (0.0863878, 0) (-0.171065, 0) (-0.236932, 0) (-0.226662, 0) (-0.0863877, 0) (-0.155559, 0) (0.155561, 0) 
0 -1.72125 1 (-0.210252, 0) (-0.0453461, 0) (0.139184, 0) (0.0112724, 0) (-0.169511, 0) (-0.247202, 0) (0.0475122, 0) (-0.0356848, 0) (-0.00760095, 0) (0.0356859, 0) (-0.0475108, 0) (0.00759909, 0) (0.169502, 0) (-0.0112735, 0) (0.2472, 0) (0.210241, 0) (0.0453447, 0) (-0.139179, 0) (0.0934829, 0) (0.0482742, 0) (-0.286704, 0) (-0.194246, 0) (-0.09348, 0) (-0.0482744, 0) (0.286697, 0) (0.19425, 0) (-0.264165, 0) (-0.0851268, 0) (0.126565, 0) (0.257793, 0) (0.264171, 0) (0.085124, 0) (-0.126574, 0) (-0.257799, 0) (0.224289, 0) (-0.224282, 0) 
1 -1.26465 1 (-0.183439, 0) (0.0366792, 0) (0.225695, 0) (0.191995, 0) (-0.139483, 0) (-0.278033, 0) (0.147427, 0) (0.198212, 0) (-0.097277, 0) (-0.198223, 0) (-0.147431, 0) (0.097272, 0) (0.139456, 0) (-0.191989, 0) (0.27799, 0) (0.183432, 0) (-0.0366544, 0) (-0.225662, 0) (-0.205018, 0) (-0.203897, 0) (0.124862, 0) (0.185455, 0) (0.205016, 0) (0.203907, 0) (-0.124827, 0) (-0.185417, 0) (0.16406, 0) (0.0805825, 0) (-0.0753577, 0) (-0.180953, 0) (-0.164077, 0) (-0.0806346, 0) (0.0753189, 0) (0.180955, 0) (0.0676016, 0) (-0.0675836, 0) 
1 -1.20191 1 (-0.104813, 0) (-0.186474, 0) (-0.105683, 0) (0.126627, 0) (0.162868, 0) (0.0510056, 0) (0.0939653, 0) (0.0511653, 0) (0.0326318, 0) (0.0511465, 0) (0.093946, 0) (0.0326497, 0) (0.162891, 0) (0.1266, 0) (0.0510365, 0) (-0.104797, 0) (-0.186479, 0) (-0.105715, 0) (-0.0619423, 0) (-0.220624, 0) (-0.234991, 0) (-0.172273, 0) (-0.0619188, 0) (-0.220593, 0) (-0.235012, 0) (-0.172294, 0) (0.0378196, 0) (0.346152, 0) (0.33517, 0) (0.0924776, 0) (0.0377934, 0) (0.346143, 0) (0.335177, 0) (0.0925061, 0) (-0.0764296, 0) (-0.0764362, 0) 
0 -1.12318 1 (0.210697, 0) (-0.0281706, 0) (-0.248607, 0) (-0.194847, 0) (0.150417, 0) (0.274667, 0) (-0.155707, 0) (-0.199265, 0) (0.10296, 0) (0.199258, 0) (0.15571, 0) (-0.102969, 0) (-0.150434, 0) (0.194854, 0) (-0.274692, 0) (-0.210697, 0) (0.0281852, 0) (0.248624, 0) (0.202245, 0) (0.196082, 0) (-0.10885, 0) (-0.174285, 0) (-0.202244, 0) (-0.196082, 0) (0.108868, 0) (0.174305, 0) (-0.15137, 0) (-0.0370213, 0) (0.0997288, 0) (0.150986, 0) (0.151359, 0) (0.0370017, 0) (-0.0997443, 0) (-0.150981, 0) (-0.0616715, 0) (0.0616755, 0) 
1 -1.0612 1 (0.343648, 0) (0.218442, 0) (-0.108451, 0) (-0.115911, 0) (-0.117947, 0) (0.207808, 0) (0.0940782, 0) (0.0375508, 0) (-0.23802, 0) (0.037548, 0) (0.0940706, 0) (-0.238011, 0) (-0.117945, 0) (-0.115922, 0) (0.207816, 0) (0.343667, 0) (0.21844, 0) (-0.10846, 0) (0.189447, 0) (0.0894493, 0) (0.000442366, 0) (-0.211655, 0) (0.189454, 0) (0.0894583, 0) (0.000435332, 0) (-0.211655, 0) (-0.0894721, 0) (0.0357117, 0) (0.126091, 0) (0.122731, 0) (-0.0894855, 0) (0.0357066, 0) (0.126099, 0) (0.122748, 0) (-0.236725, 0) (-0.236721, 0) 
0 -1.01392 1 (-0.188564, 0) (-0.200149, 0) (-0.0726795, 0) (0.138201, 0) (0.172224, 0) (-0.0128235, 0) (0.0749471, 0) (0.0459924, 0) (0.0769316, 0) (0.0460016, 0) (0.0749532, 0) (0.0769264, 0) (0.17221, 0) (0.138209, 0) (-0.0128357, 0) (-0.188565, 0) (-0.200147, 0) (-0.0726653, 0) (-0.0948741, 0) (-0.229523, 0) (-0.226836, 0) (-0.127595, 0) (-0.0948856, 0) (-0.229535, 0) (-0.226824, 0) (-0.127588, 0) (0.0444958, 0) (0.296461, 0) (0.357042, 0) (0.0970987, 0) (0.0445031, 0) (0.29646, 0) (0.357041, 0) (0.0970862, 0) (-0.0183393, 0) (-0.0183348, 0) 
1 -0.906685 1 (-0.122508, 0) (0.109876, 0) (0.234524, 0) (0.213327, 0) (-0.13967, 0) (-0.25482, 0) (0.136462, 0) (-0.0218641, 0) (-0.12355, 0) (-0.0218467, 0) (0.136468, 0) (-0.123555, 0) (-0.13968, 0) (0.213338, 0) (-0.254832, 0) (-0.122525, 0) (0.109875, 0) (0.234545, 0) (-0.0381402, 0) (-0.15694, 0) (0.141651, 0) (0.0169887, 0) (-0.0381594, 0) (-0.156949, 0) (0.141669, 0) (0.0170087, 0) (-0.270703, 0) (-0.11864, 0) (0.155837, 0) (0.305542, 0) (-0.27069, 0) (-0.118628, 0) (0.155839, 0) (0.305536, 0) (-0.0464312, 0) (-0.0464207, 0) 
0 -0.82798 1 (0.372605, 0) (0.102648, 0) (-0.245692, 0) (-0.179778, 0) (-0.0199915, 0) (0.292527, 0) (0.0510789, 0) (0.0706562, 0) (-0.134857, 0) (0.0706583, 0) (0.0510806, 0) (-0.134864, 0) (-0.0199899, 0) (-0.179769, 0) (0.292527, 0) (0.372585, 0) (0.102647, 0) (-0.245681, 0) (0.166478, 0) (0.0573161, 0) (-0.0866131, 0) (-0.200247, 0) (0.166468, 0) (0.0573092, 0) (-0.0866002, 0) (-0.200243, 0) (-0.0146015, 0) (0.105111, 0) (0.14973, 0) (0.0496211, 0) (-0.0145884, 0) (0.105117, 0) (0.149726, 0) (0.0496072, 0) (-0.177359, 0) (-0.17736, 0) 
0 -0.722928 1 (-0.0142071, 0) (-0.158167, 0) (-0.175194, 0) (-0.127023, 0) (0.181777, 0) (0.143652, 0) (-0.153271, 0) (-0.00707948, 0) (0.177311, 0) (-0.0070698, 0) (-0.153268, 0) (0.17731, 0) (0.181765, 0) (-0.127018, 0) (0.143642, 0) (-0.0142157, 0) (-0.158167, 0) (-0.175176, 0) (-0.0320418, 0) (0.127125, 0) (-0.161238, 0) (0.0150618, 0) (-0.0320503, 0) (0.127122, 0) (-0.16123, 0) (0.0150708, 0) (0.333108, 0) (0.0901956, 0) (-0.220664, 0) (-0.309647, 0) (0.333114, 0) (0.0902012, 0) (-0.220662, 0) (-0.309643, 0) (0.11054, 0) (0.110548, 0) 
1 -0.348162 1 (-0.00563575, 0) (-0.0352238, 0) (-0.0229876, 0) (-0.158355, 0) (0.0300674, 0) (0.0297217, 0) (-0.146031, 0) (0.241301, 0) (0.157943, 0) (-0.241293, 0) (0.146034, 0) (-0.157939, 0) (-0.030083, 0) (0.158347, 0) (-0.0297326, 0) (0.00564069, 0) (0.0352392, 0) (0.0229971, 0) (-0.216812, 0) (0.191572, 0) (0.260327, 0) (0.119286, 0) (0.216817, 0) (-0.191583, 0) (-0.260339, 0) (-0.119284, 0) (-0.120935, 0) (0.243948, 0) (0.306659, 0) (0.0604036, 0) (0.120926, 0) (-0.243944, 0) (-0.306641, 0) (-0.0603986, 0) (0.171205, 0) (-0.171204, 0) 
0 -0.225954 1 (-0.00188261, 0) (-0.00801218, 0) (-0.00623701, 0) (0.133343, 0) (0.00820484, 0) (0.00643529, 0) (0.127475, 0) (-0.257741, 0) (-0.132534, 0) (0.257747, 0) (-0.127476, 0) (0.132542, 0) (-0.00822048, 0) (-0.133353, 0) (-0.00644631, 0) (0.00188782, 0) (0.00802766, 0) (0.00624703, 0) (0.239116, 0) (-0.18136, 0) (-0.249173, 0) (-0.132078, 0) (-0.239111, 0) (0.181354, 0) (0.249162, 0) (0.132085, 0) (0.156048, 0) (-0.186888, 0) (-0.354636, 0) (-0.100522, 0) (-0.156054, 0) (0.186889, 0) (0.354647, 0) (0.100519, 0) (-0.1304, 0) (0.130403, 0) 
1 0.0461053 1 (0.115304, 0) (0.250209, 0) (0.0514825, 0) (-0.281615, 0) (-0.219729, 0) (-0.154478, 0) (-0.0377378, 0) (0.260152, 0) (0.253985, 0) (0.260179, 0) (-0.0377327, 0) (0.253979, 0) (-0.219743, 0) (-0.281622, 0) (-0.154466, 0) (0.115317, 0) (0.250203, 0) (0.0514793, 0) (-0.00762062, 0) (-0.228208, 0) (-0.134986, 0) (0.16705, 0) (-0.0076371, 0) (-0.2282, 0) (-0.134977, 0) (0.167053, 0) (-0.0199513, 0) (0.137503, 0) (0.104557, 0) (-0.0490006, 0) (-0.0199583, 0) (0.137515, 0) (0.104567, 0) (-0.0490003, 0) (0.0739954, 0) (0.0740045, 0) 
1 0.149934 1 (0.228491, 0) (0.32162, 0) (-0.0264702, 0) (-0.208623, 0) (-0.318193, 0) (-0.140702, 0) (0.200091, 0) (0.241746, 0) (0.0978485, 0) (-0.241743, 0) (-0.200096, 0) (-0.0978373, 0) (0.318199, 0) (0.20861, 0) (0.140694, 0) (-0.228493, 0) (-0.321603, 0) (0.0264659, 0) (0.113387, 0) (0.123107, 0) (-0.00500805, 0) (-0.152621, 0) (-0.113385, 0) (-0.123102, 0) (0.00500492, 0) (0.152615, 0) (0.0254181, 0) (0.00952136, 0) (-0.0199258, 0) (-0.0256213, 0) (-0.0254173, 0) (-0.00951811, 0) (0.0199271, 0) (0.0256197, 0) (-0.133877, 0) (0.133869, 0) 
0 0.279746 1 (0.11016, 0) (0.231629, 0) (0.0811925, 0) (-0.274044, 0) (-0.237374, 0) (-0.159992, 0) (-0.0585192, 0) (0.251553, 0) (0.268929, 0) (0.251472, 0) (-0.0585816, 0) (0.268931, 0) (-0.237292, 0) (-0.274002, 0) (-0.159988, 0) (0.11009, 0) (0.231586, 0) (0.0812131, 0) (-0.0192121, 0) (-0.205734, 0) (-0.148038, 0) (0.173759, 0) (-0.0192157, 0) (-0.205756, 0) (-0.148039, 0) (0.173773, 0) (0.0173443, 0) (0.123167, 0) (0.0904645, 0) (-0.0667948, 0) (0.0173482, 0) (0.123163, 0) (0.0904595, 0) (-0.0667965, 0) (0.0932035, 0) (0.0932192, 0) 
0 0.334456 1 (0.279409, 0) (0.25729, 0) (-0.0720717, 0) (-0.197234, 0) (-0.342367, 0) (-0.0812497, 0) (0.263911, 0) (0.264254, 0) (0.0472859, 0) (-0.26431, 0) (-0.263897, 0) (-0.0473465, 0) (0.342414, 0) (0.197306, 0) (0.0812838, 0) (-0.279434, 0) (-0.257354, 0) (0.07206, 0) (0.115704, 0) (0.0750284, 0) (-0.0271141, 0) (-0.110232, 0) (-0.115705, 0) (-0.0749896, 0) (0.027146, 0) (0.110202, 0) (0.035442, 0) (-0.00767214, 0) (-0.042002, 0) (-0.01765, 0) (-0.0354432, 0) (0.0076459, 0) (0.0419809, 0) (0.0176622, 0) (-0.103679, 0) (0.103666, 0) 
1 0.580441 1 (-0.126183, 0) (0.0738564, 0) (0.160799, 0) (-0.0345868, 0) (0.0527261, 0) (-0.153649, 0) (-0.231978, 0) (-0.221703, 0) (0.221499, 0) (0.221704, 0) (0.231968, 0) (-0.221489, 0) (-0.0527115, 0) (0.0345896, 0) (0.153647, 0) (0.126177, 0) (-0.0738656, 0) (-0.160801, 0) (0.12342, 0) (0.0792581, 0) (0.0640256, 0) (-0.306103, 0) (-0.123425, 0) (-0.0792487, 0) (-0.0640222, 0) (0.306081, 0) (0.146675, 0) (0.234858, 0) (-0.0486453, 0) (-0.266407, 0) (-0.146671, 0) (-0.234877, 0) (0.0486397, 0) (0.266423, 0) (0.0619307, 0) (-0.0619217, 0) 
0 0.834549 1 (0.100199, 0) (-0.139745, 0) (-0.186929, 0) (0.078265, 0) (0.00848305, 0) (0.184316, 0) (0.223681, 0) (0.156972, 0) (-0.258423, 0) (-0.156979, 0) (-0.223688, 0) (0.258427, 0) (-0.00846618, 0) (-0.0782546, 0) (-0.184321, 0) (-0.100208, 0) (0.139741, 0) (0.186928, 0) (-0.121798, 0) (-0.122702, 0) (-0.114807, 0) (0.29294, 0) (0.121795, 0) (0.122718, 0) (0.114815, 0) (-0.292964, 0) (-0.172416, 0) (-0.210001, 0) (0.0317523, 0) (0.223262, 0) (0.172414, 0) (0.209984, 0) (-0.0317575, 0) (-0.223247, 0) (-0.0170401, 0) (0.0170371, 0) 
1 1.63072 1 (0.00765197, 0) (-0.198296, 0) (-0.0234548, 0) (-0.199805, 0) (0.0101807, 0) (0.200158, 0) (-0.0156064, 0) (0.150974, 0) (0.0021094, 0) (0.150958, 0) (-0.0156463, 0) (0.00213319, 0) (0.0102077, 0) (-0.199787, 0) (0.200123, 0) (0.00763331, 0) (-0.198266, 0) (-0.0234448, 0) (0.0459629, 0) (-0.12754, 0) (-0.0222852, 0) (-0.160675, 0) (0.0459538, 0) (-0.127519, 0) (-0.0222737, 0) (-0.160669, 0) (-0.0396823, 0) (-0.27481, 0) (0.0318763, 0) (0.283084, 0) (-0.0396786, 0) (-0.274833, 0) (0.031879, 0) (0.283108, 0) (0.392463, 0) (0.392418, 0) 
1 2.04594 1 (-0.10325, 0) (0.22248, 0) (0.0867659, 0) (0.156689, 0) (0.118241, 0) (-0.231729, 0) (-0.206455, 0) (-0.0446216, 0) (0.0854567, 0) (0.0446355, 0) (0.206447, 0) (-0.0854563, 0) (-0.118228, 0) (-0.156708, 0) (0.231753, 0) (0.103248, 0) (-0.22251, 0) (-0.0867746, 0) (-0.11826, 0) (0.159909, 0) (0.0835537, 0) (0.0670754, 0) (0.118268, 0) (-0.159916, 0) (-0.0835587, 0) (-0.0671074, 0) (-0.0301838, 0) (-0.214687, 0) (0.0571014, 0) (0.220727, 0) (0.0301762, 0) (0.214645, 0) (-0.057094, 0) (-0.220685, 0) (-0.371657, 0) (0.371707, 0) 
0 2.59635 0 (0.0997926, 0) (0.102543, 0) (-0.103062, 0) (0.219498, 0) (-0.0920429, 0) (-0.123269, 0) (0.178742, 0) (-0.164084, 0) (-0.0812772, 0) (-0.164089, 0) (0.178717, 0) (-0.0812504, 0) (-0.0920247, 0) (0.219499, 0) (-0.123303, 0) (0.0997842, 0) (0.102583, 0) (-0.103061, 0) (-0.081398, 0) (0.00103444, 0) (0.0375983, 0) (0.269046, 0) (-0.0813933, 0) (0.00105261, 0) (0.0376016, 0) (0.269059, 0) (0.0436555, 0) (0.286374, 0) (-0.0386999, 0) (-0.277285, 0) (0.0436659, 0) (0.286345, 0) (-0.0387049, 0) (-0.277254, 0) (-0.298083, 0) (-0.298126, 0) 
1 2.71813 0 (0.168538, 0) (-0.182139, 0) (-0.109698, 0) (0.0807802, 0) (-0.21724, 0) (0.155277, 0) (0.306081, 0) (-0.0527517, 0) (-0.201112, 0) (-0.0527549, 0) (0.306091, 0) (-0.201135, 0) (-0.217243, 0) (0.080801, 0) (0.155288, 0) (0.168545, 0) (-0.18216, 0) (-0.109709, 0) (-0.0950494, 0) (-0.231198, 0) (0.116625, 0) (0.304733, 0) (-0.0950637, 0) (-0.231206, 0) (0.116627, 0) (0.304735, 0) (0.0425398, 0) (0.105522, 0) (-0.0820408, 0) (-0.0937749, 0) (0.042532, 0) (0.105521, 0) (-0.0820352, 0) (-0.0937768, 0) (0.119171, 0) (0.119176, 0) 
0 2.97085 0 (-0.138092, 0) (0.244113, 0) (0.0964481, 0) (-0.00636581, 0) (0.177656, 0) (-0.196279, 0) (-0.272747, 0) (-0.0522015, 0) (0.149144, 0) (-0.0522383, 0) (-0.27292, 0) (0.149234, 0) (0.177795, 0) (-0.00618401, 0) (-0.196585, 0) (-0.138156, 0) (0.244435, 0) (0.096444, 0) (0.136047, 0) (0.279894, 0) (-0.0980693, 0) (-0.170009, 0) (0.135957, 0) (0.280063, 0) (-0.0980071, 0) (-0.169871, 0) (-0.11304, 0) (0.0373684, 0) (0.108504, 0) (-0.0779014, 0) (-0.113014, 0) (0.0370293, 0) (0.108519, 0) (-0.0775714, 0) (-0.273546, 0) (-0.274046, 0) 
0 3.00279 0 (0.0525902, 0) (-0.258795, 0) (-0.0053805, 0) (-0.126117, 0) (-0.103797, 0) (0.239955, 0) (0.137564, 0) (0.0235207, 0) (-0.0813524, 0) (-0.023438, 0) (-0.137234, 0) (0.0811667, 0) (0.103588, 0) (0.126105, 0) (-0.239688, 0) (-0.0524232, 0) (0.258465, 0) (0.00525892, 0) (0.0618904, 0) (-0.135371, 0) (-0.0482349, 0) (-0.105287, 0) (-0.062056, 0) (0.135014, 0) (0.0483561, 0) (0.105466, 0) (-0.0240972, 0) (0.261103, 0) (-0.0106893, 0) (-0.256984, 0) (0.0242371, 0) (-0.26119, 0) (0.0105557, 0) (0.257122, 0) (0.386972, 0) (-0.386583, 0) 
1 3.83033 0 (0.116824, 0) (-0.112271, 0) (-0.0343075, 0) (0.287548, 0) (-0.149859, 0) (0.0455284, 0) (-0.00852716, 0) (-0.0164946, 0) (-0.24724, 0) (0.0165054, 0) (0.00853441, 0) (0.247241, 0) (0.149848, 0) (-0.287548, 0) (-0.0455295, 0) (-0.116815, 0) (0.112273, 0) (0.0343033, 0) (-0.265673, 0) (0.163309, 0) (-0.0329559, 0) (-0.310896, 0) (0.265658, 0) (-0.163322, 0) (0.0329708, 0) (0.310909, 0) (-0.186071, 0) (0.112863, 0) (0.0973303, 0) (-0.166893, 0) (0.186075, 0) (-0.112849, 0) (-0.0973429, 0) (0.166882, 0) (-0.155574, 0) (0.155573, 0) 
1 3.97332 0 (-0.134752, 0) (-0.110987, 0) (0.222203, 0) (-0.0925063, 0) (-0.0171461, 0) (0.195108, 0) (-0.138167, 0) (-0.123933, 0) (-0.091873, 0) (-0.12393, 0) (-0.138164, 0) (-0.0918753, 0) (-0.0171394, 0) (-0.0925132, 0) (0.195114, 0) (-0.134752, 0) (-0.110985, 0) (0.222195, 0) (0.310924, 0) (0.0451693, 0) (-0.0563041, 0) (0.199647, 0) (0.310924, 0) (0.0451638, 0) (-0.0563003, 0) (0.199661, 0) (-0.288141, 0) (0.0687522, 0) (0.230443, 0) (-0.208878, 0) (-0.288143, 0) (0.068748, 0) (0.230447, 0) (-0.208869, 0) (0.0641139, 0) (0.0641188, 0) 
0 4.07761 0 (0.101244, 0) (0.161468, 0) (-0.194976, 0) (0.09278, 0) (0.0443128, 0) (-0.238039, 0) (0.0928461, 0) (0.138807, 0) (0.11375, 0) (0.13874, 0) (0.0928428, 0) (0.113476, 0) (0.0441848, 0) (0.09317, 0) (-0.238063, 0) (0.101401, 0) (0.161378, 0) (-0.19509, 0) (-0.29602, 0) (-0.0121322, 0) (0.0736516, 0) (-0.263241, 0) (-0.296343, 0) (-0.0119621, 0) (0.0736702, 0) (-0.263623, 0) (0.230784, 0) (-0.0690419, 0) (-0.194101, 0) (0.221115, 0) (0.230594, 0) (-0.0689412, 0) (-0.193967, 0) (0.220915, 0) (-0.101956, 0) (-0.102172, 0) 
0 4.09292 0 (0.127147, 0) (-0.0738141, 0) (-0.0838786, 0) (0.324798, 0) (-0.112909, 0) (-0.0230691, 0) (-0.00745578, 0) (-0.0550631, 0) (-0.220803, 0) (0.0552226, 0) (0.00756249, 0) (0.220939, 0) (0.112973, 0) (-0.324687, 0) (0.0227808, 0) (-0.127034, 0) (0.0740099, 0) (0.0836468, 0) (-0.264518, 0) (0.149834, 0) (0.0125262, 0) (-0.325825, 0) (0.264173, 0) (-0.149837, 0) (-0.0124492, 0) (0.325492, 0) (-0.14928, 0) (0.0842992, 0) (0.104013, 0) (-0.16638, 0) (0.149555, 0) (-0.0843967, 0) (-0.104238, 0) (0.166659, 0) (-0.184992, 0) (0.184869, 0) 
1 4.69006 0 (0.141598, 0) (0.145112, 0) (-0.294459, 0) (0.0641074, 0) (0.141425, 0) (-0.271096, 0) (0.0896608, 0) (-0.16675, 0) (0.0809508, 0) (0.166735, 0) (-0.0896566, 0) (-0.0809541, 0) (-0.141419, 0) (-0.0641068, 0) (0.2711, 0) (-0.141593, 0) (-0.145114, 0) (0.294447, 0) (0.0175264, 0) (-0.273276, 0) (0.0327983, 0) (0.0477893, 0) (-0.0175178, 0) (0.273279, 0) (-0.0328066, 0) (-0.0477816, 0) (-0.225031, 0) (-0.020855, 0) (0.24807, 0) (-0.195842, 0) (0.225037, 0) (0.0208463, 0) (-0.248066, 0) (0.19584, 0) (0.0536508, 0) (-0.0536457, 0) 
0 4.8163 0 (-0.120197, 0) (-0.14895, 0) (0.247414, 0) (-0.0339495, 0) (-0.121198, 0) (0.27274, 0) (-0.0957713, 0) (0.178018, 0) (-0.119453, 0) (-0.17804, 0) (0.0957752, 0) (0.119448, 0) (0.121206, 0) (0.0339482, 0) (-0.272736, 0) (0.120203, 0) (0.148946, 0) (-0.247425, 0) (-0.0514028, 0) (0.325982, 0) (-0.0599985, 0) (-0.0603883, 0) (0.0514205, 0) (-0.325981, 0) (0.0599864, 0) (0.0604009, 0) (0.198803, 0) (0.0357461, 0) (-0.227575, 0) (0.204816, 0) (-0.198799, 0) (-0.0357593, 0) (0.227581, 0) (-0.204815, 0) (-0.0780405, 0) (0.0780514, 0) 
1 4.92863 0 (-0.198587, 0) (-0.0176369, 0) (0.218724, 0) (-0.0830962, 0) (-0.0413282, 0) (0.211873, 0) (-0.0879092, 0) (0.291971, 0) (-0.088293, 0) (0.291974, 0) (-0.0879124, 0) (-0.0883029, 0) (-0.0413341, 0) (-0.0830956, 0) (0.21189, 0) (-0.198588, 0) (-0.0176423, 0) (0.21873, 0) (-0.117654, 0) (-0.0803514, 0) (0.267061, 0) (-0.163096, 0) (-0.117656, 0) (-0.0803399, 0) (0.267046, 0) (-0.163103, 0) (-0.0613403, 0) (0.253804, 0) (-0.241459, 0) (-0.0215467, 0) (-0.0613431, 0) (0.25381, 0) (-0.24147, 0) (-0.0215492, 0) (-0.113853, 0) (-0.11386, 0) 
0 5.11834 0 (-0.194546, 0) (0.0158152, 0) (0.179269, 0) (-0.0895009, 0) (-0.0111334, 0) (0.20631, 0) (-0.0778631, 0) (0.278259, 0) (-0.104602, 0) (0.278253, 0) (-0.0778573, 0) (-0.10459, 0) (-0.0111284, 0) (-0.0895047, 0) (0.206297, 0) (-0.19455, 0) (0.0158236, 0) (0.179264, 0) (-0.104709, 0) (-0.0824029, 0) (0.272088, 0) (-0.152782, 0) (-0.104704, 0) (-0.0824221, 0) (0.272106, 0) (-0.152777, 0) (-0.0797468, 0) (0.31189, 0) (-0.206184, 0) (-0.0708752, 0) (-0.0797475, 0) (0.311878, 0) (-0.206166, 0) (-0.0708781, 0) (-0.135438, 0) (-0.135433, 0) 
1 5.26968 0 (0.0807473, 0) (-0.183972, 0) (0.152542, 0) (0.0156624, 0) (-0.200063, 0) (0.0947948, 0) (0.028675, 0) (-0.0883803, 0) (0.110787, 0) (0.0883771, 0) (-0.0286732, 0) (-0.110781, 0) (0.20005, 0) (-0.0156557, 0) (-0.0948014, 0) (-0.0807313, 0) (0.183966, 0) (-0.15254, 0) (0.0393407, 0) (-0.163388, 0) (0.311984, 0) (-0.164604, 0) (-0.0393468, 0) (0.163398, 0) (-0.311981, 0) (0.164608, 0) (0.151611, 0) (-0.330483, 0) (0.284415, 0) (0.0209815, 0) (-0.151615, 0) (0.330475, 0) (-0.284409, 0) (-0.0209882, 0) (-0.000614934, 0) (0.00061548, 0) 
0 5.46068 0 (-0.0670493, 0) (0.205459, 0) (-0.157466, 0) (-0.0160246, 0) (0.20235, 0) (-0.120403, 0) (-0.0266891, 0) (0.0861713, 0) (-0.111109, 0) (-0.0861713, 0) (0.0266862, 0) (0.111122, 0) (-0.202371, 0) (0.0160391, 0) (0.120393, 0) (0.0670734, 0) (-0.205476, 0) (0.157473, 0) (-0.0379534, 0) (0.160439, 0) (-0.298221, 0) (0.15297, 0) (0.0379418, 0) (-0.160421, 0) (0.298222, 0) (-0.152971, 0) (-0.145218, 0) (0.364293, 0) (-0.234944, 0) (-0.059871, 0) (0.145213, 0) (-0.364305, 0) (0.234954, 0) (0.0598624, 0) (0.0142216, 0) (-0.0142236, 0) 
1 5.48505 0 (-0.26011, 0) (0.302129, 0) (-0.147111, 0) (-0.189525, 0) (0.252233, 0) (0.00588542, 0) (0.138036, 0) (-0.190347, 0) (-0.115418, 0) (-0.190344, 0) (0.138036, 0) (-0.11542, 0) (0.252235, 0) (-0.189523, 0) (0.005871, 0) (-0.260093, 0) (0.302137, 0) (-0.147121, 0) (0.208189, 0) (-0.209509, 0) (0.0160402, 0) (0.0763222, 0) (0.208186, 0) (-0.209506, 0) (0.0160322, 0) (0.0763318, 0) (0.0485669, 0) (0.0902585, 0) (-0.17485, 0) (0.113961, 0) (0.0485659, 0) (0.0902692, 0) (-0.174866, 0) (0.113965, 0) (0.0620405, 0) (0.0620465, 0) 
1 5.5126 0 (0.398966, 0) (-0.221271, 0) (-0.0984707, 0) (0.191755, 0) (-0.0547339, 0) (-0.255244, 0) (-0.094771, 0) (-0.0481822, 0) (0.128942, 0) (0.0481736, 0) (0.094777, 0) (-0.128948, 0) (0.0547369, 0) (-0.191762, 0) (0.255251, 0) (-0.398964, 0) (0.221283, 0) (0.0984654, 0) (-0.0247341, 0) (0.0779551, 0) (0.0596336, 0) (0.0528188, 0) (0.0247437, 0) (-0.077965, 0) (-0.059639, 0) (-0.0528132, 0) (0.137205, 0) (0.0623914, 0) (-0.225135, 0) (0.202857, 0) (-0.137198, 0) (-0.0623908, 0) (0.225129, 0) (-0.202844, 0) (0.147422, 0) (-0.147423, 0) 
0 5.64999 0 (-0.240078, 0) (0.318734, 0) (-0.130567, 0) (-0.193228, 0) (0.236912, 0) (0.00265183, 0) (0.126596, 0) (-0.185186, 0) (-0.115852, 0) (-0.185187, 0) (0.126604, 0) (-0.115861, 0) (0.236906, 0) (-0.193242, 0) (0.00269148, 0) (-0.24012, 0) (0.318738, 0) (-0.130547, 0) (0.216834, 0) (-0.228434, 0) (-0.0105623, 0) (0.0977578, 0) (0.216836, 0) (-0.228442, 0) (-0.0105461, 0) (0.0977322, 0) (0.081637, 0) (0.0636079, 0) (-0.152475, 0) (0.144649, 0) (0.081638, 0) (0.0635784, 0) (-0.152442, 0) (0.144638, 0) (0.0525145, 0) (0.0524952, 0) 
0 5.7471 0 (0.38045, 0) (-0.264827, 0) (-0.0629669, 0) (0.184104, 0) (-0.0629689, 0) (-0.258154, 0) (-0.102628, 0) (-0.0461524, 0) (0.15776, 0) (0.0461682, 0) (0.102619, 0) (-0.157744, 0) (0.0629472, 0) (-0.184084, 0) (0.258149, 0) (-0.380438, 0) (0.264796, 0) (0.0629772, 0) (-0.00327199, 0) (0.0609082, 0) (0.0247308, 0) (0.100071, 0) (0.00324534, 0) (-0.0608794, 0) (-0.0247309, 0) (-0.100077, 0) (0.100407, 0) (0.0879415, 0) (-0.201508, 0) (0.194534, 0) (-0.100416, 0) (-0.0879544, 0) (0.20153, 0) (-0.194557, 0) (0.168839, 0) (-0.168841, 0) 
1 6.02409 0 (0.208692, 0) (-0.028255, 0) (-0.164968, 0) (0.00677945, 0) (0.192033, 0) (-0.260536, 0) (-0.037116, 0) (0.00627498, 0) (-0.0122637, 0) (0.00627521, 0) (-0.0371173, 0) (-0.0122632, 0) (0.192026, 0) (0.00678081, 0) (-0.260537, 0) (0.208685, 0) (-0.0282555, 0) (-0.164962, 0) (0.0405185, 0) (-0.0282041, 0) (0.284332, 0) (-0.181168, 0) (0.0405182, 0) (-0.0282028, 0) (0.284326, 0) (-0.181173, 0) (-0.282493, 0) (0.167065, 0) (0.0153952, 0) (-0.18812, 0) (-0.282497, 0) (0.16706, 0) (0.0154015, 0) (-0.188123, 0) (0.250255, 0) (0.250249, 0) 
1 6.12203 0 (-0.216742, 0) (0.192933, 0) (-0.0888152, 0) (-0.12741, 0) (0.0359119, 0) (0.11486, 0) (0.246427, 0) (0.0653093, 0) (-0.0385009, 0) (0.0653109, 0) (0.246427, 0) (-0.0384999, 0) (0.0359077, 0) (-0.127412, 0) (0.114866, 0) (-0.21674, 0) (0.192935, 0) (-0.0888112, 0) (-0.302529, 0) (0.14009, 0) (0.1093, 0) (-0.0460329, 0) (-0.302524, 0) (0.14009, 0) (0.109295, 0) (-0.0460318, 0) (-0.0222242, 0) (-0.169536, 0) (0.299423, 0) (-0.250821, 0) (-0.0222282, 0) (-0.169536, 0) (0.29943, 0) (-0.250823, 0) (0.0608687, 0) (0.0608642, 0) 
0 6.29521 0 (-0.271926, 0) (0.198263, 0) (-0.00600629, 0) (-0.120953, 0) (-0.0586797, 0) (0.230739, 0) (0.239403, 0) (0.0476278, 0) (-0.0198649, 0) (0.0476234, 0) (0.239401, 0) (-0.0198617, 0) (-0.0586813, 0) (-0.120947, 0) (0.230729, 0) (-0.271925, 0) (0.198257, 0) (-0.00601003, 0) (-0.289445, 0) (0.165284, 0) (-0.0436151, 0) (0.0414287, 0) (-0.28945, 0) (0.165284, 0) (-0.0436118, 0) (0.0414265, 0) (0.0852417, 0) (-0.235273, 0) (0.232999, 0) (-0.138645, 0) (0.0852445, 0) (-0.235274, 0) (0.232992, 0) (-0.138641, 0) (-0.0676853, 0) (-0.0676798, 0) 
0 6.44773 0 (0.0849478, 0) (0.0549977, 0) (-0.165152, 0) (-0.0922699, 0) (0.203699, 0) (-0.193813, 0) (0.0999485, 0) (0.00467987, 0) (-0.0375711, 0) (0.00467886, 0) (0.0999505, 0) (-0.0375732, 0) (0.203707, 0) (-0.0922723, 0) (-0.193813, 0) (0.0849516, 0) (0.0549955, 0) (-0.165156, 0) (-0.0695095, 0) (0.00792041, 0) (0.273985, 0) (-0.14881, 0) (-0.0695113, 0) (0.0079189, 0) (0.273993, 0) (-0.148809, 0) (-0.216802, 0) (0.043223, 0) (0.155895, 0) (-0.302211, 0) (-0.216798, 0) (0.0432253, 0) (0.155889, 0) (-0.302208, 0) (0.311244, 0) (0.311251, 0) 
1 6.65081 0 (0.138491, 0) (-0.215222, 0) (0.244517, 0) (0.0217078, 0) (-0.123319, 0) (-0.00857076, 0) (-0.158421, 0) (0.0816224, 0) (0.18632, 0) (-0.0816146, 0) (0.158422, 0) (-0.186326, 0) (0.123321, 0) (-0.0217085, 0) (0.00856983, 0) (-0.138491, 0) (0.215229, 0) (-0.244518, 0) (0.162106, 0) (-0.0338186, 0) (-0.267714, 0) (0.261865, 0) (-0.162111, 0) (0.033822, 0) (0.267716, 0) (-0.261875, 0) (-0.164245, 0) (0.0281948, 0) (0.112624, 0) (-0.208363, 0) (0.164243, 0) (-0.0281937, 0) (-0.112623, 0) (0.208358, 0) (-0.202341, 0) (0.202342, 0) 
0 6.93165 0 (-0.0923767, 0) (0.187306, 0) (-0.214347, 0) (-0.0463198, 0) (0.125402, 0) (-0.0197932, 0) (0.166771, 0) (-0.095005, 0) (-0.155613, 0) (0.095015, 0) (-0.166772, 0) (0.155603, 0) (-0.125398, 0) (0.0463194, 0) (0.0197907, 0) (0.0923755, 0) (-0.187296, 0) (0.214343, 0) (-0.150698, 0) (0.00922884, 0) (0.276176, 0) (-0.244231, 0) (0.150693, 0) (-0.00922681, 0) (-0.276174, 0) (0.244224, 0) (0.14149, 0) (0.000371291, 0) (-0.14208, 0) (0.26113, 0) (-0.14149, 0) (-0.000372384, 0) (0.142082, 0) (-0.261138, 0) (0.253012, 0) (-0.253009, 0) 
1 7.08069 0 (-0.0192585, 0) (0.0838627, 0) (-0.143336, 0) (0.178971, 0) (0.115104, 0) (-0.049676, 0) (-0.307154, 0) (0.319066, 0) (-0.333791, 0) (0.319059, 0) (-0.307151, 0) (-0.333792, 0) (0.1151, 0) (0.178973, 0) (-0.0496754, 0) (-0.0192589, 0) (0.0838637, 0) (-0.143332, 0) (0.0655054, 0) (-0.132996, 0) (0.0255722, 0) (0.162813, 0) (0.0655015, 0) (-0.133, 0) (0.0255714, 0) (0.16282, 0) (0.160698, 0) (-0.143267, 0) (0.124417, 0) (-0.075577, 0) (0.160691, 0) (-0.143259, 0) (0.124414, 0) (-0.0755742, 0) (-0.00796339, 0) (-0.00796825, 0) 
0 7.16789 0 (-0.0144733, 0) (0.0837205, 0) (-0.129949, 0) (0.179487, 0) (0.113178, 0) (-0.0562088, 0) (-0.30051, 0) (0.329649, 0) (-0.333292, 0) (0.329655, 0) (-0.300511, 0) (-0.333293, 0) (0.113182, 0) (0.179485, 0) (-0.0562092, 0) (-0.0144735, 0) (0.0837205, 0) (-0.129953, 0) (0.0433623, 0) (-0.110921, 0) (0.00946461, 0) (0.174532, 0) (0.043365, 0) (-0.110919, 0) (0.00946989, 0) (0.174521, 0) (0.149324, 0) (-0.165543, 0) (0.128103, 0) (-0.0814427, 0) (0.149332, 0) (-0.165551, 0) (0.128105, 0) (-0.0814419, 0) (-0.0129746, 0) (-0.0129664, 0) 
1 7.53928 0 (0.101658, 0) (-0.0390039, 0) (-0.0194123, 0) (-0.0520328, 0) (0.231538, 0) (-0.158721, 0) (-0.105781, 0) (0.205083, 0) (-0.239928, 0) (-0.205087, 0) (0.105787, 0) (0.239936, 0) (-0.231535, 0) (0.0520274, 0) (0.158722, 0) (-0.101655, 0) (0.0390021, 0) (0.0194155, 0) (0.058995, 0) (0.191792, 0) (-0.171353, 0) (-0.0332455, 0) (-0.0589965, 0) (-0.19179, 0) (0.171349, 0) (0.0332446, 0) (0.283284, 0) (-0.228533, 0) (0.210336, 0) (-0.177163, 0) (-0.283288, 0) (0.228535, 0) (-0.210341, 0) (0.177164, 0) (0.128852, 0) (-0.128851, 0) 
0 7.71882 0 (-0.120783, 0) (0.0610241, 0) (0.003062, 0) (0.0853352, 0) (-0.25793, 0) (0.193213, 0) (0.0866078, 0) (-0.200838, 0) (0.252698, 0) (0.200835, 0) (-0.0866007, 0) (-0.252692, 0) (0.257934, 0) (-0.0853425, 0) (-0.193211, 0) (0.120786, 0) (-0.0610266, 0) (-0.00305679, 0) (-0.0614001, 0) (-0.15912, 0) (0.12735, 0) (0.0608616, 0) (0.0613982, 0) (0.159121, 0) (-0.127355, 0) (-0.0608602, 0) (-0.256523, 0) (0.237552, 0) (-0.190052, 0) (0.167652, 0) (0.256521, 0) (-0.237551, 0) (0.190048, 0) (-0.16765, 0) (-0.15288, 0) (0.152879, 0) 
1 8.3132 0 (0.152344, 0) (-0.185743, 0) (0.292566, 0) (-0.267821, 0) (0.215638, 0) (-0.154232, 0) (0.115939, 0) (-0.0465331, 0) (-0.059489, 0) (-0.0465311, 0) (0.115936, 0) (-0.0594865, 0) (0.215629, 0) (-0.267814, 0) (-0.154229, 0) (0.152338, 0) (-0.185741, 0) (0.292556, 0) (0.0487127, 0) (-0.181694, 0) (0.143022, 0) (-0.0355535, 0) (0.0487147, 0) (-0.181693, 0) (0.143019, 0) (-0.0355523, 0) (0.235155, 0) (-0.141377, 0) (0.110737, 0) (-0.103953, 0) (0.23516, 0) (-0.141379, 0) (0.11074, 0) (-0.103954, 0) (-0.200211, 0) (-0.200205, 0) 
1 8.45481 0 (-0.158586, 0) (0.181935, 0) (-0.286746, 0) (0.318399, 0) (-0.281018, 0) (0.180288, 0) (-0.190949, 0) (0.0532754, 0) (0.143594, 0) (-0.0532781, 0) (0.190954, 0) (-0.143594, 0) (0.281019, 0) (-0.318408, 0) (-0.180293, 0) (0.158588, 0) (-0.181943, 0) (0.286752, 0) (0.0758448, 0) (0.0654233, 0) (-0.101776, 0) (0.102152, 0) (-0.0758422, 0) (-0.0654305, 0) (0.101782, 0) (-0.102158, 0) (0.131221, 0) (-0.0779709, 0) (0.0636313, 0) (-0.0663374, 0) (-0.131215, 0) (0.0779663, 0) (-0.063628, 0) (0.0663326, 0) (0.155474, 0) (-0.155478, 0) 
0 8.5853 0 (0.154266, 0) (-0.203403, 0) (0.303394, 0) (-0.291204, 0) (0.235371, 0) (-0.170819, 0) (0.128872, 0) (-0.0130559, 0) (-0.0982964, 0) (-0.0130651, 0) (0.12889, 0) (-0.0983025, 0) (0.235394, 0) (-0.291232, 0) (-0.17083, 0) (0.15428, 0) (-0.203417, 0) (0.303424, 0) (-0.000327841, 0) (-0.115016, 0) (0.0712493, 0) (0.0113651, 0) (-0.000336757, 0) (-0.115022, 0) (0.0712582, 0) (0.0113584, 0) (0.199098, 0) (-0.126489, 0) (0.0792824, 0) (-0.0679897, 0) (0.199081, 0) (-0.126479, 0) (0.0792744, 0) (-0.067983, 0) (-0.248889, 0) (-0.248913, 0) 
1 8.62376 0 (0.0834765, 0) (-0.0692035, 0) (0.0902464, 0) (-0.17037, 0) (0.233358, 0) (-0.126687, 0) (0.0930307, 0) (0.153701, 0) (-0.250896, 0) (0.153706, 0) (0.0930282, 0) (-0.250904, 0) (0.23336, 0) (-0.170373, 0) (-0.126691, 0) (0.0834776, 0) (-0.0692063, 0) (0.0902486, 0) (-0.207185, 0) (0.254665, 0) (-0.254485, 0) (0.20506, 0) (-0.20718, 0) (0.254664, 0) (-0.254482, 0) (0.205062, 0) (-0.165965, 0) (0.106212, 0) (-0.10611, 0) (0.141071, 0) (-0.165968, 0) (0.106213, 0) (-0.106111, 0) (0.141071, 0) (0.0275262, 0) (0.0275245, 0) 
0 8.67311 0 (0.146339, 0) (-0.191549, 0) (0.29088, 0) (-0.31271, 0) (0.242801, 0) (-0.168202, 0) (0.193432, 0) (-0.0714375, 0) (-0.10499, 0) (0.0714248, 0) (-0.193423, 0) (0.104997, 0) (-0.242795, 0) (0.312689, 0) (0.168191, 0) (-0.146329, 0) (0.19153, 0) (-0.290856, 0) (-0.0793207, 0) (-0.0710459, 0) (0.092027, 0) (-0.0816545, 0) (0.0793359, 0) (0.071014, 0) (-0.092, 0) (0.0816377, 0) (-0.156354, 0) (0.101204, 0) (-0.0696685, 0) (0.0719585, 0) (0.156385, 0) (-0.101226, 0) (0.0696847, 0) (-0.0719787, 0) (-0.21803, 0) (0.218003, 0) 
0 8.72087 0 (-0.0575359, 0) (0.0386455, 0) (-0.0313577, 0) (0.124463, 0) (-0.184479, 0) (0.103815, 0) (-0.075767, 0) (-0.148432, 0) (0.220151, 0) (-0.14843, 0) (-0.075758, 0) (0.220136, 0) (-0.184461, 0) (0.124441, 0) (0.1038, 0) (-0.0575247, 0) (0.0386305, 0) (-0.0313364, 0) (0.206848, 0) (-0.284871, 0) (0.269607, 0) (-0.201491, 0) (0.206848, 0) (-0.284876, 0) (0.269615, 0) (-0.201494, 0) (0.2066, 0) (-0.149694, 0) (0.130367, 0) (-0.176641, 0) (0.206587, 0) (-0.149687, 0) (0.130361, 0) (-0.176637, 0) (-0.0846895, 0) (-0.0847061, 0) 
1 9.14487 0 (-0.00366947, 0) (-0.00892276, 0) (0.0277906, 0) (-0.101223, 0) (-0.045473, 0) (0.018242, 0) (0.284755, 0) (-0.314519, 0) (0.198533, 0) (0.314517, 0) (-0.284759, 0) (-0.198534, 0) (0.0454708, 0) (0.101226, 0) (-0.0182413, 0) (0.0036687, 0) (0.00892382, 0) (-0.0277922, 0) (-0.324406, 0) (0.248424, 0) (-0.191772, 0) (0.146864, 0) (0.324408, 0) (-0.24843, 0) (0.191775, 0) (-0.146869, 0) (0.144027, 0) (-0.0769455, 0) (0.0679281, 0) (-0.0944683, 0) (-0.144025, 0) (0.0769439, 0) (-0.0679272, 0) (0.0944659, 0) (0.0394835, 0) (-0.0394835, 0) 
0 9.23054 0 (0.0045438, 0) (0.00548073, 0) (-0.0181853, 0) (0.102155, 0) (0.0397801, 0) (-0.017589, 0) (-0.280217, 0) (0.308319, 0) (-0.188772, 0) (-0.30832, 0) (0.280213, 0) (0.188772, 0) (-0.0397823, 0) (-0.102151, 0) (0.0175898, 0) (-0.00454461, 0) (-0.00547956, 0) (0.0181835, 0) (0.318784, 0) (-0.256189, 0) (0.193067, 0) (-0.145776, 0) (-0.318782, 0) (0.256182, 0) (-0.193064, 0) (0.145771, 0) (-0.150776, 0) (0.0925201, 0) (-0.0749546, 0) (0.109255, 0) (0.150778, 0) (-0.0925222, 0) (0.0749556, 0) (-0.109258, 0) (-0.0587254, 0) (0.0587253, 0) 
