value0, value1, value2, value3, value4, value5, value6, value7
-0.551677, -0.544122, -0.543842, 1.45928, 2.86072, 4.86384, 4.86412, 4.87168
-0.60691, -0.549874, -0.486986, 1.45981, 2.8602, 4.80698, 4.86987, 4.92691
-0.669532, -0.556028, -0.430597, 1.46139, 2.85862, 4.7506, 4.87603, 4.98953
-0.733874, -0.566209, -0.376719, 1.46402, 2.85599, 4.69672, 4.88621, 5.05387
-0.799712, -0.580342, -0.32565, 1.4677, 2.85231, 4.64565, 4.90034, 5.11971
-0.866871, -0.598312, -0.277676, 1.47243, 2.84758, 4.59767, 4.91831, 5.18687
-0.935198, -0.619982, -0.233083, 1.4782, 2.8418, 4.55308, 4.93998, 5.2552
-1.00455, -0.64519, -0.19216, 1.485, 2.835, 4.51216, 4.96519, 5.32455
-1.07481, -0.673762, -0.155188, 1.49281, 2.8272, 4.47519, 4.99376, 5.39481
-1.14586, -0.705509, -0.122434, 1.50155, 2.81845, 4.44243, 5.02551, 5.46586
-1.21759, -0.740238, -0.0941378, 1.51114, 2.80886, 4.41414, 5.06024, 5.53758
-1.2899, -0.777749, -0.0705027, 1.52145, 2.79856, 4.3905, 5.09775, 5.6099
-1.36271, -0.817845, -0.0516846, 1.53225, 2.78776, 4.37168, 5.13784, 5.68271
-1.43594, -0.860332, -0.0377838, 1.54325, 2.77675, 4.35778, 5.18033, 5.75593
-1.5095, -0.905019, -0.0288398, 1.55409, 2.76591, 4.34884, 5.22502, 5.8295
-1.58334, -0.951723, -0.0248289, 1.56429, 2.75572, 4.34483, 5.27172, 5.90333
-1.65738, -1.00027, -0.0256666, 1.57329, 2.74672, 4.34566, 5.32027, 5.97737
-1.73156, -1.05049, -0.0312129, 1.58046, 2.73954, 4.35121, 5.37049, 6.05156
-1.80583, -1.10222, -0.0412803, 1.58515, 2.73486, 4.36128, 5.42222, 6.12583
-1.88014, -1.15533, -0.0556435, 1.58667, 2.73333, 4.37564, 5.47533, 6.20014
-1.95443, -1.20965, -0.0740496, 1.58443, 2.73557, 4.39405, 5.52965, 6.27443
-2.02866, -1.26507, -0.0962284, 1.57791, 2.74209, 4.41623, 5.58507, 6.34866
-2.10278, -1.32146, -0.121901, 1.56676, 2.75324, 4.4419, 5.64146, 6.42278
-2.17676, -1.3787, -0.150786, 1.55078, 2.76922, 4.47078, 5.6987, 6.49676
-2.25054, -1.43668, -0.182608, 1.52997, 2.79003, 4.50261, 5.75668, 6.57054
-2.3241, -1.49531, -0.2171, 1.50447, 2.81553, 4.5371, 5.81531, 6.6441
-2.39739, -1.55448, -0.254007, 1.47457, 2.84543, 4.57401, 5.87448, 6.71739
-2.47039, -1.61411, -0.293086, 1.44063, 2.87938, 4.61309, 5.93411, 6.79039
-2.54305, -1.67411, -0.334111, 1.40303, 2.91697, 4.65411, 5.99411, 6.86305
-2.61535, -1.7344, -0.376871, 1.36222, 2.95779, 4.69687, 6.0544, 6.93535
-2.68725, -1.79492, -0.421167, 1.31858, 3.00142, 4.74117, 6.11492, 7.00725
-2.75872, -1.85558, -0.466818, 1.27252, 3.04748, 4.78682, 6.17558, 7.07872
-2.82974, -1.91633, -0.513654, 1.22438, 3.09562, 4.83365, 6.23633, 7.14974
-2.90028, -1.9771, -0.561519, 1.1745, 3.14551, 4.88152, 6.2971, 7.22028
-2.97031, -2.03784, -0.61027, 1.12315, 3.19686, 4.93027, 6.35784, 7.29031
-3.0398, -2.09848, -0.659772, 1.07059, 3.24941, 4.97977, 6.41848, 7.3598
-3.10873, -2.15898, -0.709903, 1.01705, 3.30295, 5.0299, 6.47898, 7.42873
-3.17707, -2.21929, -0.76055, 0.962728, 3.35727, 5.08055, 6.53929, 7.49707
-3.2448, -2.27936, -0.811606, 0.907804, 3.4122, 5.13161, 6.59936, 7.5648
-3.31189, -2.33914, -0.862974, 0.852432, 3.46757, 5.18297, 6.65914, 7.63189
-3.37833, -2.3986, -0.914564, 0.796752, 3.52325, 5.23456, 6.7186, 7.69833
-3.44409, -2.45769, -0.966292, 0.740886, 3.57912, 5.28629, 6.77769, 7.76409
-3.50915, -2.51637, -1.01808, 0.684946, 3.63506, 5.33808, 6.83637, 7.82915
-3.57348, -2.57461, -1.06985, 0.62903, 3.69097, 5.38985, 6.89461, 7.89348
-3.63707, -2.63236, -1.12154, 0.573228, 3.74677, 5.44154, 6.95236, 7.95707
-3.6999, -2.68961, -1.17309, 0.51762, 3.80238, 5.49309, 7.00961, 8.0199
-3.76194, -2.7463, -1.22443, 0.462279, 3.85772, 5.54443, 7.0663, 8.08194
-3.82317, -2.80242, -1.27551, 0.407271, 3.91273, 5.59551, 7.12242, 8.14317
-3.88359, -2.85794, -1.32628, 0.352658, 3.96734, 5.64628, 7.17794, 8.20359
-3.94316, -2.91281, -1.37668, 0.298494, 4.02151, 5.69668, 7.23281, 8.26316
-4.00188, -2.96702, -1.42667, 0.244832, 4.07517, 5.74667, 7.28702, 8.32188
-4.05972, -3.02054, -1.47621, 0.191718, 4.12828, 5.79621, 7.34054, 8.37972
-4.11666, -3.07335, -1.52526, 0.139197, 4.1808, 5.84525, 7.39335, 8.43666
-4.1727, -3.12541, -1.57376, 0.0873096, 4.23269, 5.89376, 7.44541, 8.4927
-4.2278, -3.1767, -1.6217, 0.0360933, 4.28391, 5.9417, 7.4967, 8.5478
-4.28196, -3.22721, -1.66903, -0.0144161, 4.33442, 5.98903, 7.54721, 8.60196
-4.33517, -3.2769, -1.71572, -0.0641852, 4.38419, 6.03572, 7.5969, 8.65517
-4.3874, -3.32577, -1.76173, -0.113183, 4.43318, 6.08173, 7.64577, 8.70739
-4.43863, -3.37377, -1.80704, -0.161379, 4.48138, 6.12704, 7.69377, 8.75863
-4.48887, -3.42091, -1.85162, -0.208747, 4.52875, 6.17162, 7.74091, 8.80887
-4.53808, -3.46715, -1.89543, -0.25526, 4.57526, 6.21543, 7.78715, 8.85808
-4.58626, -3.51248, -1.93846, -0.300892, 4.62089, 6.25846, 7.83248, 8.90626
-4.6334, -3.55687, -1.98068, -0.345622, 4.66562, 6.30068, 7.87687, 8.9534
-4.67947, -3.60032, -2.02206, -0.389425, 4.70943, 6.34206, 7.92032, 8.99947
-4.72447, -3.64281, -2.06258, -0.432281, 4.75228, 6.38258, 7.96281, 9.04447
-4.76839, -3.68431, -2.10222, -0.47417, 4.79417, 6.42222, 8.00431, 9.08839
-4.81121, -3.72482, -2.14096, -0.515073, 4.83507, 6.46096, 8.04482, 9.13121
-4.85292, -3.76431, -2.17878, -0.554971, 4.87497, 6.49878, 8.08431, 9.17292
-4.89351, -3.80277, -2.21565, -0.593846, 4.91385, 6.53565, 8.12277, 9.21351
-4.93296, -3.8402, -2.25157, -0.631682, 4.95168, 6.57157, 8.1602, 9.25296
-4.97127, -3.87657, -2.28651, -0.668464, 4.98846, 6.60651, 8.19657, 9.29127
-5.00843, -3.91187, -2.32045, -0.704175, 5.02418, 6.64045, 8.23187, 9.32843
-5.04443, -3.94609, -2.35339, -0.738802, 5.0588, 6.67339, 8.26609, 9.36443
-5.07925, -3.97922, -2.38529, -0.772331, 5.09233, 6.70529, 8.29922, 9.39925
-5.11288, -4.01124, -2.41616, -0.804748, 5.12475, 6.73616, 8.33124, 9.43288
-5.14533, -4.04214, -2.44598, -0.836041, 5.15604, 6.76598, 8.36214, 9.46533
-5.17657, -4.07192, -2.47472, -0.866199, 5.1862, 6.79472, 8.39192, 9.49657
-5.20661, -4.10056, -2.50239, -0.895209, 5.21521, 6.82239, 8.42056, 9.52661
-5.23542, -4.12806, -2.52896, -0.92306, 5.24306, 6.84896, 8.44806, 9.55542
-5.26301, -4.15439, -2.55444, -0.949744, 5.26974, 6.87444, 8.47439, 9.58301
-5.28937, -4.17957, -2.57879, -0.975249, 5.29525, 6.89879, 8.49956, 9.60937
-5.31448, -4.20356, -2.60203, -0.999568, 5.31957, 6.92202, 8.52356, 9.63448
-5.33835, -4.22638, -2.62412, -1.02269, 5.34269, 6.94412, 8.54638, 9.65835
-5.36097, -4.248, -2.64508, -1.04461, 5.36461, 6.96508, 8.568, 9.68097
-5.38232, -4.26843, -2.66488, -1.06531, 5.38531, 6.98488, 8.58843, 9.70232
-5.40241, -4.28765, -2.68352, -1.0848, 5.4048, 7.00352, 8.60765, 9.72241
-5.42123, -4.30567, -2.701, -1.10306, 5.42306, 7.021, 8.62567, 9.74123
-5.43877, -4.32246, -2.71729, -1.12009, 5.44009, 7.03729, 8.64246, 9.75877
-5.45504, -4.33804, -2.73241, -1.13588, 5.45588, 7.05241, 8.65804, 9.77504
-5.47001, -4.35239, -2.74634, -1.15043, 5.47043, 7.06634, 8.67238, 9.79001
-5.4837, -4.3655, -2.75908, -1.16373, 5.48373, 7.07908, 8.6855, 9.8037
-5.4961, -4.37738, -2.77062, -1.17577, 5.49577, 7.09062, 8.69738, 9.8161
-5.5072, -4.38802, -2.78096, -1.18656, 5.50656, 7.10096, 8.70802, 9.8272
-5.517, -4.39742, -2.79009, -1.19609, 5.51609, 7.11009, 8.71742, 9.837
-5.5255, -4.40556, -2.79801, -1.20435, 5.52435, 7.11801, 8.72556, 9.8455
-5.53269, -4.41247, -2.80471, -1.21135, 5.53135, 7.12471, 8.73246, 9.85269
-5.53858, -4.41811, -2.8102, -1.21708, 5.53708, 7.1302, 8.73811, 9.85858
-5.54317, -4.42251, -2.81448, -1.22153, 5.54153, 7.13448, 8.74251, 9.86317
-5.54644, -4.42565, -2.81753, -1.22472, 5.54472, 7.13753, 8.74565, 9.86644
-5.54841, -4.42753, -2.81936, -1.22663, 5.54663, 7.13936, 8.74753, 9.86841
-5.54841, -4.42753, -2.81936, -1.22663, 5.54663, 7.13936, 8.74753, 9.86841
-5.54644, -4.42565, -2.81753, -1.22472, 5.54472, 7.13753, 8.74565, 9.86644
-5.54317, -4.42251, -2.81448, -1.22153, 5.54153, 7.13448, 8.74251, 9.86317
-5.53858, -4.41811, -2.8102, -1.21708, 5.53708, 7.1302, 8.73811, 9.85858
-5.53269, -4.41247, -2.80471, -1.21135, 5.53135, 7.12471, 8.73246, 9.85269
-5.5255, -4.40556, -2.79801, -1.20435, 5.52435, 7.11801, 8.72556, 9.8455
-5.517, -4.39742, -2.79009, -1.19609, 5.51609, 7.11009, 8.71742, 9.837
-5.5072, -4.38802, -2.78096, -1.18656, 5.50656, 7.10096, 8.70802, 9.8272
-5.4961, -4.37738, -2.77062, -1.17577, 5.49577, 7.09062, 8.69738, 9.8161
-5.4837, -4.3655, -2.75908, -1.16373, 5.48373, 7.07908, 8.6855, 9.8037
-5.47001, -4.35239, -2.74634, -1.15043, 5.47043, 7.06634, 8.67238, 9.79001
-5.45504, -4.33804, -2.73241, -1.13588, 5.45588, 7.05241, 8.65804, 9.77504
-5.43877, -4.32246, -2.71729, -1.12009, 5.44009, 7.03729, 8.64246, 9.75877
-5.42123, -4.30567, -2.701, -1.10306, 5.42306, 7.021, 8.62567, 9.74123
-5.40241, -4.28765, -2.68352, -1.0848, 5.4048, 7.00352, 8.60765, 9.72241
-5.38232, -4.26843, -2.66488, -1.06531, 5.38531, 6.98488, 8.58843, 9.70232
-5.36097, -4.248, -2.64508, -1.04461, 5.36461, 6.96508, 8.568, 9.68097
-5.33835, -4.22638, -2.62412, -1.02269, 5.34269, 6.94412, 8.54638, 9.65835
-5.31448, -4.20356, -2.60203, -0.999568, 5.31957, 6.92202, 8.52356, 9.63448
-5.28937, -4.17957, -2.57879, -0.975249, 5.29525, 6.89879, 8.49956, 9.60937
-5.26301, -4.15439, -2.55444, -0.949744, 5.26974, 6.87444, 8.47439, 9.58301
-5.23542, -4.12806, -2.52896, -0.92306, 5.24306, 6.84896, 8.44806, 9.55542
-5.20661, -4.10056, -2.50239, -0.895209, 5.21521, 6.82239, 8.42056, 9.52661
-5.17657, -4.07192, -2.47472, -0.866199, 5.1862, 6.79472, 8.39192, 9.49657
-5.14533, -4.04214, -2.44598, -0.836041, 5.15604, 6.76598, 8.36214, 9.46533
-5.11288, -4.01124, -2.41616, -0.804748, 5.12475, 6.73616, 8.33124, 9.43288
-5.07925, -3.97922, -2.38529, -0.772331, 5.09233, 6.70529, 8.29922, 9.39925
-5.04443, -3.94609, -2.35339, -0.738802, 5.0588, 6.67339, 8.26609, 9.36443
-5.00843, -3.91187, -2.32045, -0.704175, 5.02418, 6.64045, 8.23187, 9.32843
-4.97127, -3.87657, -2.28651, -0.668464, 4.98846, 6.60651, 8.19657, 9.29127
-4.93296, -3.8402, -2.25157, -0.631682, 4.95168, 6.57157, 8.1602, 9.25296
-4.89351, -3.80277, -2.21565, -0.593846, 4.91385, 6.53565, 8.12277, 9.21351
-4.85292, -3.76431, -2.17878, -0.554971, 4.87497, 6.49878, 8.08431, 9.17292
-4.81121, -3.72482, -2.14096, -0.515073, 4.83507, 6.46096, 8.04482, 9.13121
-4.76839, -3.68431, -2.10222, -0.47417, 4.79417, 6.42222, 8.00431, 9.08839
-4.72447, -3.64281, -2.06258, -0.432281, 4.75228, 6.38258, 7.96281, 9.04447
-4.67947, -3.60032, -2.02206, -0.389425, 4.70943, 6.34206, 7.92032, 8.99947
-4.6334, -3.55687, -1.98068, -0.345622, 4.66562, 6.30068, 7.87687, 8.9534
-4.58626, -3.51248, -1.93846, -0.300892, 4.62089, 6.25846, 7.83248, 8.90626
-4.53808, -3.46715, -1.89543, -0.25526, 4.57526, 6.21543, 7.78715, 8.85808
-4.48887, -3.42091, -1.85162, -0.208747, 4.52875, 6.17162, 7.74091, 8.80887
-4.43863, -3.37377, -1.80704, -0.161379, 4.48138, 6.12704, 7.69377, 8.75863
-4.3874, -3.32577, -1.76173, -0.113183, 4.43318, 6.08173, 7.64577, 8.70739
-4.33517, -3.2769, -1.71572, -0.0641852, 4.38419, 6.03572, 7.5969, 8.65517
-4.28196, -3.22721, -1.66903, -0.0144161, 4.33442, 5.98903, 7.54721, 8.60196
-4.2278, -3.1767, -1.6217, 0.0360933, 4.28391, 5.9417, 7.4967, 8.5478
-4.1727, -3.12541, -1.57376, 0.0873096, 4.23269, 5.89376, 7.44541, 8.4927
-4.11666, -3.07335, -1.52526, 0.139197, 4.1808, 5.84525, 7.39335, 8.43666
-4.05972, -3.02054, -1.47621, 0.191718, 4.12828, 5.79621, 7.34054, 8.37972
-4.00188, -2.96702, -1.42667, 0.244832, 4.07517, 5.74667, 7.28702, 8.32188
-3.94316, -2.91281, -1.37668, 0.298494, 4.02151, 5.69668, 7.23281, 8.26316
-3.88359, -2.85794, -1.32628, 0.352658, 3.96734, 5.64628, 7.17794, 8.20359
-3.82317, -2.80242, -1.27551, 0.407271, 3.91273, 5.59551, 7.12242, 8.14317
-3.76194, -2.7463, -1.22443, 0.462279, 3.85772, 5.54443, 7.0663, 8.08194
-3.6999, -2.68961, -1.17309, 0.51762, 3.80238, 5.49309, 7.00961, 8.0199
-3.63707, -2.63236, -1.12154, 0.573228, 3.74677, 5.44154, 6.95236, 7.95707
-3.57348, -2.57461, -1.06985, 0.62903, 3.69097, 5.38985, 6.89461, 7.89348
-3.50915, -2.51637, -1.01808, 0.684946, 3.63506, 5.33808, 6.83637, 7.82915
-3.44409, -2.45769, -0.966292, 0.740886, 3.57912, 5.28629, 6.77769, 7.76409
-3.37833, -2.3986, -0.914564, 0.796752, 3.52325, 5.23456, 6.7186, 7.69833
-3.31189, -2.33914, -0.862974, 0.852432, 3.46757, 5.18297, 6.65914, 7.63189
-3.2448, -2.27936, -0.811606, 0.907804, 3.4122, 5.13161, 6.59936, 7.5648
-3.17707, -2.21929, -0.76055, 0.962728, 3.35727, 5.08055, 6.53929, 7.49707
-3.10873, -2.15898, -0.709903, 1.01705, 3.30295, 5.0299, 6.47898, 7.42873
-3.0398, -2.09848, -0.659772, 1.07059, 3.24941, 4.97977, 6.41848, 7.3598
-2.97031, -2.03784, -0.61027, 1.12315, 3.19686, 4.93027, 6.35784, 7.29031
-2.90028, -1.9771, -0.561519, 1.1745, 3.14551, 4.88152, 6.2971, 7.22028
-2.82974, -1.91633, -0.513654, 1.22438, 3.09562, 4.83365, 6.23633, 7.14974
-2.75872, -1.85558, -0.466818, 1.27252, 3.04748, 4.78682, 6.17558, 7.07872
-2.68725, -1.79492, -0.421167, 1.31858, 3.00142, 4.74117, 6.11492, 7.00725
-2.61535, -1.7344, -0.376871, 1.36222, 2.95779, 4.69687, 6.0544, 6.93535
-2.54305, -1.67411, -0.334111, 1.40303, 2.91697, 4.65411, 5.99411, 6.86305
-2.47039, -1.61411, -0.293086, 1.44063, 2.87938, 4.61309, 5.93411, 6.79039
-2.39739, -1.55448, -0.254007, 1.47457, 2.84543, 4.57401, 5.87448, 6.71739
-2.3241, -1.49531, -0.2171, 1.50447, 2.81553, 4.5371, 5.81531, 6.6441
-2.25054, -1.43668, -0.182608, 1.52997, 2.79003, 4.50261, 5.75668, 6.57054
-2.17676, -1.3787, -0.150786, 1.55078, 2.76922, 4.47078, 5.6987, 6.49676
-2.10278, -1.32146, -0.121901, 1.56676, 2.75324, 4.4419, 5.64146, 6.42278
-2.02866, -1.26507, -0.0962284, 1.57791, 2.74209, 4.41623, 5.58507, 6.34866
-1.95443, -1.20965, -0.0740496, 1.58443, 2.73557, 4.39405, 5.52965, 6.27443
-1.88014, -1.15533, -0.0556435, 1.58667, 2.73333, 4.37564, 5.47533, 6.20014
-1.80583, -1.10222, -0.0412803, 1.58515, 2.73486, 4.36128, 5.42222, 6.12583
-1.73156, -1.05049, -0.0312129, 1.58046, 2.73954, 4.35121, 5.37049, 6.05156
-1.65738, -1.00027, -0.0256666, 1.57329, 2.74672, 4.34566, 5.32027, 5.97737
-1.58334, -0.951723, -0.0248289, 1.56429, 2.75572, 4.34483, 5.27172, 5.90333
-1.5095, -0.905019, -0.0288398, 1.55409, 2.76591, 4.34884, 5.22502, 5.8295
-1.43594, -0.860332, -0.0377838, 1.54325, 2.77675, 4.35778, 5.18033, 5.75593
-1.36271, -0.817845, -0.0516846, 1.53225, 2.78776, 4.37168, 5.13784, 5.68271
-1.2899, -0.777749, -0.0705027, 1.52145, 2.79856, 4.3905, 5.09775, 5.6099
-1.21759, -0.740238, -0.0941378, 1.51114, 2.80886, 4.41414, 5.06024, 5.53758
-1.14586, -0.705509, -0.122434, 1.50155, 2.81845, 4.44243, 5.02551, 5.46586
-1.07481, -0.673762, -0.155188, 1.49281, 2.8272, 4.47519, 4.99376, 5.39481
-1.00455, -0.64519, -0.19216, 1.485, 2.835, 4.51216, 4.96519, 5.32455
-0.935198, -0.619982, -0.233083, 1.4782, 2.8418, 4.55308, 4.93998, 5.2552
-0.866871, -0.598312, -0.277676, 1.47243, 2.84758, 4.59767, 4.91831, 5.18687
-0.799712, -0.580342, -0.32565, 1.4677, 2.85231, 4.64565, 4.90034, 5.11971
-0.733874, -0.566209, -0.376719, 1.46402, 2.85599, 4.69672, 4.88621, 5.05387
-0.669532, -0.556028, -0.430597, 1.46139, 2.85862, 4.7506, 4.87603, 4.98953
-0.60691, -0.549874, -0.486986, 1.45981, 2.8602, 4.80698, 4.86987, 4.92691
-0.551677, -0.544122, -0.543842, 1.45928, 2.86072, 4.86384, 4.86412, 4.87168
