value0, value1, value2, value3, value4, value5, value6, value7
-2.7, -2.7, -2.7, -6.50521e-18, 3.60128e-63, 2.7, 2.7, 2.7
-2.76094, -2.702, -2.64106, -2.62702e-06, 2.62702e-06, 2.64106, 2.702, 2.76094
-2.82369, -2.70797, -2.58433, -4.18871e-05, 4.18871e-05, 2.58433, 2.70797, 2.82369
-2.88804, -2.71788, -2.53005, -0.00021083, 0.00021083, 2.53005, 2.71788, 2.88804
-2.95384, -2.73165, -2.47847, -0.000660932, 0.000660932, 2.47847, 2.73165, 2.95384
-3.02092, -2.74917, -2.42984, -0.00159672, 0.00159672, 2.42984, 2.74917, 3.02092
-3.08915, -2.77031, -2.38443, -0.00326839, 0.00326839, 2.38443, 2.77031, 3.08915
-3.15838, -2.79494, -2.34252, -0.00596243, 0.00596243, 2.34252, 2.79494, 3.15838
-3.22851, -2.82289, -2.30438, -0.00999057, 0.00999057, 2.30438, 2.82289, 3.22851
-3.29941, -2.85399, -2.27026, -0.0156773, 0.0156773, 2.27026, 2.85399, 3.29941
-3.37098, -2.88805, -2.24042, -0.0233461, 0.0233461, 2.24042, 2.88805, 3.37098
-3.44314, -2.92489, -2.21506, -0.033306, 0.033306, 2.21506, 2.92489, 3.44314
-3.5158, -2.96433, -2.19437, -0.0458374, 0.0458374, 2.19437, 2.96433, 3.5158
-3.58887, -3.00617, -2.17848, -0.0611806, 0.0611806, 2.17848, 3.00617, 3.58887
-3.66228, -3.05023, -2.16747, -0.079525, 0.079525, 2.16747, 3.05023, 3.66228
-3.73597, -3.09634, -2.16137, -0.101003, 0.101003, 2.16137, 3.09634, 3.73597
-3.80986, -3.14432, -2.16014, -0.125687, 0.125687, 2.16014, 3.14432, 3.80986
-3.8839, -3.19401, -2.16369, -0.153587, 0.153587, 2.16369, 3.19401, 3.8839
-3.95804, -3.24525, -2.17187, -0.184661, 0.184661, 2.17187, 3.24525, 3.95804
-4.03221, -3.29789, -2.18449, -0.218813, 0.218813, 2.18449, 3.29789, 4.03221
-4.10637, -3.35179, -2.20133, -0.255909, 0.255909, 2.20133, 3.35179, 4.10637
-4.18048, -3.40682, -2.22212, -0.29578, 0.29578, 2.22212, 3.40682, 4.18048
-4.25448, -3.46286, -2.24661, -0.338237, 0.338237, 2.24661, 3.46286, 4.25448
-4.32834, -3.51978, -2.27451, -0.383076, 0.383076, 2.27451, 3.51978, 4.32834
-4.40202, -3.57747, -2.30554, -0.430085, 0.430085, 2.30554, 3.57747, 4.40202
-4.47547, -3.63584, -2.33942, -0.479052, 0.479052, 2.33942, 3.63584, 4.47547
-4.54866, -3.69478, -2.37588, -0.529769, 0.529769, 2.37588, 3.69478, 4.54866
-4.62156, -3.7542, -2.41467, -0.582036, 0.582036, 2.41467, 3.7542, 4.62156
-4.69413, -3.81402, -2.45555, -0.635662, 0.635662, 2.45555, 3.81402, 4.69413
-4.76634, -3.87416, -2.49828, -0.690466, 0.690466, 2.49828, 3.87416, 4.76634
-4.83816, -3.93453, -2.54265, -0.74628, 0.74628, 2.54265, 3.93453, 4.83816
-4.90956, -3.99508, -2.58847, -0.802947, 0.802947, 2.58847, 3.99508, 4.90956
-4.9805, -4.05573, -2.63555, -0.860324, 0.860324, 2.63555, 4.05573, 4.9805
-5.05096, -4.11641, -2.68373, -0.918276, 0.918276, 2.68373, 4.11641, 5.05096
-5.12092, -4.17708, -2.73284, -0.976681, 0.976681, 2.73284, 4.17708, 5.12092
-5.19034, -4.23767, -2.78275, -1.03543, 1.03543, 2.78275, 4.23767, 5.19034
-5.25921, -4.29812, -2.83332, -1.09441, 1.09441, 2.83332, 4.29812, 5.25921
-5.32749, -4.3584, -2.88443, -1.15353, 1.15353, 2.88443, 4.3584, 5.32749
-5.39516, -4.41844, -2.93597, -1.2127, 1.2127, 2.93597, 4.41844, 5.39516
-5.4622, -4.47821, -2.98784, -1.27184, 1.27184, 2.98784, 4.47821, 5.4622
-5.52859, -4.53766, -3.03995, -1.33088, 1.33088, 3.03995, 4.53766, 5.52859
-5.5943, -4.59674, -3.09219, -1.38974, 1.38974, 3.09219, 4.59674, 5.5943
-5.6593, -4.65543, -3.1445, -1.44837, 1.44837, 3.1445, 4.65543, 5.6593
-5.72359, -4.71368, -3.19679, -1.5067, 1.5067, 3.19679, 4.71368, 5.72359
-5.78714, -4.77145, -3.249, -1.56468, 1.56468, 3.249, 4.77145, 5.78714
-5.84992, -4.82872, -3.30105, -1.62225, 1.62225, 3.30105, 4.82872, 5.84992
-5.91192, -4.88544, -3.3529, -1.67937, 1.67937, 3.3529, 4.88544, 5.91192
-5.97312, -4.94159, -3.40447, -1.736, 1.736, 3.40447, 4.94159, 5.97312
-6.0335, -4.99714, -3.45573, -1.79209, 1.79209, 3.45573, 4.99714, 6.0335
-6.09304, -5.05205, -3.5066, -1.84759, 1.84759, 3.5066, 5.05205, 6.09304
-6.15172, -5.10629, -3.55706, -1.90249, 1.90249, 3.55706, 5.10629, 6.15172
-6.20952, -5.15985, -3.60706, -1.95673, 1.95673, 3.60706, 5.15985, 6.20952
-6.26644, -5.2127, -3.65654, -2.01028, 2.01028, 3.65654, 5.2127, 6.26644
-6.32244, -5.2648, -3.70548, -2.06312, 2.06312, 3.70548, 5.2648, 6.32244
-6.37752, -5.31614, -3.75383, -2.11522, 2.11522, 3.75383, 5.31614, 6.37752
-6.43165, -5.36669, -3.80157, -2.16653, 2.16653, 3.80157, 5.36669, 6.43165
-6.48483, -5.41642, -3.84865, -2.21705, 2.21705, 3.84865, 5.41642, 6.48483
-6.53703, -5.46533, -3.89504, -2.26674, 2.26674, 3.89504, 5.46533, 6.53703
-6.58825, -5.51338, -3.94072, -2.31558, 2.31558, 3.94072, 5.51338, 6.58825
-6.63846, -5.56056, -3.98565, -2.36355, 2.36355, 3.98565, 5.56056, 6.63846
-6.68765, -5.60685, -4.02982, -2.41062, 2.41062, 4.02982, 5.60685, 6.68765
-6.73581, -5.65222, -4.07318, -2.45677, 2.45677, 4.07318, 5.65222, 6.73581
-6.78292, -5.69666, -4.11572, -2.50198, 2.50198, 4.11572, 5.69666, 6.78292
-6.82898, -5.74016, -4.15741, -2.54623, 2.54623, 4.15741, 5.74016, 6.82898
-6.87396, -5.78268, -4.19823, -2.58951, 2.58951, 4.19823, 5.78268, 6.87396
-6.91786, -5.82423, -4.23816, -2.63179, 2.63179, 4.23816, 5.82423, 6.91786
-6.96066, -5.86478, -4.27717, -2.67306, 2.67306, 4.27717, 5.86478, 6.96066
-7.00236, -5.90431, -4.31525, -2.7133, 2.7133, 4.31525, 5.90431, 7.00236
-7.04293, -5.94282, -4.35238, -2.75249, 2.75249, 4.35238, 5.94282, 7.04293
-7.08237, -5.98028, -4.38854, -2.79063, 2.79063, 4.38854, 5.98028, 7.08237
-7.12067, -6.01669, -4.42372, -2.8277, 2.8277, 4.42372, 6.01669, 7.12067
-7.15781, -6.05203, -4.45789, -2.86367, 2.86367, 4.45789, 6.05203, 7.15781
-7.1938, -6.08629, -4.49104, -2.89855, 2.89855, 4.49104, 6.08629, 7.1938
-7.2286, -6.11945, -4.52315, -2.93231, 2.93231, 4.52315, 6.11945, 7.2286
-7.26223, -6.15151, -4.55422, -2.96494, 2.96494, 4.55422, 6.15151, 7.26223
-7.29466, -6.18245, -4.58422, -2.99644, 2.99644, 4.58422, 6.18245, 7.29466
-7.3259, -6.21226, -4.61315, -3.02679, 3.02679, 4.61315, 6.21226, 7.3259
-7.35592, -6.24093, -4.64099, -3.05598, 3.05598, 4.64099, 6.24093, 7.35592
-7.38473, -6.26845, -4.66772, -3.08399, 3.08399, 4.66772, 6.26845, 7.38473
-7.41231, -6.29482, -4.69335, -3.11083, 3.11083, 4.69335, 6.29482, 7.41231
-7.43865, -6.32002, -4.71785, -3.13649, 3.13649, 4.71785, 6.32002, 7.43865
-7.46376, -6.34404, -4.74122, -3.16094, 3.16094, 4.74122, 6.34404, 7.46376
-7.48762, -6.36688, -4.76345, -3.18419, 3.18419, 4.76345, 6.36688, 7.48762
-7.51023, -6.38853, -4.78453, -3.20623, 3.20623, 4.78453, 6.38853, 7.51023
-7.53158, -6.40898, -4.80444, -3.22704, 3.22704, 4.80444, 6.40898, 7.53158
-7.55166, -6.42823, -4.82319, -3.24663, 3.24663, 4.82319, 6.42823, 7.55166
-7.57048, -6.44626, -4.84077, -3.26498, 3.26498, 4.84077, 6.44626, 7.57048
-7.58802, -6.46307, -4.85716, -3.2821, 3.2821, 4.85716, 6.46307, 7.58802
-7.60427, -6.47867, -4.87236, -3.29797, 3.29797, 4.87236, 6.47867, 7.60427
-7.61925, -6.49303, -4.88637, -3.31259, 3.31259, 4.88637, 6.49303, 7.61925
-7.63293, -6.50616, -4.89918, -3.32595, 3.32595, 4.89918, 6.50616, 7.63293
-7.64532, -6.51805, -4.91078, -3.33805, 3.33805, 4.91078, 6.51805, 7.64532
-7.65642, -6.5287, -4.92118, -3.34889, 3.34889, 4.92118, 6.5287, 7.65642
-7.66622, -6.53811, -4.93036, -3.35846, 3.35846, 4.93036, 6.53811, 7.66622
-7.67472, -6.54627, -4.93832, -3.36677, 3.36677, 4.93832, 6.54627, 7.67472
-7.68191, -6.55318, -4.94506, -3.3738, 3.3738, 4.94506, 6.55318, 7.68191
-7.6878, -6.55883, -4.95058, -3.37955, 3.37955, 4.95058, 6.55883, 7.6878
-7.69238, -6.56323, -4.95488, -3.38403, 3.38403, 4.95488, 6.56323, 7.69238
-7.69565, -6.56637, -4.95795, -3.38723, 3.38723, 4.95795, 6.56637, 7.69565
-7.69762, -6.56826, -4.95979, -3.38915, 3.38915, 4.95979, 6.56826, 7.69762
-7.69762, -6.56826, -4.95979, -3.38915, 3.38915, 4.95979, 6.56826, 7.69762
-7.69565, -6.56637, -4.95795, -3.38723, 3.38723, 4.95795, 6.56637, 7.69565
-7.69238, -6.56323, -4.95488, -3.38403, 3.38403, 4.95488, 6.56323, 7.69238
-7.6878, -6.55883, -4.95058, -3.37955, 3.37955, 4.95058, 6.55883, 7.6878
-7.68191, -6.55318, -4.94506, -3.3738, 3.3738, 4.94506, 6.55318, 7.68191
-7.67472, -6.54627, -4.93832, -3.36677, 3.36677, 4.93832, 6.54627, 7.67472
-7.66622, -6.53811, -4.93036, -3.35846, 3.35846, 4.93036, 6.53811, 7.66622
-7.65642, -6.5287, -4.92118, -3.34889, 3.34889, 4.92118, 6.5287, 7.65642
-7.64532, -6.51805, -4.91078, -3.33805, 3.33805, 4.91078, 6.51805, 7.64532
-7.63293, -6.50616, -4.89918, -3.32595, 3.32595, 4.89918, 6.50616, 7.63293
-7.61925, -6.49303, -4.88637, -3.31259, 3.31259, 4.88637, 6.49303, 7.61925
-7.60427, -6.47867, -4.87236, -3.29797, 3.29797, 4.87236, 6.47867, 7.60427
-7.58802, -6.46307, -4.85716, -3.2821, 3.2821, 4.85716, 6.46307, 7.58802
-7.57048, -6.44626, -4.84077, -3.26498, 3.26498, 4.84077, 6.44626, 7.57048
-7.55166, -6.42823, -4.82319, -3.24663, 3.24663, 4.82319, 6.42823, 7.55166
-7.53158, -6.40898, -4.80444, -3.22704, 3.22704, 4.80444, 6.40898, 7.53158
-7.51023, -6.38853, -4.78453, -3.20623, 3.20623, 4.78453, 6.38853, 7.51023
-7.48762, -6.36688, -4.76345, -3.18419, 3.18419, 4.76345, 6.36688, 7.48762
-7.46376, -6.34404, -4.74122, -3.16094, 3.16094, 4.74122, 6.34404, 7.46376
-7.43865, -6.32002, -4.71785, -3.13649, 3.13649, 4.71785, 6.32002, 7.43865
-7.41231, -6.29482, -4.69335, -3.11083, 3.11083, 4.69335, 6.29482, 7.41231
-7.38473, -6.26845, -4.66772, -3.08399, 3.08399, 4.66772, 6.26845, 7.38473
-7.35592, -6.24093, -4.64099, -3.05598, 3.05598, 4.64099, 6.24093, 7.35592
-7.3259, -6.21226, -4.61315, -3.02679, 3.02679, 4.61315, 6.21226, 7.3259
-7.29466, -6.18245, -4.58422, -2.99644, 2.99644, 4.58422, 6.18245, 7.29466
-7.26223, -6.15151, -4.55422, -2.96494, 2.96494, 4.55422, 6.15151, 7.26223
-7.2286, -6.11945, -4.52315, -2.93231, 2.93231, 4.52315, 6.11945, 7.2286
-7.1938, -6.08629, -4.49104, -2.89855, 2.89855, 4.49104, 6.08629, 7.1938
-7.15781, -6.05203, -4.45789, -2.86367, 2.86367, 4.45789, 6.05203, 7.15781
-7.12067, -6.01669, -4.42372, -2.8277, 2.8277, 4.42372, 6.01669, 7.12067
-7.08237, -5.98028, -4.38854, -2.79063, 2.79063, 4.38854, 5.98028, 7.08237
-7.04293, -5.94282, -4.35238, -2.75249, 2.75249, 4.35238, 5.94282, 7.04293
-7.00236, -5.90431, -4.31525, -2.7133, 2.7133, 4.31525, 5.90431, 7.00236
-6.96066, -5.86478, -4.27717, -2.67306, 2.67306, 4.27717, 5.86478, 6.96066
-6.91786, -5.82423, -4.23816, -2.63179, 2.63179, 4.23816, 5.82423, 6.91786
-6.87396, -5.78268, -4.19823, -2.58951, 2.58951, 4.19823, 5.78268, 6.87396
-6.82898, -5.74016, -4.15741, -2.54623, 2.54623, 4.15741, 5.74016, 6.82898
-6.78292, -5.69666, -4.11572, -2.50198, 2.50198, 4.11572, 5.69666, 6.78292
-6.73581, -5.65222, -4.07318, -2.45677, 2.45677, 4.07318, 5.65222, 6.73581
-6.68765, -5.60685, -4.02982, -2.41062, 2.41062, 4.02982, 5.60685, 6.68765
-6.63846, -5.56056, -3.98565, -2.36355, 2.36355, 3.98565, 5.56056, 6.63846
-6.58825, -5.51338, -3.94072, -2.31558, 2.31558, 3.94072, 5.51338, 6.58825
-6.53703, -5.46533, -3.89504, -2.26674, 2.26674, 3.89504, 5.46533, 6.53703
-6.48483, -5.41642, -3.84865, -2.21705, 2.21705, 3.84865, 5.41642, 6.48483
-6.43165, -5.36669, -3.80157, -2.16653, 2.16653, 3.80157, 5.36669, 6.43165
-6.37752, -5.31614, -3.75383, -2.11522, 2.11522, 3.75383, 5.31614, 6.37752
-6.32244, -5.2648, -3.70548, -2.06312, 2.06312, 3.70548, 5.2648, 6.32244
-6.26644, -5.2127, -3.65654, -2.01028, 2.01028, 3.65654, 5.2127, 6.26644
-6.20952, -5.15985, -3.60706, -1.95673, 1.95673, 3.60706, 5.15985, 6.20952
-6.15172, -5.10629, -3.55706, -1.90249, 1.90249, 3.55706, 5.10629, 6.15172
-6.09304, -5.05205, -3.5066, -1.84759, 1.84759, 3.5066, 5.05205, 6.09304
-6.0335, -4.99714, -3.45573, -1.79209, 1.79209, 3.45573, 4.99714, 6.0335
-5.97312, -4.94159, -3.40447, -1.736, 1.736, 3.40447, 4.94159, 5.97312
-5.91192, -4.88544, -3.3529, -1.67937, 1.67937, 3.3529, 4.88544, 5.91192
-5.84992, -4.82872, -3.30105, -1.62225, 1.62225, 3.30105, 4.82872, 5.84992
-5.78714, -4.77145, -3.249, -1.56468, 1.56468, 3.249, 4.77145, 5.78714
-5.72359, -4.71368, -3.19679, -1.5067, 1.5067, 3.19679, 4.71368, 5.72359
-5.6593, -4.65543, -3.1445, -1.44837, 1.44837, 3.1445, 4.65543, 5.6593
-5.5943, -4.59674, -3.09219, -1.38974, 1.38974, 3.09219, 4.59674, 5.5943
-5.52859, -4.53766, -3.03995, -1.33088, 1.33088, 3.03995, 4.53766, 5.52859
-5.4622, -4.47821, -2.98784, -1.27184, 1.27184, 2.98784, 4.47821, 5.4622
-5.39516, -4.41844, -2.93597, -1.2127, 1.2127, 2.93597, 4.41844, 5.39516
-5.32749, -4.3584, -2.88443, -1.15353, 1.15353, 2.88443, 4.3584, 5.32749
-5.25921, -4.29812, -2.83332, -1.09441, 1.09441, 2.83332, 4.29812, 5.25921
-5.19034, -4.23767, -2.78275, -1.03543, 1.03543, 2.78275, 4.23767, 5.19034
-5.12092, -4.17708, -2.73284, -0.976681, 0.976681, 2.73284, 4.17708, 5.12092
-5.05096, -4.11641, -2.68373, -0.918276, 0.918276, 2.68373, 4.11641, 5.05096
-4.9805, -4.05573, -2.63555, -0.860324, 0.860324, 2.63555, 4.05573, 4.9805
-4.90956, -3.99508, -2.58847, -0.802947, 0.802947, 2.58847, 3.99508, 4.90956
-4.83816, -3.93453, -2.54265, -0.74628, 0.74628, 2.54265, 3.93453, 4.83816
-4.76634, -3.87416, -2.49828, -0.690466, 0.690466, 2.49828, 3.87416, 4.76634
-4.69413, -3.81402, -2.45555, -0.635662, 0.635662, 2.45555, 3.81402, 4.69413
-4.62156, -3.7542, -2.41467, -0.582036, 0.582036, 2.41467, 3.7542, 4.62156
-4.54866, -3.69478, -2.37588, -0.529769, 0.529769, 2.37588, 3.69478, 4.54866
-4.47547, -3.63584, -2.33942, -0.479052, 0.479052, 2.33942, 3.63584, 4.47547
-4.40202, -3.57747, -2.30554, -0.430085, 0.430085, 2.30554, 3.57747, 4.40202
-4.32834, -3.51978, -2.27451, -0.383076, 0.383076, 2.27451, 3.51978, 4.32834
-4.25448, -3.46286, -2.24661, -0.338237, 0.338237, 2.24661, 3.46286, 4.25448
-4.18048, -3.40682, -2.22212, -0.29578, 0.29578, 2.22212, 3.40682, 4.18048
-4.10637, -3.35179, -2.20133, -0.255909, 0.255909, 2.20133, 3.35179, 4.10637
-4.03221, -3.29789, -2.18449, -0.218813, 0.218813, 2.18449, 3.29789, 4.03221
-3.95804, -3.24525, -2.17187, -0.184661, 0.184661, 2.17187, 3.24525, 3.95804
-3.8839, -3.19401, -2.16369, -0.153587, 0.153587, 2.16369, 3.19401, 3.8839
-3.80986, -3.14432, -2.16014, -0.125687, 0.125687, 2.16014, 3.14432, 3.80986
-3.73597, -3.09634, -2.16137, -0.101003, 0.101003, 2.16137, 3.09634, 3.73597
-3.66228, -3.05023, -2.16747, -0.079525, 0.079525, 2.16747, 3.05023, 3.66228
-3.58887, -3.00617, -2.17848, -0.0611806, 0.0611806, 2.17848, 3.00617, 3.58887
-3.5158, -2.96433, -2.19437, -0.0458374, 0.0458374, 2.19437, 2.96433, 3.5158
-3.44314, -2.92489, -2.21506, -0.033306, 0.033306, 2.21506, 2.92489, 3.44314
-3.37098, -2.88805, -2.24042, -0.0233461, 0.0233461, 2.24042, 2.88805, 3.37098
-3.29941, -2.85399, -2.27026, -0.0156773, 0.0156773, 2.27026, 2.85399, 3.29941
-3.22851, -2.82289, -2.30438, -0.00999057, 0.00999057, 2.30438, 2.82289, 3.22851
-3.15838, -2.79494, -2.34252, -0.00596243, 0.00596243, 2.34252, 2.79494, 3.15838
-3.08915, -2.77031, -2.38443, -0.00326839, 0.00326839, 2.38443, 2.77031, 3.08915
-3.02092, -2.74917, -2.42984, -0.00159672, 0.00159672, 2.42984, 2.74917, 3.02092
-2.95384, -2.73165, -2.47847, -0.000660932, 0.000660932, 2.47847, 2.73165, 2.95384
-2.88804, -2.71788, -2.53005, -0.00021083, 0.00021083, 2.53005, 2.71788, 2.88804
-2.82369, -2.70797, -2.58433, -4.18871e-05, 4.18871e-05, 2.58433, 2.70797, 2.82369
-2.76094, -2.702, -2.64106, -2.62702e-06, 2.62702e-06, 2.64106, 2.702, 2.76094
-2.7, -2.7, -2.7, -6.50521e-18, 3.60128e-63, 2.7, 2.7, 2.7
