su -3.95338 (-0.214909,0.000000) (-0.304006,0.000000) (-0.214909,0.000000) (-0.151888,0.000000) (-0.151903,0.000000) (-0.366737,0.000000) (-0.366680,0.000000) (-0.366737,0.000000) (-0.366680,0.000000) (-0.151888,0.000000) (-0.151903,0.000000) (-0.214716,0.000000) (-0.303576,0.000000) (-0.214716,0.000000)
sd -3.95338 (0.214716,-0.000000) (0.303576,-0.000000) (0.214716,-0.000000) (0.151903,-0.000000) (0.151888,-0.000000) (0.366680,-0.000000) (0.366737,-0.000000) (0.366680,-0.000000) (0.366737,-0.000000) (0.151903,-0.000000) (0.151888,-0.000000) (0.214909,-0.000000) (0.304006,-0.000000) (0.214909,-0.000000)
sd -2.835 (-0.288402,0.000000) (-0.000000,0.000000) (0.288402,0.000000) (-0.288555,0.000000) (-0.288476,0.000000) (-0.288534,0.000000) (-0.288497,0.000000) (0.288534,0.000000) (0.288497,0.000000) (0.288555,0.000000) (0.288476,0.000000) (-0.288629,0.000000) (-0.000000,0.000000) (0.288629,0.000000)
su -2.835 (0.288629,0.000000) (0.000000,0.000000) (-0.288629,0.000000) (0.288476,0.000000) (0.288555,0.000000) (0.288497,0.000000) (0.288534,0.000000) (-0.288497,0.000000) (-0.288534,0.000000) (-0.288476,0.000000) (-0.288555,0.000000) (0.288402,0.000000) (-0.000000,0.000000) (-0.288402,0.000000)
su -1.25376 (0.079444,0.000000) (0.449210,0.000000) (0.079444,0.000000) (-0.205047,0.000000) (-0.369618,0.000000) (0.317330,0.000000) (-0.079651,0.000000) (0.317330,0.000000) (-0.079651,0.000000) (-0.205047,0.000000) (-0.369618,0.000000) (-0.317427,0.000000) (-0.112511,0.000000) (-0.317427,0.000000)
sd -1.25376 (-0.317427,0.000000) (-0.112511,0.000000) (-0.317427,0.000000) (-0.369618,0.000000) (-0.205047,0.000000) (-0.079651,0.000000) (0.317330,0.000000) (-0.079651,0.000000) (0.317330,0.000000) (-0.369618,0.000000) (-0.205047,0.000000) (0.079444,0.000000) (0.449210,0.000000) (0.079444,0.000000)
su -1.25299 (-0.313921,0.000000) (-0.111144,0.000000) (-0.313921,0.000000) (-0.365097,0.000000) (-0.202647,0.000000) (-0.078498,0.000000) (0.314016,0.000000) (-0.078498,0.000000) (0.314016,0.000000) (-0.365097,0.000000) (-0.202647,0.000000) (0.078702,0.000000) (0.443654,0.000000) (0.078702,0.000000)
sd -1.25299 (-0.078702,0.000000) (-0.443654,0.000000) (-0.078702,0.000000) (0.202647,0.000000) (0.365097,0.000000) (-0.314016,0.000000) (0.078498,0.000000) (-0.314016,0.000000) (0.078498,0.000000) (0.202647,0.000000) (0.365097,0.000000) (0.313921,0.000000) (0.111144,0.000000) (0.313921,0.000000)
sd -0.135172 (-0.286975,0.000000) (-0.000000,0.000000) (0.286975,0.000000) (-0.392083,0.000000) (-0.104817,0.000000) (0.104806,0.000000) (0.391726,0.000000) (-0.104806,0.000000) (-0.391726,0.000000) (0.392083,0.000000) (0.104817,0.000000) (0.287175,0.000000) (-0.000000,0.000000) (-0.287175,0.000000)
su -0.135172 (-0.287175,0.000000) (-0.000000,0.000000) (0.287175,0.000000) (0.104817,0.000000) (0.392083,0.000000) (-0.391726,0.000000) (-0.104806,0.000000) (0.391726,0.000000) (0.104806,0.000000) (-0.104817,0.000000) (-0.392083,0.000000) (0.286975,0.000000) (-0.000000,0.000000) (-0.286975,0.000000)
su -0.134829 (0.288622,0.000000) (0.000000,0.000000) (-0.288622,0.000000) (0.394196,0.000000) (0.105867,0.000000) (-0.105879,0.000000) (-0.394556,0.000000) (0.105879,0.000000) (0.394556,0.000000) (-0.394196,0.000000) (-0.105867,0.000000) (-0.288421,0.000000) (-0.000000,0.000000) (0.288421,0.000000)
sd -0.134829 (-0.288421,0.000000) (-0.000000,0.000000) (0.288421,0.000000) (0.105867,0.000000) (0.394196,0.000000) (-0.394556,0.000000) (-0.105879,-0.000000) (0.394556,0.000000) (0.105879,0.000000) (-0.105867,-0.000000) (-0.394196,0.000000) (0.288622,0.000000) (0.000000,0.000000) (-0.288622,0.000000)
sd 1.44662 (0.289583,0.000000) (-0.409515,0.000000) (0.289583,0.000000) (0.205361,0.000000) (-0.204685,0.000000) (-0.085125,0.000000) (0.084722,0.000000) (-0.085125,0.000000) (0.084722,0.000000) (0.205361,0.000000) (-0.204685,0.000000) (-0.290310,0.000000) (0.410577,0.000000) (-0.290310,0.000000)
su 1.44662 (-0.290310,0.000000) (0.410577,0.000000) (-0.290310,0.000000) (-0.204685,0.000000) (0.205361,0.000000) (0.084722,0.000000) (-0.085125,0.000000) (0.084722,0.000000) (-0.085125,0.000000) (-0.204685,0.000000) (0.205361,0.000000) (0.289583,0.000000) (-0.409515,0.000000) (0.289583,0.000000)
su 3.68338 (-0.310345,0.000000) (0.438875,0.000000) (-0.310345,0.000000) (0.220085,0.000000) (0.219360,0.000000) (-0.091228,0.000000) (-0.090796,0.000000) (-0.091228,0.000000) (-0.090796,0.000000) (0.220085,0.000000) (0.219360,0.000000) (-0.311123,0.000000) (0.440014,0.000000) (-0.311123,0.000000)
sd 3.68338 (-0.311123,0.000000) (0.440014,0.000000) (-0.311123,0.000000) (0.219360,0.000000) (0.220085,0.000000) (-0.090796,0.000000) (-0.091228,0.000000) (-0.090796,0.000000) (-0.091228,0.000000) (0.219360,0.000000) (0.220085,0.000000) (-0.310345,0.000000) (0.438875,0.000000) (-0.310345,0.000000)
sd 5.26483 (0.265771,0.000000) (0.000000,0.000000) (-0.265771,0.000000) (-0.362987,0.000000) (0.097486,0.000000) (0.097496,0.000000) (-0.363318,0.000000) (-0.097496,0.000000) (0.363318,0.000000) (0.362987,0.000000) (-0.097486,0.000000) (0.265586,0.000000) (-0.000000,0.000000) (-0.265586,0.000000)
su 5.26483 (-0.265586,0.000000) (-0.000000,0.000000) (0.265586,0.000000) (-0.097486,0.000000) (0.362987,0.000000) (0.363318,0.000000) (-0.097496,0.000000) (-0.363318,0.000000) (0.097496,0.000000) (0.097486,0.000000) (-0.362987,0.000000) (-0.265771,0.000000) (0.000000,0.000000) (0.265771,0.000000)
su 5.26517 (-0.288720,0.000000) (0.000000,0.000000) (0.288720,0.000000) (0.394467,0.000000) (-0.105455,0.000000) (-0.105443,0.000000) (0.394108,0.000000) (0.105443,0.000000) (-0.394108,0.000000) (-0.394467,0.000000) (0.105455,0.000000) (-0.288921,0.000000) (0.000000,0.000000) (0.288921,0.000000)
sd 5.26517 (-0.288921,0.000000) (0.000000,0.000000) (0.288921,0.000000) (-0.105455,0.000000) (0.394467,0.000000) (0.394108,0.000000) (-0.105443,0.000000) (-0.394108,0.000000) (0.105443,0.000000) (0.105455,0.000000) (-0.394467,0.000000) (-0.288720,0.000000) (-0.000000,0.000000) (0.288720,0.000000)
sd 6.38299 (0.268869,0.000000) (0.095193,0.000000) (0.268869,0.000000) (-0.312701,0.000000) (0.173565,0.000000) (-0.067233,0.000000) (-0.268951,0.000000) (-0.067233,0.000000) (-0.268951,0.000000) (-0.312701,0.000000) (0.173565,0.000000) (0.067408,0.000000) (0.379983,0.000000) (0.067408,0.000000)
su 6.38299 (-0.067408,0.000000) (-0.379983,0.000000) (-0.067408,0.000000) (-0.173565,0.000000) (0.312701,0.000000) (0.268951,0.000000) (0.067233,0.000000) (0.268951,0.000000) (0.067233,0.000000) (-0.173565,0.000000) (0.312701,0.000000) (-0.268869,0.000000) (-0.095193,0.000000) (-0.268869,0.000000)
su 6.38376 (0.317061,0.000000) (0.112381,0.000000) (0.317061,0.000000) (-0.369193,0.000000) (0.204811,0.000000) (-0.079559,0.000000) (-0.316965,0.000000) (-0.079559,0.000000) (-0.316965,0.000000) (-0.369193,0.000000) (0.204811,0.000000) (0.079352,0.000000) (0.448693,0.000000) (0.079352,0.000000)
sd 6.38376 (-0.079352,0.000000) (-0.448693,0.000000) (-0.079352,0.000000) (-0.204811,0.000000) (0.369193,0.000000) (0.316965,0.000000) (0.079559,0.000000) (0.316965,0.000000) (0.079559,0.000000) (-0.204811,0.000000) (0.369193,0.000000) (-0.317061,0.000000) (-0.112381,0.000000) (-0.317061,0.000000)
su 7.965 (0.286835,-0.000000) (0.000000,-0.000000) (-0.286835,0.000000) (-0.286988,0.000000) (0.286909,-0.000000) (-0.286967,0.000000) (0.286930,-0.000000) (0.286967,-0.000000) (-0.286930,0.000000) (0.286988,-0.000000) (-0.286909,0.000000) (-0.287062,0.000000) (-0.000000,0.000000) (0.287062,-0.000000)
sd 7.965 (-0.287062,0.000000) (-0.000000,0.000000) (0.287062,0.000000) (0.286909,0.000000) (-0.286988,0.000000) (0.286930,0.000000) (-0.286967,0.000000) (-0.286930,0.000000) (0.286967,0.000000) (-0.286909,0.000000) (0.286988,0.000000) (0.286835,0.000000) (0.000000,0.000000) (-0.286835,0.000000)
su 9.08338 (-0.214786,0.000000) (-0.303676,0.000000) (-0.214786,0.000000) (0.151953,0.000000) (-0.151938,0.000000) (0.366800,0.000000) (-0.366857,0.000000) (0.366800,0.000000) (-0.366857,0.000000) (0.151953,0.000000) (-0.151938,0.000000) (0.214980,0.000000) (0.304106,0.000000) (0.214980,0.000000)
sd 9.08338 (-0.214980,0.000000) (-0.304106,0.000000) (-0.214980,0.000000) (0.151938,0.000000) (-0.151953,0.000000) (0.366857,0.000000) (-0.366800,0.000000) (0.366857,0.000000) (-0.366800,0.000000) (0.151938,0.000000) (-0.151953,0.000000) (0.214786,0.000000) (0.303676,0.000000) (0.214786,0.000000)
