sd -4.35838 (-0.214894,-0.000000) (-0.303916,-0.000000) (-0.214894,-0.000000) (-0.151944,0.000000) (-0.151946,-0.000000) (-0.366832,0.000000) (-0.366825,-0.000000) (-0.366832,0.000000) (-0.366825,-0.000000) (-0.151944,0.000000) (-0.151946,-0.000000) (-0.214872,0.000000) (-0.303865,0.000000) (-0.214872,0.000000)
su -4.35838 (0.214872,-0.000000) (0.303865,-0.000000) (0.214872,-0.000000) (0.151946,0.000000) (0.151944,-0.000000) (0.366825,0.000000) (0.366832,-0.000000) (0.366825,0.000000) (0.366832,-0.000000) (0.151946,0.000000) (0.151944,-0.000000) (0.214894,0.000000) (0.303916,0.000000) (0.214894,0.000000)
sd -3.24 (0.288688,0.000000) (0.000000,0.000000) (-0.288688,0.000000) (0.288671,0.000000) (0.288680,0.000000) (0.288673,0.000000) (0.288677,0.000000) (-0.288673,0.000000) (-0.288677,0.000000) (-0.288671,0.000000) (-0.288680,0.000000) (0.288662,0.000000) (-0.000000,0.000000) (-0.288662,0.000000)
su -3.24 (0.288662,0.000000) (-0.000000,0.000000) (-0.288662,0.000000) (0.288680,0.000000) (0.288671,0.000000) (0.288677,0.000000) (0.288673,0.000000) (-0.288677,0.000000) (-0.288673,0.000000) (-0.288680,0.000000) (-0.288671,0.000000) (0.288688,0.000000) (0.000000,0.000000) (-0.288688,0.000000)
sd -1.65842 (0.079525,0.000000) (0.449057,0.000000) (0.079525,0.000000) (-0.205038,0.000000) (-0.369515,0.000000) (0.317495,0.000000) (-0.079549,0.000000) (0.317495,0.000000) (-0.079549,0.000000) (-0.205038,0.000000) (-0.369515,0.000000) (-0.317506,0.000000) (-0.112484,0.000000) (-0.317506,0.000000)
su -1.65842 (0.317506,0.000000) (0.112484,0.000000) (0.317506,0.000000) (0.369515,0.000000) (0.205038,0.000000) (0.079549,0.000000) (-0.317495,0.000000) (0.079549,0.000000) (-0.317495,0.000000) (0.369515,0.000000) (0.205038,0.000000) (-0.079525,0.000000) (-0.449057,0.000000) (-0.079525,0.000000)
sd -1.65833 (-0.317527,0.000000) (-0.112476,0.000000) (-0.317527,0.000000) (-0.369487,0.000000) (-0.205036,0.000000) (-0.079522,0.000000) (0.317538,0.000000) (-0.079522,0.000000) (0.317538,0.000000) (-0.369487,0.000000) (-0.205036,0.000000) (0.079546,0.000000) (0.449016,0.000000) (0.079546,0.000000)
su -1.65833 (0.079546,0.000000) (0.449016,0.000000) (0.079546,0.000000) (-0.205036,0.000000) (-0.369487,0.000000) (0.317538,0.000000) (-0.079522,0.000000) (0.317538,0.000000) (-0.079522,0.000000) (-0.205036,0.000000) (-0.369487,0.000000) (-0.317527,0.000000) (-0.112476,0.000000) (-0.317527,0.000000)
sd -0.54002 (-0.288704,0.000000) (0.000000,0.000000) (0.288704,0.000000) (0.105638,0.000000) (0.394353,0.000000) (-0.394311,0.000000) (-0.105637,0.000000) (0.394311,0.000000) (0.105637,0.000000) (-0.105638,0.000000) (-0.394353,0.000000) (0.288680,0.000000) (-0.000000,0.000000) (-0.288680,0.000000)
su -0.54002 (0.288680,0.000000) (-0.000000,0.000000) (-0.288680,0.000000) (0.394353,0.000000) (0.105638,0.000000) (-0.105637,0.000000) (-0.394311,0.000000) (0.105637,0.000000) (0.394311,0.000000) (-0.394353,0.000000) (-0.105638,0.000000) (-0.288704,0.000000) (0.000000,0.000000) (0.288704,0.000000)
sd -0.53998 (-0.288670,0.000000) (-0.000000,0.000000) (0.288670,0.000000) (-0.394322,0.000000) (-0.105687,0.000000) (0.105688,0.000000) (0.394364,0.000000) (-0.105688,0.000000) (-0.394364,0.000000) (0.394322,0.000000) (0.105687,0.000000) (0.288646,0.000000) (0.000000,0.000000) (-0.288646,0.000000)
su -0.53998 (0.288646,0.000000) (0.000000,0.000000) (-0.288646,0.000000) (-0.105687,0.000000) (-0.394322,0.000000) (0.394364,0.000000) (0.105688,0.000000) (-0.394364,0.000000) (-0.105688,0.000000) (0.105687,0.000000) (0.394322,0.000000) (-0.288670,0.000000) (-0.000000,0.000000) (0.288670,0.000000)
su 1.04162 (0.310892,0.000000) (-0.439666,0.000000) (0.310892,0.000000) (0.219909,0.000000) (-0.219824,0.000000) (-0.091097,0.000000) (0.091046,0.000000) (-0.091097,0.000000) (0.091046,0.000000) (0.219909,0.000000) (-0.219824,0.000000) (-0.310984,0.000000) (0.439799,0.000000) (-0.310984,0.000000)
sd 1.04162 (-0.310984,0.000000) (0.439799,0.000000) (-0.310984,0.000000) (-0.219824,0.000000) (0.219909,0.000000) (0.091046,0.000000) (-0.091097,0.000000) (0.091046,0.000000) (-0.091097,0.000000) (-0.219824,0.000000) (0.219909,0.000000) (0.310892,0.000000) (-0.439666,0.000000) (0.310892,0.000000)
su 3.27838 (-0.310984,0.000000) (0.439799,0.000000) (-0.310984,0.000000) (0.219824,0.000000) (0.219909,0.000000) (-0.091046,0.000000) (-0.091097,0.000000) (-0.091046,0.000000) (-0.091097,0.000000) (0.219824,0.000000) (0.219909,0.000000) (-0.310892,0.000000) (0.439666,0.000000) (-0.310892,0.000000)
sd 3.27838 (-0.310892,0.000000) (0.439666,0.000000) (-0.310892,0.000000) (0.219909,0.000000) (0.219824,0.000000) (-0.091097,0.000000) (-0.091046,0.000000) (-0.091097,0.000000) (-0.091046,0.000000) (0.219909,0.000000) (0.219824,0.000000) (-0.310984,0.000000) (0.439799,0.000000) (-0.310984,0.000000)
sd 4.85998 (0.288646,0.000000) (0.000000,0.000000) (-0.288646,0.000000) (0.105687,0.000000) (-0.394322,0.000000) (-0.394364,0.000000) (0.105688,0.000000) (0.394364,0.000000) (-0.105688,0.000000) (-0.105687,0.000000) (0.394322,0.000000) (0.288670,0.000000) (0.000000,0.000000) (-0.288670,0.000000)
su 4.85998 (-0.288670,0.000000) (-0.000000,0.000000) (0.288670,0.000000) (0.394322,0.000000) (-0.105687,0.000000) (-0.105688,0.000000) (0.394364,0.000000) (0.105688,0.000000) (-0.394364,0.000000) (-0.394322,0.000000) (0.105687,0.000000) (-0.288646,0.000000) (-0.000000,0.000000) (0.288646,0.000000)
sd 4.86002 (-0.288680,0.000000) (0.000000,0.000000) (0.288680,0.000000) (0.394353,0.000000) (-0.105638,0.000000) (-0.105637,0.000000) (0.394311,0.000000) (0.105637,0.000000) (-0.394311,0.000000) (-0.394353,0.000000) (0.105638,0.000000) (-0.288704,0.000000) (0.000000,0.000000) (0.288704,0.000000)
su 4.86002 (-0.288704,0.000000) (0.000000,0.000000) (0.288704,0.000000) (-0.105638,0.000000) (0.394353,0.000000) (0.394311,0.000000) (-0.105637,0.000000) (-0.394311,0.000000) (0.105637,0.000000) (0.105638,0.000000) (-0.394353,0.000000) (-0.288680,0.000000) (0.000000,0.000000) (0.288680,0.000000)
sd 5.97833 (-0.079546,0.000000) (-0.449016,0.000000) (-0.079546,0.000000) (-0.205036,0.000000) (0.369488,0.000000) (0.317539,0.000000) (0.079522,0.000000) (0.317539,0.000000) (0.079522,0.000000) (-0.205036,0.000000) (0.369488,0.000000) (-0.317527,0.000000) (-0.112476,0.000000) (-0.317527,0.000000)
su 5.97833 (-0.317527,0.000000) (-0.112476,0.000000) (-0.317527,0.000000) (0.369488,0.000000) (-0.205036,0.000000) (0.079522,0.000000) (0.317539,0.000000) (0.079522,0.000000) (0.317539,0.000000) (0.369488,0.000000) (-0.205036,0.000000) (-0.079546,0.000000) (-0.449016,0.000000) (-0.079546,0.000000)
sd 5.97842 (0.317506,0.000000) (0.112484,0.000000) (0.317506,0.000000) (-0.369515,0.000000) (0.205038,0.000000) (-0.079549,0.000000) (-0.317495,0.000000) (-0.079549,0.000000) (-0.317495,0.000000) (-0.369515,0.000000) (0.205038,0.000000) (0.079525,0.000000) (0.449057,0.000000) (0.079525,0.000000)
su 5.97842 (-0.079525,0.000000) (-0.449057,0.000000) (-0.079525,0.000000) (-0.205038,0.000000) (0.369515,0.000000) (0.317495,0.000000) (0.079549,0.000000) (0.317495,0.000000) (0.079549,0.000000) (-0.205038,0.000000) (0.369515,0.000000) (-0.317506,0.000000) (-0.112484,0.000000) (-0.317506,0.000000)
sd 7.56 (0.288662,0.000000) (-0.000000,0.000000) (-0.288662,0.000000) (-0.288680,0.000000) (0.288671,0.000000) (-0.288677,0.000000) (0.288673,0.000000) (0.288677,0.000000) (-0.288673,0.000000) (0.288680,0.000000) (-0.288671,0.000000) (-0.288688,0.000000) (-0.000000,0.000000) (0.288688,0.000000)
su 7.56 (0.288688,0.000000) (0.000000,0.000000) (-0.288688,0.000000) (-0.288671,0.000000) (0.288680,0.000000) (-0.288673,0.000000) (0.288677,0.000000) (0.288673,0.000000) (-0.288677,0.000000) (0.288671,0.000000) (-0.288680,0.000000) (-0.288662,0.000000) (0.000000,0.000000) (0.288662,0.000000)
sd 8.67838 (-0.214872,0.000000) (-0.303865,0.000000) (-0.214872,0.000000) (0.151946,0.000000) (-0.151944,0.000000) (0.366825,0.000000) (-0.366832,0.000000) (0.366825,0.000000) (-0.366832,0.000000) (0.151946,0.000000) (-0.151944,0.000000) (0.214894,0.000000) (0.303916,0.000000) (0.214894,0.000000)
su 8.67838 (-0.214894,0.000000) (-0.303916,0.000000) (-0.214894,0.000000) (0.151944,0.000000) (-0.151946,0.000000) (0.366832,0.000000) (-0.366825,0.000000) (0.366832,0.000000) (-0.366825,0.000000) (0.151944,0.000000) (-0.151946,0.000000) (0.214872,0.000000) (0.303865,0.000000) (0.214872,0.000000)
