su -5.94466 (-0.098930,0.000000) (-0.139907,0.000000) (-0.098930,0.000000) (-0.078286,0.000000) (-0.112576,0.000000) (-0.189000,0.000000) (-0.271785,0.000000) (-0.189000,0.000000) (-0.271785,0.000000) (-0.078286,0.000000) (-0.112576,0.000000) (-0.225867,0.000000) (-0.319425,0.000000) (-0.225867,0.000000) (-0.225867,0.000000) (-0.319424,0.000000) (-0.225867,0.000000) (-0.112579,0.000000) (-0.078288,0.000000) (-0.271789,0.000000) (-0.189004,0.000000) (-0.271789,0.000000) (-0.189004,0.000000) (-0.112579,0.000000) (-0.078288,0.000000) (-0.098935,0.000000) (-0.139916,0.000000) (-0.098935,0.000000)
sd -5.94466 (0.098935,0.000000) (0.139916,0.000000) (0.098935,0.000000) (0.078288,-0.000000) (0.112579,0.000000) (0.189004,-0.000000) (0.271789,0.000000) (0.189004,-0.000000) (0.271789,0.000000) (0.078288,-0.000000) (0.112579,0.000000) (0.225867,-0.000000) (0.319424,-0.000000) (0.225867,-0.000000) (0.225867,0.000000) (0.319425,0.000000) (0.225867,0.000000) (0.112576,-0.000000) (0.078286,0.000000) (0.271785,-0.000000) (0.189000,0.000000) (0.271785,-0.000000) (0.189000,0.000000) (0.112576,-0.000000) (0.078286,0.000000) (0.098930,-0.000000) (0.139907,-0.000000) (0.098930,-0.000000)
sd -4.83245 (0.180790,0.000000) (0.255679,0.000000) (0.180790,0.000000) (0.121248,0.000000) (0.096844,0.000000) (0.292719,0.000000) (0.233801,0.000000) (0.292719,0.000000) (0.233801,0.000000) (0.121248,0.000000) (0.096845,0.000000) (0.100503,0.000000) (0.142132,0.000000) (0.100503,0.000000) (-0.100512,0.000000) (-0.142147,0.000000) (-0.100512,0.000000) (-0.096846,0.000000) (-0.121247,0.000000) (-0.233809,0.000000) (-0.292717,0.000000) (-0.233809,0.000000) (-0.292717,0.000000) (-0.096846,0.000000) (-0.121247,0.000000) (-0.180784,0.000000) (-0.255665,0.000000) (-0.180784,0.000000)
su -4.83245 (0.180784,0.000000) (0.255665,0.000000) (0.180784,0.000000) (0.121247,0.000000) (0.096846,0.000000) (0.292717,0.000000) (0.233809,0.000000) (0.292717,0.000000) (0.233809,0.000000) (0.121247,0.000000) (0.096846,0.000000) (0.100512,0.000000) (0.142147,0.000000) (0.100512,0.000000) (-0.100503,0.000000) (-0.142132,0.000000) (-0.100503,0.000000) (-0.096844,0.000000) (-0.121248,0.000000) (-0.233801,0.000000) (-0.292719,0.000000) (-0.233801,0.000000) (-0.292719,0.000000) (-0.096845,0.000000) (-0.121248,0.000000) (-0.180790,0.000000) (-0.255679,0.000000) (-0.180790,0.000000)
su -4.80172 (0.129449,0.000000) (-0.000000,0.000000) (-0.129449,0.000000) (0.147471,0.000000) (0.206549,0.000000) (0.147472,0.000000) (0.206550,0.000000) (-0.147472,0.000000) (-0.206550,0.000000) (-0.147471,0.000000) (-0.206549,0.000000) (0.323138,0.000000) (-0.000000,0.000000) (-0.323138,0.000000) (0.323138,0.000000) (0.000000,0.000000) (-0.323138,0.000000) (0.206555,0.000000) (0.147475,0.000000) (0.206554,0.000000) (0.147474,0.000000) (-0.206554,0.000000) (-0.147474,0.000000) (-0.206555,0.000000) (-0.147475,0.000000) (0.129455,0.000000) (0.000000,0.000000) (-0.129455,0.000000)
sd -4.80172 (0.129455,0.000000) (0.000000,0.000000) (-0.129455,0.000000) (0.147475,0.000000) (0.206555,0.000000) (0.147474,0.000000) (0.206554,0.000000) (-0.147474,0.000000) (-0.206554,0.000000) (-0.147475,0.000000) (-0.206555,0.000000) (0.323138,0.000000) (0.000000,0.000000) (-0.323138,0.000000) (0.323138,0.000000) (-0.000000,0.000000) (-0.323138,0.000000) (0.206549,0.000000) (0.147471,0.000000) (0.206550,0.000000) (0.147472,0.000000) (-0.206550,0.000000) (-0.147472,0.000000) (-0.206549,0.000000) (-0.147471,0.000000) (0.129449,0.000000) (-0.000000,0.000000) (-0.129449,0.000000)
su -3.75629 (-0.240316,0.000000) (-0.000000,0.000000) (0.240316,0.000000) (-0.227248,0.000000) (-0.189457,0.000000) (-0.227249,0.000000) (-0.189460,0.000000) (0.227249,0.000000) (0.189460,0.000000) (0.227248,0.000000) (0.189457,0.000000) (-0.131062,0.000000) (0.000000,0.000000) (0.131062,0.000000) (0.131051,0.000000) (0.000000,0.000000) (-0.131051,0.000000) (0.189456,0.000000) (0.227247,0.000000) (0.189454,0.000000) (0.227246,0.000000) (-0.189454,0.000000) (-0.227246,0.000000) (-0.189456,0.000000) (-0.227247,0.000000) (0.240322,0.000000) (-0.000000,0.000000) (-0.240322,0.000000)
sd -3.75629 (-0.240322,0.000000) (0.000000,0.000000) (0.240322,0.000000) (-0.227247,0.000000) (-0.189456,0.000000) (-0.227246,0.000000) (-0.189454,0.000000) (0.227246,0.000000) (0.189454,0.000000) (0.227247,0.000000) (0.189456,0.000000) (-0.131051,0.000000) (-0.000000,0.000000) (0.131051,0.000000) (0.131062,0.000000) (-0.000000,0.000000) (-0.131062,0.000000) (0.189457,0.000000) (0.227248,0.000000) (0.189460,0.000000) (0.227249,0.000000) (-0.189460,0.000000) (-0.227249,0.000000) (-0.189457,0.000000) (-0.227248,0.000000) (0.240316,0.000000) (0.000000,0.000000) (-0.240316,0.000000)
sd -3.23422 (0.223289,0.000000) (0.315786,0.000000) (0.223289,0.000000) (0.111035,0.000000) (-0.034765,0.000000) (0.268072,0.000000) (-0.083924,0.000000) (0.268072,0.000000) (-0.083924,0.000000) (0.111035,0.000000) (-0.034765,0.000000) (-0.170061,0.000000) (-0.240500,0.000000) (-0.170061,0.000000) (-0.170053,0.000000) (-0.240493,0.000000) (-0.170053,0.000000) (-0.034753,0.000000) (0.111046,0.000000) (-0.083909,0.000000) (0.268079,0.000000) (-0.083909,0.000000) (0.268079,0.000000) (-0.034753,0.000000) (0.111046,0.000000) (0.223291,0.000000) (0.315774,0.000000) (0.223291,0.000000)
su -3.23422 (0.223291,0.000000) (0.315774,0.000000) (0.223291,0.000000) (0.111046,0.000000) (-0.034753,0.000000) (0.268079,0.000000) (-0.083909,0.000000) (0.268079,0.000000) (-0.083909,0.000000) (0.111046,0.000000) (-0.034753,0.000000) (-0.170053,0.000000) (-0.240493,0.000000) (-0.170053,0.000000) (-0.170061,0.000000) (-0.240500,0.000000) (-0.170061,0.000000) (-0.034765,0.000000) (0.111035,0.000000) (-0.083924,0.000000) (0.268072,0.000000) (-0.083924,0.000000) (0.268072,0.000000) (-0.034765,0.000000) (0.111035,0.000000) (0.223289,0.000000) (0.315786,0.000000) (0.223289,0.000000)
su -3.12547 (-0.071462,0.000000) (0.101058,0.000000) (-0.071462,0.000000) (-0.202215,0.000000) (-0.263723,0.000000) (0.083759,0.000000) (0.109240,0.000000) (0.083759,0.000000) (0.109240,0.000000) (-0.202215,0.000000) (-0.263723,0.000000) (-0.234935,0.000000) (0.332251,0.000000) (-0.234935,0.000000) (-0.234937,0.000000) (0.332248,0.000000) (-0.234937,0.000000) (-0.263738,0.000000) (-0.202222,0.000000) (0.109242,0.000000) (0.083765,0.000000) (0.109242,0.000000) (0.083765,0.000000) (-0.263738,0.000000) (-0.202222,0.000000) (-0.071465,0.000000) (0.101072,0.000000) (-0.071465,0.000000)
sd -3.12547 (0.071465,0.000000) (-0.101072,0.000000) (0.071465,0.000000) (0.202222,0.000000) (0.263738,0.000000) (-0.083765,0.000000) (-0.109242,0.000000) (-0.083765,0.000000) (-0.109242,0.000000) (0.202222,0.000000) (0.263738,0.000000) (0.234937,0.000000) (-0.332248,0.000000) (0.234937,0.000000) (0.234935,0.000000) (-0.332251,0.000000) (0.234935,0.000000) (0.263723,0.000000) (0.202215,0.000000) (-0.109240,0.000000) (-0.083759,0.000000) (-0.109240,0.000000) (-0.083759,0.000000) (0.263723,0.000000) (0.202215,0.000000) (0.071462,0.000000) (-0.101058,0.000000) (0.071462,0.000000)
su -2.28584 (-0.134186,0.000000) (0.189773,0.000000) (-0.134186,0.000000) (-0.308479,0.000000) (-0.281210,0.000000) (0.127780,0.000000) (0.116480,0.000000) (0.127780,0.000000) (0.116480,0.000000) (-0.308479,0.000000) (-0.281210,0.000000) (-0.070208,0.000000) (0.099282,0.000000) (-0.070208,0.000000) (0.070189,0.000000) (-0.099268,0.000000) (0.070189,0.000000) (0.281205,0.000000) (0.308476,0.000000) (-0.116480,0.000000) (-0.127771,0.000000) (-0.116480,0.000000) (-0.127771,0.000000) (0.281205,0.000000) (0.308476,0.000000) (0.134196,0.000000) (-0.189775,0.000000) (0.134196,0.000000)
sd -2.28584 (-0.134196,0.000000) (0.189775,0.000000) (-0.134196,0.000000) (-0.308476,0.000000) (-0.281205,0.000000) (0.127771,0.000000) (0.116480,0.000000) (0.127771,0.000000) (0.116480,0.000000) (-0.308476,0.000000) (-0.281205,0.000000) (-0.070189,0.000000) (0.099268,0.000000) (-0.070189,0.000000) (0.070208,0.000000) (-0.099282,0.000000) (0.070208,0.000000) (0.281210,0.000000) (0.308479,0.000000) (-0.116480,0.000000) (-0.127780,0.000000) (-0.116480,0.000000) (-0.127780,0.000000) (0.281210,0.000000) (0.308479,0.000000) (0.134186,0.000000) (-0.189773,0.000000) (0.134186,0.000000)
su -2.20706 (0.310297,0.000000) (0.000000,0.000000) (-0.310297,0.000000) (0.204403,0.000000) (-0.041013,0.000000) (0.204401,0.000000) (-0.041015,0.000000) (-0.204401,0.000000) (0.041015,0.000000) (-0.204403,0.000000) (0.041013,0.000000) (-0.258436,0.000000) (-0.000000,0.000000) (0.258436,0.000000) (-0.258440,0.000000) (0.000000,0.000000) (0.258440,0.000000) (-0.041023,0.000000) (0.204396,0.000000) (-0.041021,0.000000) (0.204398,0.000000) (0.041021,0.000000) (-0.204398,0.000000) (0.041023,0.000000) (-0.204396,0.000000) (0.310304,0.000000) (0.000000,0.000000) (-0.310304,0.000000)
sd -2.20706 (-0.310304,0.000000) (0.000000,0.000000) (0.310304,0.000000) (-0.204396,0.000000) (0.041023,0.000000) (-0.204398,0.000000) (0.041021,0.000000) (0.204398,0.000000) (-0.041021,0.000000) (0.204396,0.000000) (-0.041023,0.000000) (0.258440,0.000000) (-0.000000,0.000000) (-0.258440,0.000000) (0.258436,0.000000) (0.000000,0.000000) (-0.258436,0.000000) (0.041013,0.000000) (-0.204403,0.000000) (0.041015,0.000000) (-0.204401,0.000000) (-0.041015,0.000000) (0.204401,0.000000) (-0.041013,0.000000) (0.204403,0.000000) (-0.310297,0.000000) (0.000000,0.000000) (0.310297,0.000000)
sd -1.64644 (0.180744,0.000000) (0.255617,0.000000) (0.180744,0.000000) (0.058749,0.000000) (-0.115544,0.000000) (0.141834,0.000000) (-0.278953,0.000000) (0.141834,0.000000) (-0.278953,0.000000) (0.058749,0.000000) (-0.115544,0.000000) (-0.186976,0.000000) (-0.264436,0.000000) (-0.186976,0.000000) (0.186991,0.000000) (0.264433,0.000000) (0.186991,0.000000) (0.115546,0.000000) (-0.058756,0.000000) (0.278948,0.000000) (-0.141846,0.000000) (0.278948,0.000000) (-0.141846,0.000000) (0.115546,0.000000) (-0.058756,0.000000) (-0.180752,0.000000) (-0.255615,0.000000) (-0.180752,0.000000)
su -1.64644 (-0.180752,0.000000) (-0.255615,0.000000) (-0.180752,0.000000) (-0.058756,0.000000) (0.115546,0.000000) (-0.141846,0.000000) (0.278948,0.000000) (-0.141846,0.000000) (0.278948,0.000000) (-0.058756,0.000000) (0.115546,0.000000) (0.186991,0.000000) (0.264433,0.000000) (0.186991,0.000000) (-0.186976,0.000000) (-0.264436,0.000000) (-0.186976,0.000000) (-0.115544,0.000000) (0.058749,0.000000) (-0.278953,0.000000) (0.141834,0.000000) (-0.278953,0.000000) (0.141834,0.000000) (-0.115544,0.000000) (0.058749,0.000000) (0.180744,0.000000) (0.255617,0.000000) (0.180744,0.000000)
su -1.35001 (-0.000003,0.000000) (0.000000,0.000000) (0.000003,0.000000) (-0.000003,0.000000) (0.000000,0.000000) (-0.000000,0.000000) (0.000003,0.000000) (0.000000,0.000000) (-0.000003,0.000000) (0.000003,0.000000) (-0.000000,0.000000) (0.000003,0.000000) (-0.000000,0.000000) (-0.000003,0.000000) (0.000000,0.000000) (-0.000000,0.000000) (0.000000,0.000000) (-0.353558,0.000000) (-0.353549,0.000000) (0.353554,0.000000) (0.353552,0.000000) (-0.353554,0.000000) (-0.353552,0.000000) (0.353558,0.000000) (0.353549,0.000000) (0.000003,0.000000) (0.000000,0.000000) (-0.000003,0.000000)
sd -1.35001 (-0.000003,0.000000) (-0.000000,0.000000) (0.000003,0.000000) (0.353549,0.000000) (0.353558,0.000000) (-0.353552,0.000000) (-0.353554,0.000000) (0.353552,0.000000) (0.353554,0.000000) (-0.353549,0.000000) (-0.353558,0.000000) (0.000000,0.000000) (0.000000,0.000000) (0.000000,0.000000) (-0.000003,0.000000) (-0.000000,0.000000) (0.000003,0.000000) (-0.000000,0.000000) (0.000003,0.000000) (-0.000003,0.000000) (0.000000,0.000000) (0.000003,0.000000) (-0.000000,0.000000) (0.000000,0.000000) (-0.000003,0.000000) (0.000003,0.000000) (0.000000,0.000000) (-0.000003,0.000000)
su -1.34999 (-0.000003,0.000000) (-0.000000,0.000000) (0.000003,0.000000) (-0.353557,0.000000) (-0.353549,0.000000) (0.353555,0.000000) (0.353552,0.000000) (-0.353555,0.000000) (-0.353552,0.000000) (0.353557,0.000000) (0.353549,0.000000) (0.000000,0.000000) (0.000000,0.000000) (0.000000,0.000000) (-0.000003,0.000000) (-0.000000,0.000000) (0.000003,0.000000) (-0.000000,0.000000) (0.000003,0.000000) (-0.000003,0.000000) (0.000000,0.000000) (0.000003,0.000000) (-0.000000,0.000000) (0.000000,0.000000) (-0.000003,0.000000) (0.000003,0.000000) (0.000000,0.000000) (-0.000003,0.000000)
sd -1.34999 (0.000003,0.000000) (-0.000000,0.000000) (-0.000003,0.000000) (0.000003,0.000000) (-0.000000,0.000000) (0.000000,0.000000) (-0.000003,0.000000) (-0.000000,0.000000) (0.000003,0.000000) (-0.000003,0.000000) (0.000000,0.000000) (-0.000003,0.000000) (0.000000,0.000000) (0.000003,0.000000) (-0.000000,0.000000) (0.000000,0.000000) (-0.000000,0.000000) (-0.353549,0.000000) (-0.353557,0.000000) (0.353552,0.000000) (0.353555,0.000000) (-0.353552,0.000000) (-0.353555,0.000000) (0.353549,0.000000) (0.353557,0.000000) (-0.000003,0.000000) (-0.000000,0.000000) (0.000003,0.000000)
su -0.989419 (-0.180097,0.000000) (0.254701,0.000000) (-0.180097,0.000000) (-0.266400,0.000000) (-0.050722,0.000000) (0.110350,0.000000) (0.021007,0.000000) (0.110350,0.000000) (0.021007,0.000000) (-0.266400,0.000000) (-0.050722,0.000000) (0.222450,0.000000) (-0.314599,0.000000) (0.222450,0.000000) (0.222455,0.000000) (-0.314593,0.000000) (0.222455,0.000000) (-0.050708,0.000000) (-0.266390,0.000000) (0.021007,0.000000) (0.110339,0.000000) (0.021007,0.000000) (0.110339,0.000000) (-0.050708,0.000000) (-0.266390,0.000000) (-0.180109,0.000000) (0.254707,0.000000) (-0.180109,0.000000)
sd -0.989419 (0.180109,0.000000) (-0.254707,0.000000) (0.180109,0.000000) (0.266390,0.000000) (0.050708,0.000000) (-0.110339,0.000000) (-0.021007,0.000000) (-0.110339,0.000000) (-0.021007,0.000000) (0.266390,0.000000) (0.050708,0.000000) (-0.222455,0.000000) (0.314593,0.000000) (-0.222455,0.000000) (-0.222450,0.000000) (0.314599,0.000000) (-0.222450,0.000000) (0.050722,0.000000) (0.266400,0.000000) (-0.021007,0.000000) (-0.110350,0.000000) (-0.021007,0.000000) (-0.110350,0.000000) (0.050722,0.000000) (0.266400,0.000000) (0.180097,0.000000) (-0.254701,0.000000) (0.180097,0.000000)
sd -0.552486 (-0.281431,0.000000) (-0.000000,0.000000) (0.281431,0.000000) (-0.099151,0.000000) (0.211565,0.000000) (-0.099144,0.000000) (0.211571,0.000000) (0.099144,0.000000) (-0.211571,0.000000) (0.099151,0.000000) (-0.211565,0.000000) (0.248219,0.000000) (0.000000,0.000000) (-0.248219,0.000000) (-0.248231,0.000000) (0.000000,0.000000) (0.248231,0.000000) (-0.211566,0.000000) (0.099151,0.000000) (-0.211560,0.000000) (0.099158,0.000000) (0.211560,0.000000) (-0.099158,0.000000) (0.211566,0.000000) (-0.099151,0.000000) (0.281428,0.000000) (-0.000000,0.000000) (-0.281428,0.000000)
su -0.552486 (0.281428,0.000000) (-0.000000,0.000000) (-0.281428,0.000000) (0.099151,0.000000) (-0.211566,0.000000) (0.099159,0.000000) (-0.211560,0.000000) (-0.099159,0.000000) (0.211560,0.000000) (-0.099151,0.000000) (0.211566,0.000000) (-0.248231,0.000000) (0.000000,0.000000) (0.248231,0.000000) (0.248219,0.000000) (0.000000,0.000000) (-0.248219,0.000000) (0.211565,0.000000) (-0.099151,0.000000) (0.211571,0.000000) (-0.099144,0.000000) (-0.211571,0.000000) (0.099144,0.000000) (-0.211565,0.000000) (0.099151,0.000000) (-0.281431,0.000000) (-0.000000,0.000000) (0.281431,0.000000)
sd 0.870948 (0.263553,0.000000) (-0.372720,0.000000) (0.263553,0.000000) (0.079809,0.000000) (-0.249392,0.000000) (-0.033055,0.000000) (0.103302,0.000000) (-0.033055,0.000000) (0.103302,0.000000) (0.079809,0.000000) (-0.249392,0.000000) (-0.124051,0.000000) (0.175434,0.000000) (-0.124051,0.000000) (0.124078,0.000000) (-0.175474,0.000000) (0.124078,0.000000) (0.249346,0.000000) (-0.079831,0.000000) (-0.103282,0.000000) (0.033070,0.000000) (-0.103282,0.000000) (0.033070,0.000000) (0.249346,0.000000) (-0.079831,0.000000) (-0.263509,0.000000) (0.372659,0.000000) (-0.263509,0.000000)
su 0.870948 (0.263509,0.000000) (-0.372659,0.000000) (0.263509,0.000000) (0.079831,0.000000) (-0.249346,0.000000) (-0.033070,0.000000) (0.103282,0.000000) (-0.033070,0.000000) (0.103282,0.000000) (0.079831,0.000000) (-0.249346,0.000000) (-0.124078,0.000000) (0.175474,0.000000) (-0.124078,0.000000) (0.124051,0.000000) (-0.175434,0.000000) (0.124051,0.000000) (0.249392,0.000000) (-0.079809,0.000000) (-0.103302,0.000000) (0.033055,0.000000) (-0.103302,0.000000) (0.033055,0.000000) (0.249392,0.000000) (-0.079809,0.000000) (-0.263553,0.000000) (0.372720,0.000000) (-0.263553,0.000000)
sd 1.82905 (0.263509,0.000000) (-0.372659,0.000000) (0.263509,0.000000) (-0.079831,0.000000) (-0.249346,0.000000) (0.033070,0.000000) (0.103282,0.000000) (0.033070,0.000000) (0.103282,0.000000) (-0.079831,0.000000) (-0.249346,0.000000) (0.124078,0.000000) (-0.175474,0.000000) (0.124078,0.000000) (0.124051,0.000000) (-0.175434,0.000000) (0.124051,0.000000) (-0.249392,0.000000) (-0.079809,0.000000) (0.103302,0.000000) (0.033055,0.000000) (0.103302,0.000000) (0.033055,0.000000) (-0.249392,0.000000) (-0.079809,0.000000) (0.263553,0.000000) (-0.372720,0.000000) (0.263553,0.000000)
su 1.82905 (0.263553,0.000000) (-0.372720,0.000000) (0.263553,0.000000) (-0.079809,0.000000) (-0.249392,0.000000) (0.033055,0.000000) (0.103302,0.000000) (0.033055,0.000000) (0.103302,0.000000) (-0.079809,0.000000) (-0.249392,0.000000) (0.124051,0.000000) (-0.175434,0.000000) (0.124051,0.000000) (0.124078,0.000000) (-0.175474,0.000000) (0.124078,0.000000) (-0.249346,0.000000) (-0.079831,0.000000) (0.103282,0.000000) (0.033070,0.000000) (0.103282,0.000000) (0.033070,0.000000) (-0.249346,0.000000) (-0.079831,0.000000) (0.263509,0.000000) (-0.372659,0.000000) (0.263509,0.000000)
sd 3.25249 (0.281428,0.000000) (-0.000000,0.000000) (-0.281428,0.000000) (-0.099151,0.000000) (-0.211566,0.000000) (-0.099159,0.000000) (-0.211560,0.000000) (0.099159,0.000000) (0.211560,0.000000) (0.099151,0.000000) (0.211566,0.000000) (0.248231,0.000000) (-0.000000,0.000000) (-0.248231,0.000000) (0.248219,0.000000) (0.000000,0.000000) (-0.248219,0.000000) (-0.211565,0.000000) (-0.099151,0.000000) (-0.211571,0.000000) (-0.099144,0.000000) (0.211571,0.000000) (0.099144,0.000000) (0.211565,0.000000) (0.099151,0.000000) (0.281431,0.000000) (0.000000,0.000000) (-0.281431,0.000000)
su 3.25249 (-0.281431,0.000000) (-0.000000,0.000000) (0.281431,0.000000) (0.099151,0.000000) (0.211565,0.000000) (0.099144,0.000000) (0.211571,0.000000) (-0.099144,0.000000) (-0.211571,0.000000) (-0.099151,0.000000) (-0.211565,0.000000) (-0.248219,0.000000) (-0.000000,0.000000) (0.248219,0.000000) (-0.248231,0.000000) (0.000000,0.000000) (0.248231,0.000000) (0.211566,0.000000) (0.099151,0.000000) (0.211560,0.000000) (0.099158,0.000000) (-0.211560,0.000000) (-0.099158,0.000000) (-0.211566,0.000000) (-0.099151,0.000000) (-0.281428,0.000000) (0.000000,0.000000) (0.281428,0.000000)
su 3.68942 (-0.180109,0.000000) (0.254707,0.000000) (-0.180109,0.000000) (0.266390,0.000000) (-0.050708,0.000000) (-0.110339,0.000000) (0.021007,0.000000) (-0.110339,0.000000) (0.021007,0.000000) (0.266390,0.000000) (-0.050708,0.000000) (-0.222455,0.000000) (0.314593,0.000000) (-0.222455,0.000000) (0.222450,0.000000) (-0.314599,0.000000) (0.222450,0.000000) (0.050722,0.000000) (-0.266400,0.000000) (-0.021007,0.000000) (0.110350,0.000000) (-0.021007,0.000000) (0.110350,0.000000) (0.050722,0.000000) (-0.266400,0.000000) (0.180097,0.000000) (-0.254701,0.000000) (0.180097,0.000000)
sd 3.68942 (-0.180097,0.000000) (0.254701,0.000000) (-0.180097,0.000000) (0.266400,0.000000) (-0.050722,0.000000) (-0.110350,0.000000) (0.021007,0.000000) (-0.110350,0.000000) (0.021007,0.000000) (0.266400,0.000000) (-0.050722,0.000000) (-0.222450,0.000000) (0.314599,0.000000) (-0.222450,0.000000) (0.222455,0.000000) (-0.314593,0.000000) (0.222455,0.000000) (0.050708,0.000000) (-0.266390,0.000000) (-0.021007,0.000000) (0.110339,0.000000) (-0.021007,0.000000) (0.110339,0.000000) (0.050708,0.000000) (-0.266390,0.000000) (0.180109,0.000000) (-0.254707,0.000000) (0.180109,0.000000)
su 4.04999 (-0.000003,0.000000) (0.000000,0.000000) (0.000003,0.000000) (0.000003,0.000000) (0.000000,0.000000) (0.000000,0.000000) (0.000003,0.000000) (-0.000000,0.000000) (-0.000003,0.000000) (-0.000003,0.000000) (-0.000000,0.000000) (-0.000003,0.000000) (0.000000,0.000000) (0.000003,0.000000) (0.000000,0.000000) (-0.000000,0.000000) (0.000000,0.000000) (-0.353549,0.000000) (0.353557,0.000000) (0.353552,0.000000) (-0.353555,0.000000) (-0.353552,0.000000) (0.353555,0.000000) (0.353549,0.000000) (-0.353557,0.000000) (-0.000003,0.000000) (-0.000000,0.000000) (0.000003,0.000000)
sd 4.04999 (-0.000003,0.000000) (-0.000000,0.000000) (0.000003,0.000000) (0.353557,0.000000) (-0.353549,0.000000) (-0.353555,0.000000) (0.353552,0.000000) (0.353555,0.000000) (-0.353552,0.000000) (-0.353557,0.000000) (0.353549,0.000000) (-0.000000,0.000000) (-0.000000,0.000000) (-0.000000,0.000000) (-0.000003,0.000000) (-0.000000,0.000000) (0.000003,0.000000) (0.000000,0.000000) (0.000003,0.000000) (0.000003,0.000000) (0.000000,0.000000) (-0.000003,0.000000) (-0.000000,0.000000) (-0.000000,0.000000) (-0.000003,0.000000) (-0.000003,0.000000) (-0.000000,0.000000) (0.000003,0.000000)
su 4.05001 (0.000003,0.000000) (0.000000,0.000000) (-0.000003,0.000000) (0.353549,0.000000) (-0.353558,0.000000) (-0.353552,0.000000) (0.353554,0.000000) (0.353552,0.000000) (-0.353554,0.000000) (-0.353549,0.000000) (0.353558,0.000000) (0.000000,0.000000) (0.000000,0.000000) (0.000000,0.000000) (0.000003,0.000000) (0.000000,0.000000) (-0.000003,0.000000) (-0.000000,0.000000) (-0.000003,0.000000) (-0.000003,0.000000) (-0.000000,0.000000) (0.000003,0.000000) (0.000000,0.000000) (0.000000,0.000000) (0.000003,0.000000) (0.000003,0.000000) (0.000000,0.000000) (-0.000003,0.000000)
sd 4.05001 (-0.000003,0.000000) (0.000000,0.000000) (0.000003,0.000000) (0.000003,0.000000) (0.000000,0.000000) (0.000000,0.000000) (0.000003,0.000000) (-0.000000,0.000000) (-0.000003,0.000000) (-0.000003,0.000000) (-0.000000,0.000000) (-0.000003,0.000000) (0.000000,0.000000) (0.000003,0.000000) (0.000000,0.000000) (-0.000000,0.000000) (0.000000,0.000000) (0.353558,0.000000) (-0.353549,0.000000) (-0.353554,0.000000) (0.353552,0.000000) (0.353554,0.000000) (-0.353552,0.000000) (-0.353558,0.000000) (0.353549,0.000000) (-0.000003,0.000000) (-0.000000,0.000000) (0.000003,0.000000)
sd 4.34644 (0.180752,0.000000) (0.255615,0.000000) (0.180752,0.000000) (-0.058756,0.000000) (-0.115546,0.000000) (-0.141846,0.000000) (-0.278948,0.000000) (-0.141846,0.000000) (-0.278948,0.000000) (-0.058756,0.000000) (-0.115546,0.000000) (0.186991,0.000000) (0.264433,0.000000) (0.186991,0.000000) (0.186976,0.000000) (0.264436,0.000000) (0.186976,0.000000) (-0.115544,0.000000) (-0.058749,0.000000) (-0.278953,0.000000) (-0.141834,0.000000) (-0.278953,0.000000) (-0.141834,0.000000) (-0.115544,0.000000) (-0.058749,0.000000) (0.180744,0.000000) (0.255617,0.000000) (0.180744,0.000000)
su 4.34644 (-0.180744,0.000000) (-0.255617,0.000000) (-0.180744,0.000000) (0.058749,0.000000) (0.115544,0.000000) (0.141834,0.000000) (0.278953,0.000000) (0.141834,0.000000) (0.278953,0.000000) (0.058749,0.000000) (0.115544,0.000000) (-0.186976,0.000000) (-0.264436,0.000000) (-0.186976,0.000000) (-0.186991,0.000000) (-0.264433,0.000000) (-0.186991,0.000000) (0.115546,0.000000) (0.058756,0.000000) (0.278948,0.000000) (0.141846,0.000000) (0.278948,0.000000) (0.141846,0.000000) (0.115546,0.000000) (0.058756,0.000000) (-0.180752,0.000000) (-0.255615,0.000000) (-0.180752,0.000000)
su 4.90706 (0.310304,0.000000) (-0.000000,0.000000) (-0.310304,0.000000) (-0.204396,0.000000) (-0.041023,0.000000) (-0.204398,0.000000) (-0.041021,0.000000) (0.204398,0.000000) (0.041021,0.000000) (0.204396,0.000000) (0.041023,0.000000) (0.258440,0.000000) (-0.000000,0.000000) (-0.258440,0.000000) (-0.258436,0.000000) (-0.000000,0.000000) (0.258436,0.000000) (0.041013,0.000000) (0.204403,0.000000) (0.041015,0.000000) (0.204401,0.000000) (-0.041015,0.000000) (-0.204401,0.000000) (-0.041013,0.000000) (-0.204403,0.000000) (-0.310297,0.000000) (0.000000,0.000000) (0.310297,0.000000)
sd 4.90706 (0.310297,0.000000) (0.000000,0.000000) (-0.310297,0.000000) (-0.204403,0.000000) (-0.041013,0.000000) (-0.204401,0.000000) (-0.041015,0.000000) (0.204401,0.000000) (0.041015,0.000000) (0.204403,0.000000) (0.041013,0.000000) (0.258436,0.000000) (0.000000,0.000000) (-0.258436,0.000000) (-0.258440,0.000000) (0.000000,0.000000) (0.258440,0.000000) (0.041023,0.000000) (0.204396,0.000000) (0.041021,0.000000) (0.204398,0.000000) (-0.041021,0.000000) (-0.204398,0.000000) (-0.041023,0.000000) (-0.204396,0.000000) (-0.310304,0.000000) (-0.000000,0.000000) (0.310304,0.000000)
su 4.98584 (-0.134196,0.000000) (0.189775,0.000000) (-0.134196,0.000000) (0.308476,0.000000) (-0.281205,0.000000) (-0.127771,0.000000) (0.116480,0.000000) (-0.127771,0.000000) (0.116480,0.000000) (0.308476,0.000000) (-0.281205,0.000000) (0.070189,0.000000) (-0.099268,0.000000) (0.070189,0.000000) (0.070208,0.000000) (-0.099282,0.000000) (0.070208,0.000000) (-0.281210,0.000000) (0.308479,0.000000) (0.116480,0.000000) (-0.127780,0.000000) (0.116480,0.000000) (-0.127780,0.000000) (-0.281210,0.000000) (0.308479,0.000000) (-0.134186,0.000000) (0.189773,0.000000) (-0.134186,0.000000)
sd 4.98584 (-0.134186,0.000000) (0.189773,0.000000) (-0.134186,0.000000) (0.308479,0.000000) (-0.281210,0.000000) (-0.127780,0.000000) (0.116480,0.000000) (-0.127780,0.000000) (0.116480,0.000000) (0.308479,0.000000) (-0.281210,0.000000) (0.070208,0.000000) (-0.099282,0.000000) (0.070208,0.000000) (0.070189,0.000000) (-0.099268,0.000000) (0.070189,0.000000) (-0.281205,0.000000) (0.308476,0.000000) (0.116480,0.000000) (-0.127771,0.000000) (0.116480,0.000000) (-0.127771,0.000000) (-0.281205,0.000000) (0.308476,0.000000) (-0.134196,0.000000) (0.189775,0.000000) (-0.134196,0.000000)
su 5.82547 (-0.071465,0.000000) (0.101072,0.000000) (-0.071465,0.000000) (0.202222,0.000000) (-0.263738,0.000000) (-0.083765,0.000000) (0.109242,0.000000) (-0.083765,0.000000) (0.109242,0.000000) (0.202222,0.000000) (-0.263738,0.000000) (0.234937,0.000000) (-0.332248,0.000000) (0.234937,0.000000) (-0.234935,0.000000) (0.332251,0.000000) (-0.234935,0.000000) (0.263723,0.000000) (-0.202215,0.000000) (-0.109240,0.000000) (0.083759,0.000000) (-0.109240,0.000000) (0.083759,0.000000) (0.263723,0.000000) (-0.202215,0.000000) (0.071462,0.000000) (-0.101058,0.000000) (0.071462,0.000000)
sd 5.82547 (-0.071462,0.000000) (0.101058,0.000000) (-0.071462,0.000000) (0.202215,0.000000) (-0.263723,0.000000) (-0.083759,0.000000) (0.109240,0.000000) (-0.083759,0.000000) (0.109240,0.000000) (0.202215,0.000000) (-0.263723,0.000000) (0.234935,0.000000) (-0.332251,0.000000) (0.234935,0.000000) (-0.234937,0.000000) (0.332248,0.000000) (-0.234937,0.000000) (0.263738,0.000000) (-0.202222,0.000000) (-0.109242,0.000000) (0.083765,0.000000) (-0.109242,0.000000) (0.083765,0.000000) (0.263738,0.000000) (-0.202222,0.000000) (0.071465,0.000000) (-0.101072,0.000000) (0.071465,0.000000)
sd 5.93422 (0.223291,0.000000) (0.315774,0.000000) (0.223291,0.000000) (-0.111046,0.000000) (-0.034753,0.000000) (-0.268079,0.000000) (-0.083909,0.000000) (-0.268079,0.000000) (-0.083909,0.000000) (-0.111046,0.000000) (-0.034753,0.000000) (0.170053,0.000000) (0.240493,0.000000) (0.170053,0.000000) (-0.170061,0.000000) (-0.240500,0.000000) (-0.170061,0.000000) (0.034765,0.000000) (0.111035,0.000000) (0.083924,0.000000) (0.268072,0.000000) (0.083924,0.000000) (0.268072,0.000000) (0.034765,0.000000) (0.111035,0.000000) (-0.223289,0.000000) (-0.315786,0.000000) (-0.223289,0.000000)
su 5.93422 (0.223289,0.000000) (0.315786,0.000000) (0.223289,0.000000) (-0.111035,0.000000) (-0.034765,0.000000) (-0.268072,0.000000) (-0.083924,0.000000) (-0.268072,0.000000) (-0.083924,0.000000) (-0.111035,0.000000) (-0.034765,0.000000) (0.170061,0.000000) (0.240500,0.000000) (0.170061,0.000000) (-0.170053,0.000000) (-0.240493,0.000000) (-0.170053,0.000000) (0.034753,0.000000) (0.111046,0.000000) (0.083909,0.000000) (0.268079,0.000000) (0.083909,0.000000) (0.268079,0.000000) (0.034753,0.000000) (0.111046,0.000000) (-0.223291,0.000000) (-0.315774,0.000000) (-0.223291,0.000000)
su 6.45629 (-0.240322,0.000000) (0.000000,0.000000) (0.240322,0.000000) (0.227247,0.000000) (-0.189456,0.000000) (0.227246,0.000000) (-0.189454,0.000000) (-0.227246,0.000000) (0.189454,0.000000) (-0.227247,0.000000) (0.189456,0.000000) (0.131051,0.000000) (0.000000,0.000000) (-0.131051,0.000000) (0.131062,0.000000) (-0.000000,0.000000) (-0.131062,0.000000) (-0.189457,0.000000) (0.227248,0.000000) (-0.189460,0.000000) (0.227249,0.000000) (0.189460,0.000000) (-0.227249,0.000000) (0.189457,0.000000) (-0.227248,0.000000) (-0.240316,0.000000) (-0.000000,0.000000) (0.240316,0.000000)
sd 6.45629 (0.240316,0.000000) (0.000000,0.000000) (-0.240316,0.000000) (-0.227248,0.000000) (0.189457,0.000000) (-0.227249,0.000000) (0.189460,0.000000) (0.227249,0.000000) (-0.189460,0.000000) (0.227248,0.000000) (-0.189457,0.000000) (-0.131062,0.000000) (0.000000,0.000000) (0.131062,0.000000) (-0.131051,0.000000) (-0.000000,0.000000) (0.131051,0.000000) (0.189456,0.000000) (-0.227247,0.000000) (0.189454,0.000000) (-0.227246,0.000000) (-0.189454,0.000000) (0.227246,0.000000) (-0.189456,0.000000) (0.227247,0.000000) (0.240322,0.000000) (-0.000000,0.000000) (-0.240322,0.000000)
su 7.50172 (-0.129455,0.000000) (-0.000000,0.000000) (0.129455,0.000000) (0.147475,0.000000) (-0.206555,0.000000) (0.147474,0.000000) (-0.206554,0.000000) (-0.147474,0.000000) (0.206554,0.000000) (-0.147475,0.000000) (0.206555,0.000000) (0.323138,0.000000) (0.000000,0.000000) (-0.323138,0.000000) (-0.323138,0.000000) (0.000000,0.000000) (0.323138,0.000000) (0.206549,0.000000) (-0.147471,0.000000) (0.206550,0.000000) (-0.147472,0.000000) (-0.206550,0.000000) (0.147472,0.000000) (-0.206549,0.000000) (0.147471,0.000000) (0.129449,0.000000) (-0.000000,0.000000) (-0.129449,0.000000)
sd 7.50172 (0.129449,0.000000) (-0.000000,0.000000) (-0.129449,0.000000) (-0.147471,0.000000) (0.206549,0.000000) (-0.147472,0.000000) (0.206550,0.000000) (0.147472,0.000000) (-0.206550,0.000000) (0.147471,0.000000) (-0.206549,0.000000) (-0.323138,0.000000) (0.000000,0.000000) (0.323138,0.000000) (0.323138,0.000000) (0.000000,0.000000) (-0.323138,0.000000) (-0.206555,0.000000) (0.147475,0.000000) (-0.206554,0.000000) (0.147474,0.000000) (0.206554,0.000000) (-0.147474,0.000000) (0.206555,0.000000) (-0.147475,0.000000) (-0.129455,0.000000) (-0.000000,0.000000) (0.129455,0.000000)
sd 7.53245 (0.180784,0.000000) (0.255665,0.000000) (0.180784,0.000000) (-0.121247,0.000000) (0.096846,0.000000) (-0.292717,0.000000) (0.233809,0.000000) (-0.292717,0.000000) (0.233809,0.000000) (-0.121247,0.000000) (0.096846,0.000000) (-0.100512,0.000000) (-0.142147,0.000000) (-0.100512,0.000000) (-0.100503,0.000000) (-0.142132,0.000000) (-0.100503,0.000000) (0.096844,0.000000) (-0.121248,0.000000) (0.233801,0.000000) (-0.292719,0.000000) (0.233801,0.000000) (-0.292719,0.000000) (0.096845,0.000000) (-0.121248,0.000000) (0.180790,0.000000) (0.255679,0.000000) (0.180790,0.000000)
su 7.53245 (0.180790,0.000000) (0.255679,0.000000) (0.180790,0.000000) (-0.121248,0.000000) (0.096844,0.000000) (-0.292719,0.000000) (0.233801,0.000000) (-0.292719,0.000000) (0.233801,0.000000) (-0.121248,0.000000) (0.096845,0.000000) (-0.100503,0.000000) (-0.142132,0.000000) (-0.100503,0.000000) (-0.100512,0.000000) (-0.142147,0.000000) (-0.100512,0.000000) (0.096846,0.000000) (-0.121247,0.000000) (0.233809,0.000000) (-0.292717,0.000000) (0.233809,0.000000) (-0.292717,0.000000) (0.096846,0.000000) (-0.121247,0.000000) (0.180784,0.000000) (0.255665,0.000000) (0.180784,0.000000)
su 8.64466 (0.098935,0.000000) (0.139916,0.000000) (0.098935,0.000000) (-0.078288,0.000000) (0.112579,0.000000) (-0.189004,0.000000) (0.271789,0.000000) (-0.189004,0.000000) (0.271789,0.000000) (-0.078288,0.000000) (0.112579,0.000000) (-0.225867,0.000000) (-0.319424,0.000000) (-0.225867,0.000000) (0.225867,0.000000) (0.319425,0.000000) (0.225867,0.000000) (-0.112576,0.000000) (0.078286,0.000000) (-0.271785,0.000000) (0.189000,0.000000) (-0.271785,0.000000) (0.189000,0.000000) (-0.112576,0.000000) (0.078286,0.000000) (-0.098930,0.000000) (-0.139907,0.000000) (-0.098930,0.000000)
sd 8.64466 (0.098930,-0.000000) (0.139907,-0.000000) (0.098930,-0.000000) (-0.078286,0.000000) (0.112576,-0.000000) (-0.189000,0.000000) (0.271785,-0.000000) (-0.189000,0.000000) (0.271785,-0.000000) (-0.078286,0.000000) (0.112576,-0.000000) (-0.225867,0.000000) (-0.319425,0.000000) (-0.225867,0.000000) (0.225867,-0.000000) (0.319424,-0.000000) (0.225867,-0.000000) (-0.112579,0.000000) (0.078288,-0.000000) (-0.271789,0.000000) (0.189004,-0.000000) (-0.271789,0.000000) (0.189004,-0.000000) (-0.112579,0.000000) (0.078288,-0.000000) (-0.098935,0.000000) (-0.139916,0.000000) (-0.098935,0.000000)
