su -4.74213 (-0.086509,0.000000) (-0.117832,0.000000) (-0.086509,0.000000) (-0.073678,0.000000) (-0.103467,0.000000) (-0.178374,0.000000) (-0.259948,0.000000) (-0.178374,0.000000) (-0.259948,0.000000) (-0.073678,0.000000) (-0.103467,0.000000) (-0.225985,0.000000) (-0.322220,0.000000) (-0.225985,0.000000) (-0.223530,0.000000) (-0.313110,0.000000) (-0.223530,0.000000) (-0.121798,0.000000) (-0.082972,0.000000) (-0.281547,0.000000) (-0.200335,0.000000) (-0.281547,0.000000) (-0.200335,0.000000) (-0.121798,0.000000) (-0.082972,0.000000) (-0.113364,0.000000) (-0.167989,0.000000) (-0.113364,0.000000)
sd -4.74213 (-0.113364,0.000000) (-0.167989,0.000000) (-0.113364,0.000000) (-0.082972,0.000000) (-0.121798,0.000000) (-0.200335,0.000000) (-0.281547,0.000000) (-0.200335,0.000000) (-0.281547,0.000000) (-0.082972,0.000000) (-0.121798,0.000000) (-0.223530,0.000000) (-0.313110,0.000000) (-0.223530,0.000000) (-0.225985,0.000000) (-0.322220,0.000000) (-0.225985,0.000000) (-0.103467,0.000000) (-0.073678,0.000000) (-0.259948,0.000000) (-0.178374,0.000000) (-0.259948,0.000000) (-0.178374,0.000000) (-0.103467,0.000000) (-0.073678,0.000000) (-0.086509,0.000000) (-0.117832,0.000000) (-0.086509,0.000000)
sd -3.64312 (-0.197941,0.000000) (-0.297932,0.000000) (-0.197940,0.000000) (-0.119439,0.000000) (-0.091961,0.000000) (-0.294664,0.000000) (-0.212131,0.000000) (-0.294663,0.000000) (-0.212130,0.000000) (-0.119439,0.000000) (-0.091960,0.000000) (-0.074546,0.000000) (-0.099716,0.000000) (-0.074545,0.000000) (0.124557,0.000000) (0.182904,0.000000) (0.124558,0.000000) (0.098298,0.000000) (0.120125,0.000000) (0.249055,0.000000) (0.287297,0.000000) (0.249056,0.000000) (0.287298,0.000000) (0.098299,0.000000) (0.120125,0.000000) (0.162543,0.000000) (0.219265,0.000000) (0.162543,0.000000)
su -3.64312 (0.162543,0.000000) (0.219265,0.000000) (0.162543,0.000000) (0.120125,0.000000) (0.098298,0.000000) (0.287297,0.000000) (0.249055,0.000000) (0.287298,0.000000) (0.249056,0.000000) (0.120125,0.000000) (0.098299,0.000000) (0.124557,0.000000) (0.182904,0.000000) (0.124558,0.000000) (-0.074546,0.000000) (-0.099716,0.000000) (-0.074545,0.000000) (-0.091961,0.000000) (-0.119439,0.000000) (-0.212131,0.000000) (-0.294664,0.000000) (-0.212130,0.000000) (-0.294663,0.000000) (-0.091960,0.000000) (-0.119439,0.000000) (-0.197941,0.000000) (-0.297932,0.000000) (-0.197940,0.000000)
su -3.60041 (-0.112610,0.000000) (-0.000000,0.000000) (0.112609,0.000000) (-0.138941,0.000000) (-0.186891,0.000000) (-0.141540,0.000000) (-0.195953,0.000000) (0.141539,0.000000) (0.195952,0.000000) (0.138940,0.000000) (0.186891,0.000000) (-0.323307,0.000000) (-0.000000,0.000000) (0.323306,0.000000) (-0.320157,0.000000) (0.000000,0.000000) (0.320157,0.000000) (-0.227368,0.000000) (-0.155864,0.000000) (-0.215320,0.000000) (-0.152412,0.000000) (0.215321,0.000000) (0.152413,0.000000) (0.227368,0.000000) (0.155865,0.000000) (-0.148479,0.000000) (0.000001,0.000000) (0.148479,0.000000)
sd -3.60041 (0.148479,0.000000) (-0.000001,0.000000) (-0.148479,0.000000) (0.155864,0.000000) (0.227368,0.000000) (0.152412,0.000000) (0.215320,0.000000) (-0.152413,0.000000) (-0.215321,0.000000) (-0.155865,0.000000) (-0.227368,0.000000) (0.320157,0.000000) (-0.000000,0.000000) (-0.320157,0.000000) (0.323307,0.000000) (0.000000,0.000000) (-0.323306,0.000000) (0.186891,0.000000) (0.138941,0.000000) (0.195953,0.000000) (0.141540,0.000000) (-0.195952,0.000000) (-0.141539,0.000000) (-0.186891,0.000000) (-0.138940,0.000000) (0.112610,0.000000) (0.000000,0.000000) (-0.112609,0.000000)
su -2.55753 (-0.222844,0.000000) (0.000000,-0.000000) (0.222844,-0.000000) (-0.232955,0.000000) (-0.189336,0.000000) (-0.236015,0.000000) (-0.200516,0.000000) (0.236015,-0.000000) (0.200516,-0.000000) (0.232955,-0.000000) (0.189336,-0.000000) (-0.162207,0.000000) (-0.000000,0.000000) (0.162207,-0.000000) (0.099800,-0.000000) (-0.000000,0.000000) (-0.099801,0.000000) (0.187432,-0.000000) (0.220214,-0.000000) (0.175005,-0.000000) (0.216693,-0.000000) (-0.175005,0.000000) (-0.216693,0.000000) (-0.187432,0.000000) (-0.220214,0.000000) (0.258527,-0.000000) (-0.000000,0.000000) (-0.258527,0.000000)
sd -2.55753 (-0.258527,0.000000) (0.000000,0.000000) (0.258527,0.000000) (-0.220214,0.000000) (-0.187432,0.000000) (-0.216693,0.000000) (-0.175005,0.000000) (0.216693,0.000000) (0.175005,0.000000) (0.220214,0.000000) (0.187432,0.000000) (-0.099800,0.000000) (0.000000,0.000000) (0.099801,0.000000) (0.162207,0.000000) (0.000000,0.000000) (-0.162207,0.000000) (0.189336,0.000000) (0.232955,0.000000) (0.200516,0.000000) (0.236015,0.000000) (-0.200516,0.000000) (-0.236015,0.000000) (-0.189336,0.000000) (-0.232955,0.000000) (0.222844,0.000000) (-0.000000,0.000000) (-0.222844,0.000000)
su -2.0475 (0.213622,0.000000) (0.287636,0.000000) (0.213622,0.000000) (0.117320,0.000000) (-0.028203,0.000000) (0.291890,0.000000) (-0.032808,0.000000) (0.291890,0.000000) (-0.032808,0.000000) (0.117320,0.000000) (-0.028203,0.000000) (-0.170855,0.000000) (-0.179994,0.000000) (-0.170855,0.000000) (-0.212231,0.000000) (-0.220069,0.000000) (-0.212231,0.000000) (-0.103546,0.000000) (0.054999,0.000000) (-0.111308,0.000000) (0.252027,0.000000) (-0.111308,0.000000) (0.252027,0.000000) (-0.103546,0.000000) (0.054999,0.000000) (0.204536,0.000000) (0.363390,0.000000) (0.204536,0.000000)
sd -2.0475 (0.204536,0.000000) (0.363390,0.000000) (0.204536,0.000000) (0.054999,0.000000) (-0.103546,0.000000) (0.252027,0.000000) (-0.111308,0.000000) (0.252027,0.000000) (-0.111308,0.000000) (0.054999,0.000000) (-0.103546,0.000000) (-0.212231,0.000000) (-0.220069,0.000000) (-0.212231,0.000000) (-0.170855,0.000000) (-0.179994,0.000000) (-0.170855,0.000000) (-0.028203,0.000000) (0.117320,0.000000) (-0.032808,0.000000) (0.291890,0.000000) (-0.032808,0.000000) (0.291890,0.000000) (-0.028203,0.000000) (0.117320,0.000000) (0.213622,0.000000) (0.287636,0.000000) (0.213622,0.000000)
su -1.93595 (0.089706,0.000000) (-0.033338,0.000000) (0.089706,0.000000) (0.201275,0.000000) (0.220083,0.000000) (-0.033142,0.000000) (-0.108188,0.000000) (-0.033142,0.000000) (-0.108188,0.000000) (0.201275,0.000000) (0.220084,0.000000) (0.207395,0.000000) (-0.364206,0.000000) (0.207395,0.000000) (0.211214,0.000000) (-0.346642,0.000000) (0.211214,0.000000) (0.295563,0.000000) (0.225378,0.000000) (-0.127823,0.000000) (-0.066309,0.000000) (-0.127822,0.000000) (-0.066309,0.000000) (0.295563,0.000000) (0.225379,0.000000) (0.108969,0.000000) (-0.098544,0.000000) (0.108969,0.000000)
sd -1.93595 (-0.108969,0.000000) (0.098544,0.000000) (-0.108969,0.000000) (-0.225378,0.000000) (-0.295564,0.000000) (0.066309,0.000000) (0.127823,0.000000) (0.066309,0.000000) (0.127822,0.000000) (-0.225379,0.000000) (-0.295563,0.000000) (-0.211214,0.000000) (0.346642,0.000000) (-0.211214,0.000000) (-0.207395,0.000000) (0.364206,0.000000) (-0.207395,0.000000) (-0.220083,0.000000) (-0.201275,0.000000) (0.108188,0.000000) (0.033142,0.000000) (0.108188,0.000000) (0.033142,0.000000) (-0.220084,0.000000) (-0.201275,0.000000) (-0.089706,0.000000) (0.033338,0.000000) (-0.089706,0.000000)
su -1.09249 (-0.107665,0.000000) (0.182391,0.000000) (-0.107664,0.000000) (-0.320990,0.000000) (-0.286107,0.000000) (0.152831,0.000000) (0.116493,0.000000) (0.152831,0.000000) (0.116493,0.000000) (-0.320989,0.000000) (-0.286107,0.000000) (-0.120899,0.000000) (0.136211,0.000000) (-0.120900,0.000000) (0.019028,0.000000) (-0.064971,0.000000) (0.019028,0.000000) (0.264797,0.000000) (0.289397,0.000000) (-0.116047,0.000000) (-0.100957,0.000000) (-0.116047,0.000000) (-0.100956,0.000000) (0.264797,0.000000) (0.289398,0.000000) (0.164235,0.000000) (-0.195391,0.000000) (0.164236,0.000000)
sd -1.09249 (0.164236,0.000000) (-0.195391,0.000000) (0.164236,0.000000) (0.289397,0.000000) (0.264797,0.000000) (-0.100957,0.000000) (-0.116047,0.000000) (-0.100956,0.000000) (-0.116047,0.000000) (0.289398,0.000000) (0.264797,0.000000) (0.019028,0.000000) (-0.064971,0.000000) (0.019028,0.000000) (-0.120899,0.000000) (0.136212,0.000000) (-0.120900,0.000000) (-0.286107,0.000000) (-0.320990,0.000000) (0.116493,0.000000) (0.152831,0.000000) (0.116493,0.000000) (0.152831,0.000000) (-0.286107,0.000000) (-0.320989,0.000000) (-0.107665,0.000000) (0.182391,0.000000) (-0.107664,0.000000)
su -1.01842 (-0.286066,0.000000) (-0.000000,0.000000) (0.286067,0.000000) (-0.225856,0.000000) (0.015195,0.000000) (-0.213096,0.000000) (0.025291,0.000000) (0.213096,0.000000) (-0.025292,0.000000) (0.225856,0.000000) (-0.015194,0.000000) (0.248907,0.000000) (-0.000000,0.000000) (-0.248907,0.000000) (0.262712,0.000000) (0.000000,0.000000) (-0.262713,0.000000) (0.073968,0.000000) (-0.178587,0.000000) (0.054450,0.000000) (-0.195279,0.000000) (-0.054450,0.000000) (0.195280,0.000000) (-0.073968,0.000000) (0.178586,0.000000) (-0.333825,0.000000) (0.000001,0.000000) (0.333824,0.000000)
sd -1.01842 (-0.333825,0.000000) (0.000001,0.000000) (0.333824,0.000000) (-0.178586,0.000000) (0.073968,0.000000) (-0.195279,0.000000) (0.054450,0.000000) (0.195280,0.000000) (-0.054450,0.000000) (0.178586,0.000000) (-0.073968,0.000000) (0.262712,0.000000) (0.000000,0.000000) (-0.262713,0.000000) (0.248907,0.000000) (-0.000000,0.000000) (-0.248907,0.000000) (0.015195,0.000000) (-0.225856,0.000000) (0.025291,0.000000) (-0.213096,0.000000) (-0.025292,0.000000) (0.213096,0.000000) (-0.015194,0.000000) (0.225856,0.000000) (-0.286066,0.000000) (-0.000000,0.000000) (0.286067,0.000000)
sd -0.449413 (0.158465,0.000000) (0.263690,0.000000) (0.158465,0.000000) (0.039233,0.000000) (-0.109647,0.000000) (0.104844,0.000000) (-0.294256,0.000000) (0.104844,0.000000) (-0.294256,0.000000) (0.039233,0.000000) (-0.109646,0.000000) (-0.140829,0.000000) (-0.266420,0.000000) (-0.140829,0.000000) (0.231313,0.000000) (0.258794,0.000000) (0.231312,0.000000) (0.111848,0.000000) (-0.085205,0.000000) (0.262000,0.000000) (-0.174343,0.000000) (0.262000,0.000000) (-0.174343,0.000000) (0.111848,0.000000) (-0.085204,0.000000) (-0.196078,0.000000) (-0.242532,0.000000) (-0.196078,0.000000)
su -0.449412 (0.196078,0.000000) (0.242532,0.000000) (0.196078,0.000000) (0.085205,0.000000) (-0.111848,0.000000) (0.174343,0.000000) (-0.262000,0.000000) (0.174343,0.000000) (-0.262000,0.000000) (0.085204,0.000000) (-0.111848,0.000000) (-0.231313,0.000000) (-0.258794,0.000000) (-0.231312,0.000000) (0.140829,0.000000) (0.266420,0.000000) (0.140830,0.000000) (0.109647,0.000000) (-0.039233,0.000000) (0.294256,0.000000) (-0.104844,0.000000) (0.294256,0.000000) (-0.104844,0.000000) (0.109646,0.000000) (-0.039233,0.000000) (-0.158465,0.000000) (-0.263690,0.000000) (-0.158465,0.000000)
su -0.191461 (0.023937,0.000000) (0.000000,0.000000) (-0.023937,0.000000) (0.029714,0.000000) (0.002599,0.000000) (-0.000316,0.000000) (-0.024227,0.000000) (0.000316,0.000000) (0.024227,0.000000) (-0.029715,0.000000) (-0.002599,0.000000) (-0.026567,0.000000) (-0.000000,0.000000) (0.026568,0.000000) (-0.002597,0.000000) (-0.000001,0.000000) (0.002598,0.000000) (0.385924,0.000000) (0.323317,0.000000) (-0.362291,0.000000) (-0.335114,0.000000) (0.362290,0.000000) (0.335115,0.000000) (-0.385923,0.000000) (-0.323319,0.000000) (-0.014498,0.000000) (0.000001,0.000000) (0.014498,0.000000)
sd -0.191461 (-0.014498,0.000000) (0.000001,0.000000) (0.014498,0.000000) (0.323317,0.000000) (0.385924,0.000000) (-0.335114,0.000000) (-0.362291,0.000000) (0.335115,0.000000) (0.362290,0.000000) (-0.323319,0.000000) (-0.385923,0.000000) (-0.002597,0.000000) (-0.000001,0.000000) (0.002598,0.000000) (-0.026567,0.000000) (-0.000000,0.000000) (0.026568,0.000000) (0.002599,0.000000) (0.029714,0.000000) (-0.024227,0.000000) (-0.000316,0.000000) (0.024227,0.000000) (0.000316,0.000000) (-0.002599,0.000000) (-0.029715,0.000000) (0.023937,0.000000) (0.000000,0.000000) (-0.023937,0.000000)
su -0.127123 (0.011888,0.000000) (-0.000001,0.000000) (-0.011887,0.000000) (0.381349,0.000000) (0.319580,0.000000) (-0.367032,0.000000) (-0.339879,0.000000) (0.367031,0.000000) (0.339880,0.000000) (-0.381347,0.000000) (-0.319580,0.000000) (-0.002023,0.000000) (0.000001,0.000000) (0.002022,0.000000) (0.018503,0.000000) (0.000000,0.000000) (-0.018504,0.000000) (-0.004813,0.000000) (-0.022388,0.000000) (0.027303,0.000000) (0.006297,0.000000) (-0.027303,0.000000) (-0.006297,0.000000) (0.004813,0.000000) (0.022389,0.000000) (-0.020372,0.000000) (-0.000001,0.000000) (0.020374,0.000000)
sd -0.127123 (-0.020372,0.000000) (-0.000000,0.000000) (0.020374,0.000000) (-0.022388,-0.000000) (-0.004813,0.000000) (0.006297,0.000000) (0.027303,0.000000) (-0.006297,0.000000) (-0.027303,-0.000000) (0.022389,0.000000) (0.004813,0.000000) (0.018503,0.000000) (0.000000,0.000000) (-0.018504,0.000000) (-0.002023,0.000000) (0.000001,0.000000) (0.002022,0.000000) (0.319580,0.000000) (0.381349,0.000000) (-0.339879,0.000000) (-0.367032,0.000000) (0.339880,0.000000) (0.367031,0.000000) (-0.319580,0.000000) (-0.381347,0.000000) (0.011888,0.000000) (-0.000001,0.000000) (-0.011887,0.000000)
su 0.183754 (0.140661,0.000000) (-0.234502,0.000000) (0.140661,0.000000) (0.294281,0.000000) (0.081244,0.000000) (-0.141074,0.000000) (-0.015985,0.000000) (-0.141076,0.000000) (-0.015986,0.000000) (0.294282,0.000000) (0.081246,0.000000) (-0.207203,0.000000) (0.332760,0.000000) (-0.207202,0.000000) (-0.225400,0.000000) (0.285136,0.000000) (-0.225400,0.000000) (0.007201,0.000000) (0.230383,0.000000) (-0.023373,0.000000) (-0.078276,0.000000) (-0.023372,0.000000) (-0.078274,0.000000) (0.007199,0.000000) (0.230382,0.000000) (0.225446,0.000000) (-0.279205,0.000000) (0.225446,0.000000)
sd 0.183754 (-0.225446,0.000000) (0.279205,0.000000) (-0.225446,0.000000) (-0.230383,0.000000) (-0.007201,0.000000) (0.078276,0.000000) (0.023373,0.000000) (0.078274,0.000000) (0.023372,0.000000) (-0.230382,0.000000) (-0.007199,0.000000) (0.225400,0.000000) (-0.285136,0.000000) (0.225400,0.000000) (0.207203,0.000000) (-0.332760,0.000000) (0.207202,0.000000) (-0.081244,0.000000) (-0.294281,0.000000) (0.015985,0.000000) (0.141074,0.000000) (0.015986,0.000000) (0.141076,0.000000) (-0.081246,0.000000) (-0.294282,0.000000) (-0.140661,0.000000) (0.234502,0.000000) (-0.140661,0.000000)
sd 0.628959 (0.290472,0.000000) (-0.000001,0.000000) (-0.290471,0.000000) (0.097314,0.000000) (-0.208248,0.000000) (0.050770,0.000000) (-0.248815,0.000000) (-0.050770,0.000000) (0.248815,0.000000) (-0.097314,0.000000) (0.208247,0.000000) (-0.207099,0.000000) (0.000000,0.000000) (0.207100,0.000000) (0.285972,0.000000) (-0.000000,0.000000) (-0.285971,0.000000) (0.205498,0.000000) (-0.099602,0.000000) (0.175465,0.000000) (-0.144580,0.000000) (-0.175466,0.000000) (0.144580,0.000000) (-0.205499,0.000000) (0.099602,0.000000) (-0.264180,0.000000) (-0.000000,0.000000) (0.264181,0.000000)
su 0.628959 (-0.264180,0.000000) (-0.000000,0.000000) (0.264181,0.000000) (-0.099602,0.000000) (0.205498,0.000000) (-0.144580,0.000000) (0.175465,0.000000) (0.144580,0.000000) (-0.175466,0.000000) (0.099602,0.000000) (-0.205499,0.000000) (0.285972,0.000000) (-0.000000,0.000000) (-0.285971,0.000000) (-0.207099,0.000000) (0.000000,0.000000) (0.207100,0.000000) (-0.208248,0.000000) (0.097314,0.000000) (-0.248815,0.000000) (0.050770,0.000000) (0.248815,0.000000) (-0.050770,0.000000) (0.208247,0.000000) (-0.097314,0.000000) (0.290472,0.000000) (-0.000001,0.000000) (-0.290471,0.000000)
sd 1.82084 (0.339301,0.000000) (-0.474005,0.000000) (0.339301,0.000000) (0.012382,0.000000) (-0.334305,0.000000) (0.010814,0.000000) (0.138803,0.000000) (0.010815,0.000000) (0.138803,0.000000) (0.012382,0.000000) (-0.334305,0.000000) (-0.041048,0.000000) (0.056170,0.000000) (-0.041049,0.000000) (0.179711,0.000000) (-0.255320,0.000000) (0.179711,0.000000) (0.118782,0.000000) (-0.124421,0.000000) (-0.047806,0.000000) (0.058190,0.000000) (-0.047805,0.000000) (0.058190,0.000000) (0.118783,0.000000) (-0.124421,0.000000) (-0.137163,0.000000) (0.194987,0.000000) (-0.137164,0.000000)
su 1.82084 (-0.137163,0.000000) (0.194987,0.000000) (-0.137164,0.000000) (-0.124421,0.000000) (0.118783,0.000000) (0.058190,0.000000) (-0.047806,0.000000) (0.058190,0.000000) (-0.047805,0.000000) (-0.124421,0.000000) (0.118783,0.000000) (0.179711,0.000000) (-0.255320,0.000000) (0.179711,0.000000) (-0.041048,0.000000) (0.056170,0.000000) (-0.041049,0.000000) (-0.334305,0.000000) (0.012382,0.000000) (0.138803,0.000000) (0.010814,0.000000) (0.138803,0.000000) (0.010815,0.000000) (-0.334305,0.000000) (0.012382,0.000000) (0.339301,0.000000) (-0.474005,0.000000) (0.339301,0.000000)
sd 3.30916 (-0.137163,0.000000) (0.194987,0.000000) (-0.137164,0.000000) (0.124421,0.000000) (0.118783,0.000000) (-0.058190,0.000000) (-0.047806,0.000000) (-0.058190,0.000000) (-0.047805,0.000000) (0.124421,0.000000) (0.118783,0.000000) (-0.179711,0.000000) (0.255320,0.000000) (-0.179711,0.000000) (-0.041048,0.000000) (0.056170,0.000000) (-0.041049,0.000000) (0.334305,0.000000) (0.012382,0.000000) (-0.138803,0.000000) (0.010814,0.000000) (-0.138803,0.000000) (0.010815,0.000000) (0.334305,0.000000) (0.012382,0.000000) (-0.339301,0.000000) (0.474005,0.000000) (-0.339301,0.000000)
su 3.30916 (0.339301,0.000000) (-0.474005,0.000000) (0.339301,0.000000) (-0.012382,0.000000) (-0.334305,0.000000) (-0.010814,0.000000) (0.138803,0.000000) (-0.010815,0.000000) (0.138803,0.000000) (-0.012382,0.000000) (-0.334305,0.000000) (0.041048,0.000000) (-0.056170,0.000000) (0.041049,0.000000) (0.179711,0.000000) (-0.255320,0.000000) (0.179711,0.000000) (-0.118782,0.000000) (-0.124421,0.000000) (0.047806,0.000000) (0.058190,0.000000) (0.047805,0.000000) (0.058190,0.000000) (-0.118783,0.000000) (-0.124421,0.000000) (0.137163,0.000000) (-0.194987,0.000000) (0.137164,0.000000)
sd 4.50104 (-0.264180,0.000000) (-0.000000,0.000000) (0.264181,0.000000) (0.099602,0.000000) (0.205498,0.000000) (0.144580,0.000000) (0.175465,0.000000) (-0.144580,0.000000) (-0.175466,0.000000) (-0.099602,0.000000) (-0.205499,0.000000) (-0.285972,0.000000) (0.000000,0.000000) (0.285971,0.000000) (-0.207099,0.000000) (0.000000,0.000000) (0.207100,0.000000) (0.208248,0.000000) (0.097314,0.000000) (0.248815,0.000000) (0.050770,0.000000) (-0.248815,0.000000) (-0.050770,0.000000) (-0.208247,0.000000) (-0.097314,0.000000) (-0.290472,0.000000) (0.000001,0.000000) (0.290471,0.000000)
su 4.50104 (0.290472,0.000000) (-0.000001,0.000000) (-0.290471,0.000000) (-0.097314,0.000000) (-0.208248,0.000000) (-0.050770,0.000000) (-0.248815,0.000000) (0.050770,0.000000) (0.248815,0.000000) (0.097314,0.000000) (0.208247,0.000000) (0.207099,0.000000) (-0.000000,0.000000) (-0.207100,0.000000) (0.285972,0.000000) (-0.000000,0.000000) (-0.285971,0.000000) (-0.205498,0.000000) (-0.099602,0.000000) (-0.175465,0.000000) (-0.144580,0.000000) (0.175466,0.000000) (0.144580,0.000000) (0.205499,0.000000) (0.099602,0.000000) (0.264180,0.000000) (0.000000,0.000000) (-0.264181,0.000000)
su 4.94625 (-0.225446,0.000000) (0.279205,0.000000) (-0.225446,0.000000) (0.230383,0.000000) (-0.007201,0.000000) (-0.078276,0.000000) (0.023373,0.000000) (-0.078274,0.000000) (0.023372,0.000000) (0.230382,0.000000) (-0.007199,0.000000) (-0.225400,0.000000) (0.285136,0.000000) (-0.225400,0.000000) (0.207203,0.000000) (-0.332760,0.000000) (0.207202,0.000000) (0.081244,0.000000) (-0.294281,0.000000) (-0.015985,0.000000) (0.141074,0.000000) (-0.015986,0.000000) (0.141076,0.000000) (0.081246,0.000000) (-0.294282,0.000000) (0.140661,0.000000) (-0.234502,0.000000) (0.140661,0.000000)
sd 4.94625 (0.140661,0.000000) (-0.234502,0.000000) (0.140661,0.000000) (-0.294281,0.000000) (0.081244,0.000000) (0.141074,0.000000) (-0.015985,0.000000) (0.141076,0.000000) (-0.015986,0.000000) (-0.294282,0.000000) (0.081246,0.000000) (0.207203,0.000000) (-0.332760,0.000000) (0.207202,0.000000) (-0.225400,0.000000) (0.285136,0.000000) (-0.225400,0.000000) (-0.007201,0.000000) (0.230383,0.000000) (0.023373,0.000000) (-0.078276,0.000000) (0.023372,0.000000) (-0.078274,0.000000) (-0.007199,0.000000) (0.230382,0.000000) (-0.225446,0.000000) (0.279205,0.000000) (-0.225446,0.000000)
su 5.25712 (-0.020372,0.000000) (-0.000000,0.000000) (0.020374,0.000000) (0.022388,0.000000) (-0.004813,0.000000) (-0.006297,0.000000) (0.027303,0.000000) (0.006297,0.000000) (-0.027303,0.000000) (-0.022389,0.000000) (0.004813,0.000000) (-0.018503,0.000000) (-0.000000,0.000000) (0.018504,0.000000) (-0.002023,0.000000) (0.000001,0.000000) (0.002022,0.000000) (-0.319580,0.000000) (0.381349,0.000000) (0.339879,0.000000) (-0.367032,0.000000) (-0.339880,0.000000) (0.367031,0.000000) (0.319580,0.000000) (-0.381347,0.000000) (-0.011888,0.000000) (0.000001,0.000000) (0.011887,0.000000)
sd 5.25712 (-0.011888,0.000000) (0.000001,0.000000) (0.011887,0.000000) (0.381349,0.000000) (-0.319580,0.000000) (-0.367032,0.000000) (0.339879,0.000000) (0.367031,0.000000) (-0.339880,0.000000) (-0.381347,0.000000) (0.319580,0.000000) (-0.002023,0.000000) (0.000001,0.000000) (0.002022,0.000000) (-0.018503,0.000000) (-0.000000,0.000000) (0.018504,0.000000) (-0.004813,0.000000) (0.022388,0.000000) (0.027303,0.000000) (-0.006297,0.000000) (-0.027303,0.000000) (0.006297,0.000000) (0.004813,0.000000) (-0.022389,0.000000) (-0.020372,0.000000) (-0.000001,0.000000) (0.020374,0.000000)
su 5.32146 (-0.014498,0.000000) (0.000001,0.000000) (0.014498,0.000000) (-0.323317,0.000000) (0.385924,0.000000) (0.335114,0.000000) (-0.362291,0.000000) (-0.335115,0.000000) (0.362290,0.000000) (0.323319,0.000000) (-0.385923,0.000000) (0.002597,0.000000) (0.000001,0.000000) (-0.002598,0.000000) (-0.026567,0.000000) (-0.000000,0.000000) (0.026568,0.000000) (-0.002599,0.000000) (0.029714,0.000000) (0.024227,0.000000) (-0.000316,0.000000) (-0.024227,0.000000) (0.000316,0.000000) (0.002599,0.000000) (-0.029715,0.000000) (-0.023937,0.000000) (-0.000000,0.000000) (0.023937,0.000000)
sd 5.32146 (-0.023937,0.000000) (-0.000000,0.000000) (0.023937,0.000000) (0.029714,0.000000) (-0.002599,0.000000) (-0.000316,0.000000) (0.024227,0.000000) (0.000316,0.000000) (-0.024227,0.000000) (-0.029715,0.000000) (0.002599,0.000000) (-0.026567,0.000000) (-0.000000,0.000000) (0.026568,0.000000) (0.002597,0.000000) (0.000001,0.000000) (-0.002598,0.000000) (0.385924,0.000000) (-0.323317,0.000000) (-0.362291,0.000000) (0.335114,0.000000) (0.362290,0.000000) (-0.335115,0.000000) (-0.385923,0.000000) (0.323319,0.000000) (-0.014498,0.000000) (0.000001,0.000000) (0.014498,0.000000)
sd 5.57941 (-0.196078,0.000000) (-0.242532,0.000000) (-0.196078,0.000000) (0.085205,0.000000) (0.111848,0.000000) (0.174343,0.000000) (0.262000,0.000000) (0.174343,0.000000) (0.262000,0.000000) (0.085204,0.000000) (0.111848,0.000000) (-0.231313,0.000000) (-0.258794,0.000000) (-0.231312,0.000000) (-0.140829,0.000000) (-0.266420,0.000000) (-0.140830,0.000000) (0.109647,0.000000) (0.039233,0.000000) (0.294256,0.000000) (0.104844,0.000000) (0.294256,0.000000) (0.104844,0.000000) (0.109646,0.000000) (0.039233,0.000000) (-0.158465,0.000000) (-0.263690,0.000000) (-0.158465,0.000000)
su 5.57941 (0.158465,0.000000) (0.263690,0.000000) (0.158465,0.000000) (-0.039233,0.000000) (-0.109647,0.000000) (-0.104844,0.000000) (-0.294256,0.000000) (-0.104844,0.000000) (-0.294256,0.000000) (-0.039233,0.000000) (-0.109646,0.000000) (0.140829,0.000000) (0.266420,0.000000) (0.140829,0.000000) (0.231313,0.000000) (0.258794,0.000000) (0.231312,0.000000) (-0.111848,0.000000) (-0.085205,0.000000) (-0.262000,0.000000) (-0.174343,0.000000) (-0.262000,0.000000) (-0.174343,0.000000) (-0.111848,0.000000) (-0.085204,0.000000) (0.196078,0.000000) (0.242532,0.000000) (0.196078,0.000000)
su 6.14842 (-0.333825,0.000000) (0.000001,0.000000) (0.333824,0.000000) (0.178586,0.000000) (0.073968,0.000000) (0.195279,0.000000) (0.054450,0.000000) (-0.195280,0.000000) (-0.054450,0.000000) (-0.178586,0.000000) (-0.073968,0.000000) (-0.262712,0.000000) (-0.000000,0.000000) (0.262713,0.000000) (0.248907,0.000000) (-0.000000,0.000000) (-0.248907,0.000000) (-0.015195,0.000000) (-0.225856,0.000000) (-0.025291,0.000000) (-0.213096,0.000000) (0.025292,0.000000) (0.213096,0.000000) (0.015194,0.000000) (0.225856,0.000000) (0.286066,0.000000) (0.000000,0.000000) (-0.286067,0.000000)
sd 6.14842 (-0.286066,0.000000) (-0.000000,0.000000) (0.286067,0.000000) (0.225856,0.000000) (0.015195,0.000000) (0.213096,0.000000) (0.025291,0.000000) (-0.213096,0.000000) (-0.025292,0.000000) (-0.225856,0.000000) (-0.015194,0.000000) (-0.248907,0.000000) (0.000000,0.000000) (0.248907,0.000000) (0.262712,0.000000) (0.000000,0.000000) (-0.262713,0.000000) (-0.073968,0.000000) (-0.178587,0.000000) (-0.054450,0.000000) (-0.195279,0.000000) (0.054450,0.000000) (0.195280,0.000000) (0.073968,0.000000) (0.178586,0.000000) (0.333825,0.000000) (-0.000001,0.000000) (-0.333824,0.000000)
su 6.22249 (-0.164236,0.000000) (0.195391,0.000000) (-0.164236,0.000000) (0.289397,0.000000) (-0.264797,0.000000) (-0.100957,0.000000) (0.116047,0.000000) (-0.100956,0.000000) (0.116047,0.000000) (0.289398,0.000000) (-0.264797,0.000000) (0.019028,0.000000) (-0.064971,0.000000) (0.019028,0.000000) (0.120899,0.000000) (-0.136212,0.000000) (0.120900,0.000000) (-0.286107,0.000000) (0.320990,0.000000) (0.116493,0.000000) (-0.152831,0.000000) (0.116493,0.000000) (-0.152831,0.000000) (-0.286107,0.000000) (0.320989,0.000000) (-0.107665,0.000000) (0.182391,0.000000) (-0.107664,0.000000)
sd 6.22249 (0.107665,0.000000) (-0.182391,0.000000) (0.107664,0.000000) (-0.320990,0.000000) (0.286107,0.000000) (0.152831,0.000000) (-0.116493,0.000000) (0.152831,0.000000) (-0.116493,0.000000) (-0.320989,0.000000) (0.286107,0.000000) (-0.120899,0.000000) (0.136211,0.000000) (-0.120900,0.000000) (-0.019028,0.000000) (0.064971,0.000000) (-0.019028,0.000000) (0.264797,0.000000) (-0.289397,0.000000) (-0.116047,0.000000) (0.100957,0.000000) (-0.116047,0.000000) (0.100956,0.000000) (0.264797,0.000000) (-0.289398,0.000000) (0.164235,0.000000) (-0.195391,0.000000) (0.164236,0.000000)
su 7.06595 (-0.108969,0.000000) (0.098544,0.000000) (-0.108969,0.000000) (0.225378,0.000000) (-0.295564,0.000000) (-0.066309,0.000000) (0.127823,0.000000) (-0.066309,0.000000) (0.127822,0.000000) (0.225379,0.000000) (-0.295563,0.000000) (0.211214,0.000000) (-0.346642,0.000000) (0.211214,0.000000) (-0.207395,0.000000) (0.364206,0.000000) (-0.207395,0.000000) (0.220083,0.000000) (-0.201275,0.000000) (-0.108188,0.000000) (0.033142,0.000000) (-0.108188,0.000000) (0.033142,0.000000) (0.220084,0.000000) (-0.201275,0.000000) (0.089706,0.000000) (-0.033338,0.000000) (0.089706,0.000000)
sd 7.06595 (0.089706,0.000000) (-0.033338,0.000000) (0.089706,0.000000) (-0.201275,0.000000) (0.220083,0.000000) (0.033142,0.000000) (-0.108188,0.000000) (0.033142,0.000000) (-0.108188,0.000000) (-0.201275,0.000000) (0.220084,0.000000) (-0.207395,0.000000) (0.364206,0.000000) (-0.207395,0.000000) (0.211214,0.000000) (-0.346642,0.000000) (0.211214,0.000000) (-0.295563,0.000000) (0.225378,0.000000) (0.127823,0.000000) (-0.066309,0.000000) (0.127822,0.000000) (-0.066309,0.000000) (-0.295563,0.000000) (0.225379,0.000000) (-0.108969,0.000000) (0.098544,0.000000) (-0.108969,0.000000)
su 7.1775 (-0.204536,0.000000) (-0.363390,0.000000) (-0.204536,0.000000) (0.054999,0.000000) (0.103546,0.000000) (0.252027,0.000000) (0.111308,0.000000) (0.252027,0.000000) (0.111308,0.000000) (0.054999,0.000000) (0.103546,0.000000) (-0.212231,0.000000) (-0.220069,0.000000) (-0.212231,0.000000) (0.170855,0.000000) (0.179994,0.000000) (0.170855,0.000000) (-0.028203,0.000000) (-0.117320,0.000000) (-0.032808,0.000000) (-0.291890,0.000000) (-0.032808,0.000000) (-0.291890,0.000000) (-0.028203,0.000000) (-0.117320,0.000000) (0.213622,0.000000) (0.287636,0.000000) (0.213622,0.000000)
sd 7.1775 (0.213622,0.000000) (0.287636,0.000000) (0.213622,0.000000) (-0.117320,0.000000) (-0.028203,0.000000) (-0.291890,0.000000) (-0.032808,0.000000) (-0.291890,0.000000) (-0.032808,0.000000) (-0.117320,0.000000) (-0.028203,0.000000) (0.170855,0.000000) (0.179994,0.000000) (0.170855,0.000000) (-0.212231,0.000000) (-0.220069,0.000000) (-0.212231,0.000000) (0.103546,0.000000) (0.054999,0.000000) (0.111308,0.000000) (0.252027,0.000000) (0.111308,0.000000) (0.252027,0.000000) (0.103546,0.000000) (0.054999,0.000000) (-0.204536,0.000000) (-0.363390,0.000000) (-0.204536,0.000000)
su 7.68753 (0.258527,0.000000) (-0.000000,0.000000) (-0.258527,0.000000) (-0.220214,0.000000) (0.187432,0.000000) (-0.216693,0.000000) (0.175005,0.000000) (0.216693,0.000000) (-0.175005,0.000000) (0.220214,0.000000) (-0.187432,0.000000) (-0.099800,0.000000) (0.000000,0.000000) (0.099801,0.000000) (-0.162207,0.000000) (-0.000000,0.000000) (0.162207,0.000000) (0.189336,0.000000) (-0.232955,0.000000) (0.200516,0.000000) (-0.236015,0.000000) (-0.200516,0.000000) (0.236015,0.000000) (-0.189336,0.000000) (0.232955,0.000000) (0.222844,0.000000) (-0.000000,0.000000) (-0.222844,0.000000)
sd 7.68753 (-0.222844,0.000000) (0.000000,0.000000) (0.222844,0.000000) (0.232955,0.000000) (-0.189336,0.000000) (0.236015,0.000000) (-0.200516,0.000000) (-0.236015,0.000000) (0.200516,0.000000) (-0.232955,0.000000) (0.189336,0.000000) (0.162207,0.000000) (0.000000,0.000000) (-0.162207,0.000000) (0.099800,0.000000) (-0.000000,0.000000) (-0.099801,0.000000) (-0.187432,0.000000) (0.220214,0.000000) (-0.175005,0.000000) (0.216693,0.000000) (0.175005,0.000000) (-0.216693,0.000000) (0.187432,0.000000) (-0.220214,0.000000) (-0.258527,0.000000) (0.000000,0.000000) (0.258527,0.000000)
su 8.73041 (0.148479,0.000000) (-0.000001,0.000000) (-0.148479,0.000000) (-0.155864,0.000000) (0.227368,0.000000) (-0.152412,0.000000) (0.215320,0.000000) (0.152413,0.000000) (-0.215321,0.000000) (0.155865,0.000000) (-0.227368,0.000000) (-0.320157,0.000000) (0.000000,0.000000) (0.320157,0.000000) (0.323307,0.000000) (0.000000,0.000000) (-0.323306,0.000000) (-0.186891,0.000000) (0.138941,0.000000) (-0.195953,0.000000) (0.141540,0.000000) (0.195952,0.000000) (-0.141539,0.000000) (0.186891,0.000000) (-0.138940,0.000000) (-0.112610,0.000000) (-0.000000,0.000000) (0.112609,0.000000)
sd 8.73041 (-0.112610,0.000000) (-0.000000,-0.000000) (0.112609,0.000000) (0.138941,0.000000) (-0.186891,0.000000) (0.141540,0.000000) (-0.195953,0.000000) (-0.141539,0.000000) (0.195952,0.000000) (-0.138940,0.000000) (0.186891,0.000000) (0.323307,0.000000) (0.000000,0.000000) (-0.323306,0.000000) (-0.320157,0.000000) (0.000000,0.000000) (0.320157,0.000000) (0.227368,0.000000) (-0.155864,0.000000) (0.215320,0.000000) (-0.152412,0.000000) (-0.215321,0.000000) (0.152413,0.000000) (-0.227368,0.000000) (0.155865,0.000000) (0.148479,0.000000) (-0.000001,-0.000000) (-0.148479,0.000000)
sd 8.77312 (-0.162543,0.000000) (-0.219265,0.000000) (-0.162543,0.000000) (0.120125,0.000000) (-0.098298,0.000000) (0.287297,0.000000) (-0.249055,0.000000) (0.287298,0.000000) (-0.249056,0.000000) (0.120125,0.000000) (-0.098299,0.000000) (0.124557,0.000000) (0.182904,0.000000) (0.124558,0.000000) (0.074546,0.000000) (0.099716,0.000000) (0.074545,0.000000) (-0.091961,0.000000) (0.119439,0.000000) (-0.212131,0.000000) (0.294664,0.000000) (-0.212130,0.000000) (0.294663,0.000000) (-0.091960,0.000000) (0.119439,0.000000) (-0.197941,0.000000) (-0.297932,0.000000) (-0.197940,0.000000)
su 8.77312 (0.197941,0.000000) (0.297932,0.000000) (0.197940,0.000000) (-0.119439,0.000000) (0.091961,0.000000) (-0.294664,0.000000) (0.212131,0.000000) (-0.294663,0.000000) (0.212130,0.000000) (-0.119439,0.000000) (0.091960,0.000000) (-0.074546,0.000000) (-0.099716,0.000000) (-0.074545,0.000000) (-0.124557,0.000000) (-0.182904,0.000000) (-0.124558,0.000000) (0.098298,0.000000) (-0.120125,0.000000) (0.249055,0.000000) (-0.287297,0.000000) (0.249056,0.000000) (-0.287298,0.000000) (0.098299,0.000000) (-0.120125,0.000000) (0.162543,0.000000) (0.219265,0.000000) (0.162543,0.000000)
su 9.87213 (0.113364,0.000000) (0.167989,0.000000) (0.113364,0.000000) (-0.082972,0.000000) (0.121798,0.000000) (-0.200335,0.000000) (0.281547,0.000000) (-0.200335,0.000000) (0.281547,0.000000) (-0.082972,0.000000) (0.121798,0.000000) (-0.223530,0.000000) (-0.313110,0.000000) (-0.223530,0.000000) (0.225985,0.000000) (0.322220,0.000000) (0.225985,0.000000) (-0.103467,0.000000) (0.073678,0.000000) (-0.259948,0.000000) (0.178374,0.000000) (-0.259948,0.000000) (0.178374,0.000000) (-0.103467,0.000000) (0.073678,0.000000) (-0.086509,0.000000) (-0.117832,0.000000) (-0.086509,0.000000)
sd 9.87213 (0.086509,0.000000) (0.117832,0.000000) (0.086509,0.000000) (-0.073678,0.000000) (0.103467,0.000000) (-0.178374,0.000000) (0.259948,0.000000) (-0.178374,0.000000) (0.259948,0.000000) (-0.073678,0.000000) (0.103467,0.000000) (-0.225985,0.000000) (-0.322220,0.000000) (-0.225985,0.000000) (0.223530,0.000000) (0.313110,0.000000) (0.223530,0.000000) (-0.121798,0.000000) (0.082972,0.000000) (-0.281547,0.000000) (0.200335,0.000000) (-0.281547,0.000000) (0.200335,0.000000) (-0.121798,0.000000) (0.082972,0.000000) (-0.113364,0.000000) (-0.167989,0.000000) (-0.113364,0.000000)
