sd -5.16838 (0.214886,0.000000) (0.303896,0.000000) (0.214885,0.000000) (0.151945,0.000000) (0.151946,0.000000) (0.366829,0.000000) (0.366828,0.000000) (0.366829,0.000000) (0.366828,0.000000) (0.151945,0.000000) (0.151945,0.000000) (0.214880,0.000000) (0.303885,0.000000) (0.214881,0.000000)
su -5.16838 (-0.214880,0.000000) (-0.303885,0.000000) (-0.214881,0.000000) (-0.151946,0.000000) (-0.151945,0.000000) (-0.366828,0.000000) (-0.366829,0.000000) (-0.366828,0.000000) (-0.366829,0.000000) (-0.151945,0.000000) (-0.151945,0.000000) (-0.214886,0.000000) (-0.303896,0.000000) (-0.214885,0.000000)
sd -4.05 (0.288679,0.000000) (0.000000,0.000000) (-0.288677,0.000000) (0.288674,0.000000) (0.288677,0.000000) (0.288675,0.000000) (0.288675,0.000000) (-0.288674,0.000000) (-0.288676,0.000000) (-0.288674,0.000000) (-0.288676,0.000000) (0.288671,0.000000) (-0.000001,0.000000) (-0.288674,0.000000)
su -4.05 (0.288671,-0.000000) (-0.000000,0.000000) (-0.288674,0.000000) (0.288676,-0.000000) (0.288674,-0.000000) (0.288675,-0.000000) (0.288675,-0.000000) (-0.288676,0.000000) (-0.288674,0.000000) (-0.288676,0.000000) (-0.288674,0.000000) (0.288680,-0.000000) (0.000001,0.000000) (-0.288676,0.000000)
su -2.46839 (0.318055,0.000000) (0.115573,0.000000) (0.318056,0.000000) (0.368084,0.000000) (0.202485,0.000000) (0.081726,0.000000) (-0.318052,0.000000) (0.081725,0.000000) (-0.318054,0.000000) (0.368081,0.000000) (0.202485,0.000000) (-0.081720,0.000000) (-0.449806,0.000000) (-0.081720,0.000000)
sd -2.46839 (-0.077344,0.000000) (-0.448256,0.000000) (-0.077345,0.000000) (0.207577,0.000000) (0.370909,0.000000) (-0.316956,0.000000) (0.077350,0.000000) (-0.316958,0.000000) (0.077350,0.000000) (0.207576,0.000000) (0.370905,0.000000) (0.316959,0.000000) (0.109386,0.000000) (0.316960,0.000000)
su -2.46837 (0.077347,0.000000) (0.448246,0.000000) (0.077347,0.000000) (-0.207578,0.000000) (-0.370901,0.000000) (0.316966,0.000000) (-0.077342,0.000000) (0.316965,0.000000) (-0.077342,0.000000) (-0.207580,0.000000) (-0.370905,0.000000) (-0.316964,0.000000) (-0.109381,0.000000) (-0.316963,0.000000)
sd -2.46837 (-0.318060,0.000000) (-0.115568,0.000000) (-0.318059,0.000000) (-0.368076,0.000000) (-0.202488,0.000000) (-0.081716,0.000000) (0.318063,0.000000) (-0.081717,0.000000) (0.318061,0.000000) (-0.368080,0.000000) (-0.202488,0.000000) (0.081722,0.000000) (0.449796,0.000000) (0.081722,0.000000)
sd -1.35 (0.281125,0.000000) (-0.000002,0.000000) (-0.281122,0.000000) (-0.115814,0.000000) (-0.396943,0.000000) (0.396930,0.000000) (0.115815,0.000000) (-0.396932,0.000000) (-0.115815,0.000000) (0.115815,0.000000) (0.396938,0.000000) (-0.281117,0.000000) (0.000000,0.000000) (0.281119,0.000000)
su -1.35 (0.296038,0.000000) (-0.000001,0.000000) (-0.296039,0.000000) (0.391482,0.000000) (0.095434,0.000000) (-0.095434,0.000000) (-0.391469,0.000000) (0.095433,0.000000) (0.391471,0.000000) (-0.391477,0.000000) (-0.095433,0.000000) (-0.296045,0.000000) (0.000002,0.000000) (0.296042,0.000000)
sd -1.35 (-0.296040,0.000000) (-0.000001,0.000000) (0.296039,0.000000) (-0.391469,0.000000) (-0.095439,-0.000000) (0.095439,0.000000) (0.391482,0.000000) (-0.095440,-0.000000) (-0.391479,0.000000) (0.391474,0.000000) (0.095440,0.000000) (0.296033,0.000000) (0.000002,0.000000) (-0.296036,0.000000)
su -1.35 (-0.281112,0.000000) (-0.000002,0.000000) (0.281116,0.000000) (0.115821,0.000000) (0.396930,0.000000) (-0.396943,0.000000) (-0.115821,0.000000) (0.396940,0.000000) (0.115821,0.000000) (-0.115821,0.000000) (-0.396934,0.000000) (0.281120,0.000000) (0.000000,0.000000) (-0.281118,0.000000)
su 0.231623 (0.310926,0.000000) (-0.439718,0.000000) (0.310929,0.000000) (0.219875,0.000000) (-0.219857,0.000000) (-0.091075,0.000000) (0.091069,0.000000) (-0.091080,0.000000) (0.091063,0.000000) (0.219876,0.000000) (-0.219857,0.000000) (-0.310949,0.000000) (0.439747,0.000000) (-0.310947,0.000000)
sd 0.231624 (-0.310949,0.000000) (0.439747,0.000000) (-0.310946,0.000000) (-0.219858,0.000000) (0.219875,0.000000) (0.091069,0.000000) (-0.091074,0.000000) (0.091063,0.000000) (-0.091080,0.000000) (-0.219856,0.000000) (0.219876,0.000000) (0.310927,0.000000) (-0.439718,0.000000) (0.310929,0.000000)
su 2.46838 (-0.310949,0.000000) (0.439747,0.000000) (-0.310946,0.000000) (0.219858,0.000000) (0.219875,0.000000) (-0.091069,0.000000) (-0.091074,0.000000) (-0.091063,0.000000) (-0.091080,0.000000) (0.219856,0.000000) (0.219876,0.000000) (-0.310927,0.000000) (0.439718,0.000000) (-0.310929,0.000000)
sd 2.46838 (0.310926,0.000000) (-0.439718,0.000000) (0.310929,0.000000) (-0.219875,0.000000) (-0.219857,0.000000) (0.091075,0.000000) (0.091069,0.000000) (0.091080,0.000000) (0.091063,0.000000) (-0.219876,0.000000) (-0.219857,0.000000) (0.310949,0.000000) (-0.439747,0.000000) (0.310947,0.000000)
sd 4.05 (-0.281108,0.000000) (-0.000002,0.000000) (0.281111,0.000000) (-0.115828,0.000000) (0.396932,0.000000) (0.396944,0.000000) (-0.115827,0.000000) (-0.396942,0.000000) (0.115827,0.000000) (0.115827,0.000000) (-0.396936,0.000000) (-0.281115,0.000000) (-0.000000,0.000000) (0.281114,0.000000)
su 4.05 (-0.296035,0.000000) (-0.000001,0.000000) (0.296034,0.000000) (0.391471,0.000000) (-0.095446,0.000000) (-0.095446,0.000000) (0.391484,0.000000) (0.095447,0.000000) (-0.391481,0.000000) (-0.391476,0.000000) (0.095446,0.000000) (-0.296028,0.000000) (-0.000002,0.000000) (0.296031,0.000000)
sd 4.05 (0.296042,0.000000) (-0.000001,0.000000) (-0.296043,0.000000) (-0.391480,0.000000) (0.095428,0.000000) (0.095427,0.000000) (-0.391467,0.000000) (-0.095426,0.000000) (0.391469,0.000000) (0.391475,0.000000) (-0.095427,0.000000) (0.296049,0.000000) (-0.000002,0.000000) (-0.296047,0.000000)
su 4.05 (0.281130,0.000000) (-0.000002,0.000000) (-0.281126,0.000000) (0.115808,0.000000) (-0.396941,0.000000) (-0.396929,0.000000) (0.115808,0.000000) (0.396931,0.000000) (-0.115808,0.000000) (-0.115809,0.000000) (0.396937,0.000000) (0.281122,0.000000) (-0.000000,0.000000) (-0.281124,0.000000)
su 5.16837 (0.318060,0.000000) (0.115572,0.000000) (0.318060,0.000000) (-0.368074,0.000000) (0.202484,0.000000) (-0.081719,0.000000) (-0.318064,0.000000) (-0.081720,0.000000) (-0.318062,0.000000) (-0.368078,0.000000) (0.202485,0.000000) (0.081725,0.000000) (0.449797,0.000000) (0.081725,0.000000)
sd 5.16837 (0.077350,0.000000) (0.448247,0.000000) (0.077349,0.000000) (0.207575,0.000000) (-0.370899,0.000000) (-0.316967,0.000000) (-0.077345,0.000000) (-0.316966,0.000000) (-0.077344,0.000000) (0.207576,0.000000) (-0.370903,0.000000) (0.316965,0.000000) (0.109385,0.000000) (0.316963,0.000000)
su 5.16839 (-0.077342,0.000000) (-0.448255,0.000000) (-0.077342,0.000000) (-0.207580,0.000000) (0.370911,0.000000) (0.316956,0.000000) (0.077347,0.000000) (0.316957,0.000000) (0.077347,0.000000) (-0.207579,0.000000) (0.370907,0.000000) (-0.316958,0.000000) (-0.109382,0.000000) (-0.316960,0.000000)
sd 5.16839 (-0.318054,0.000000) (-0.115569,0.000000) (-0.318055,0.000000) (0.368086,0.000000) (-0.202489,0.000000) (0.081723,0.000000) (0.318051,0.000000) (0.081722,0.000000) (0.318053,0.000000) (0.368082,0.000000) (-0.202488,0.000000) (-0.081717,0.000000) (-0.449805,0.000000) (-0.081717,0.000000)
sd 6.75 (-0.288671,0.000000) (0.000000,0.000000) (0.288674,0.000000) (0.288676,0.000000) (-0.288674,0.000000) (0.288675,0.000000) (-0.288675,0.000000) (-0.288676,0.000000) (0.288674,0.000000) (-0.288676,0.000000) (0.288674,0.000000) (0.288680,0.000000) (0.000001,0.000000) (-0.288676,0.000000)
su 6.75 (-0.288679,0.000000) (-0.000000,0.000000) (0.288677,0.000000) (0.288674,0.000000) (-0.288677,0.000000) (0.288675,0.000000) (-0.288675,0.000000) (-0.288674,0.000000) (0.288676,0.000000) (-0.288674,0.000000) (0.288676,0.000000) (0.288671,0.000000) (-0.000001,0.000000) (-0.288674,0.000000)
sd 7.86838 (-0.214880,0.000000) (-0.303885,0.000000) (-0.214881,0.000000) (0.151946,0.000000) (-0.151945,0.000000) (0.366828,0.000000) (-0.366829,0.000000) (0.366828,0.000000) (-0.366829,0.000000) (0.151945,0.000000) (-0.151945,0.000000) (0.214886,0.000000) (0.303896,0.000000) (0.214885,0.000000)
su 7.86838 (-0.214886,0.000000) (-0.303896,0.000000) (-0.214885,0.000000) (0.151945,0.000000) (-0.151946,0.000000) (0.366829,0.000000) (-0.366828,0.000000) (0.366829,0.000000) (-0.366828,0.000000) (0.151945,0.000000) (-0.151945,0.000000) (0.214880,0.000000) (0.303885,0.000000) (0.214881,0.000000)
