su -5.13685 (-0.092999,0.000000) (-0.128817,0.000000) (-0.092999,0.000000) (-0.075732,0.000000) (-0.108513,0.000000) (-0.183227,0.000000) (-0.267085,0.000000) (-0.183227,0.000000) (-0.267085,0.000000) (-0.075732,0.000000) (-0.108513,0.000000) (-0.225619,0.000000) (-0.320716,0.000000) (-0.225619,0.000000) (-0.225625,0.000000) (-0.317396,0.000000) (-0.225625,0.000000) (-0.116621,0.000000) (-0.080852,0.000000) (-0.276040,0.000000) (-0.194973,0.000000) (-0.276040,0.000000) (-0.194973,0.000000) (-0.116621,0.000000) (-0.080852,0.000000) (-0.105255,0.000000) (-0.152304,0.000000) (-0.105255,0.000000)
sd -5.13685 (0.105255,0.000000) (0.152304,0.000000) (0.105255,0.000000) (0.080852,0.000000) (0.116621,0.000000) (0.194973,0.000000) (0.276040,0.000000) (0.194973,0.000000) (0.276040,0.000000) (0.080852,0.000000) (0.116621,0.000000) (0.225625,0.000000) (0.317396,0.000000) (0.225625,0.000000) (0.225619,0.000000) (0.320716,0.000000) (0.225619,0.000000) (0.108513,0.000000) (0.075732,0.000000) (0.267085,0.000000) (0.183227,0.000000) (0.267085,0.000000) (0.183227,0.000000) (0.108513,0.000000) (0.075732,0.000000) (0.092999,0.000000) (0.128817,0.000000) (0.092999,0.000000)
sd -4.02739 (-0.188559,0.000000) (-0.274737,0.000000) (-0.188559,0.000000) (-0.121383,0.000000) (-0.094666,0.000000) (-0.295262,0.000000) (-0.223444,0.000000) (-0.295262,0.000000) (-0.223444,0.000000) (-0.121383,0.000000) (-0.094666,0.000000) (-0.088498,0.000000) (-0.121804,0.000000) (-0.088498,0.000000) (0.111965,0.000000) (0.161994,0.000000) (0.111965,0.000000) (0.098168,0.000000) (0.120318,0.000000) (0.242684,0.000000) (0.289227,0.000000) (0.242684,0.000000) (0.289227,0.000000) (0.098168,0.000000) (0.120318,0.000000) (0.172540,0.000000) (0.237671,0.000000) (0.172540,0.000000)
su -4.02739 (-0.172540,0.000000) (-0.237671,0.000000) (-0.172540,0.000000) (-0.120318,0.000000) (-0.098168,0.000000) (-0.289227,0.000000) (-0.242684,0.000000) (-0.289227,0.000000) (-0.242684,0.000000) (-0.120318,0.000000) (-0.098168,0.000000) (-0.111965,0.000000) (-0.161994,0.000000) (-0.111965,0.000000) (0.088498,0.000000) (0.121804,0.000000) (0.088498,0.000000) (0.094666,0.000000) (0.121383,0.000000) (0.223444,0.000000) (0.295262,0.000000) (0.223444,0.000000) (0.295262,0.000000) (0.094666,0.000000) (0.121383,0.000000) (0.188559,0.000000) (0.274737,0.000000) (0.188559,0.000000)
sd -3.99389 (0.137825,0.000000) (-0.000000,0.000000) (-0.137825,0.000000) (0.152279,0.000000) (0.215601,0.000000) (0.150552,0.000000) (0.210472,0.000000) (-0.150552,0.000000) (-0.210472,0.000000) (-0.152279,0.000000) (-0.215601,0.000000) (0.323050,0.000000) (-0.000000,0.000000) (-0.323050,0.000000) (0.322425,0.000000) (0.000000,0.000000) (-0.322425,0.000000) (0.197541,0.000000) (0.142540,0.000000) (0.202114,0.000000) (0.144105,0.000000) (-0.202114,0.000000) (-0.144105,0.000000) (-0.197541,0.000000) (-0.142540,0.000000) (0.121397,0.000000) (0.000000,0.000000) (-0.121397,0.000000)
su -3.99389 (0.121397,0.000000) (-0.000000,0.000000) (-0.121397,0.000000) (0.142540,0.000000) (0.197541,0.000000) (0.144105,0.000000) (0.202114,0.000000) (-0.144105,0.000000) (-0.202114,0.000000) (-0.142540,0.000000) (-0.197541,0.000000) (0.322425,0.000000) (-0.000000,0.000000) (-0.322425,0.000000) (0.323050,0.000000) (0.000000,0.000000) (-0.323050,0.000000) (0.215601,0.000000) (0.152279,0.000000) (0.210472,0.000000) (0.150552,0.000000) (-0.210472,0.000000) (-0.150552,0.000000) (-0.215601,0.000000) (-0.152279,0.000000) (0.137825,0.000000) (0.000000,0.000000) (-0.137825,0.000000)
sd -2.94856 (-0.247461,0.000000) (-0.000000,0.000000) (0.247461,0.000000) (-0.225006,0.000000) (-0.187645,0.000000) (-0.222912,0.000000) (-0.181936,0.000000) (0.222912,0.000000) (0.181936,0.000000) (0.225006,0.000000) (0.187645,0.000000) (-0.116041,0.000000) (0.000000,0.000000) (0.116041,0.000000) (0.145644,0.000000) (0.000000,0.000000) (-0.145644,0.000000) (0.190254,0.000000) (0.228512,0.000000) (0.195855,0.000000) (0.230611,0.000000) (-0.195855,0.000000) (-0.230611,0.000000) (-0.190254,0.000000) (-0.228512,0.000000) (0.232578,0.000000) (-0.000000,0.000000) (-0.232578,0.000000)
su -2.94856 (0.232578,-0.000000) (-0.000000,-0.000000) (-0.232578,0.000000) (0.228512,-0.000000) (0.190254,-0.000000) (0.230611,-0.000000) (0.195855,-0.000000) (-0.230611,0.000000) (-0.195855,0.000000) (-0.228512,0.000000) (-0.190254,0.000000) (0.145644,-0.000000) (0.000000,-0.000000) (-0.145644,0.000000) (-0.116041,0.000000) (-0.000000,0.000000) (0.116041,-0.000000) (-0.187645,0.000000) (-0.225006,0.000000) (-0.181936,0.000000) (-0.222912,0.000000) (0.181936,-0.000000) (0.222912,-0.000000) (0.187645,-0.000000) (0.225006,-0.000000) (-0.247461,0.000000) (-0.000000,-0.000000) (0.247461,-0.000000)
sd -2.42865 (0.217083,0.000000) (0.334137,0.000000) (0.217083,0.000000) (0.090959,0.000000) (-0.058707,0.000000) (0.260173,0.000000) (-0.100147,0.000000) (0.260173,0.000000) (-0.100147,0.000000) (0.090959,0.000000) (-0.058707,0.000000) (-0.186354,0.000000) (-0.241110,0.000000) (-0.186354,0.000000) (-0.164892,0.000000) (-0.220884,0.000000) (-0.164892,0.000000) (-0.025739,0.000000) (0.119230,0.000000) (-0.061914,0.000000) (0.278755,0.000000) (-0.061914,0.000000) (0.278755,0.000000) (-0.025739,0.000000) (0.119230,0.000000) (0.223399,0.000000) (0.302713,0.000000) (0.223399,0.000000)
su -2.42865 (-0.223399,0.000000) (-0.302713,0.000000) (-0.223399,0.000000) (-0.119230,0.000000) (0.025739,0.000000) (-0.278755,0.000000) (0.061914,0.000000) (-0.278755,0.000000) (0.061914,0.000000) (-0.119230,0.000000) (0.025739,0.000000) (0.164892,0.000000) (0.220884,0.000000) (0.164892,0.000000) (0.186354,0.000000) (0.241110,0.000000) (0.186354,0.000000) (0.058707,0.000000) (-0.090959,0.000000) (0.100147,0.000000) (-0.260173,0.000000) (0.100147,0.000000) (-0.260173,0.000000) (0.058707,0.000000) (-0.090959,0.000000) (-0.217083,0.000000) (-0.334137,0.000000) (-0.217083,0.000000)
sd -2.32023 (-0.082705,0.000000) (0.110175,0.000000) (-0.082705,0.000000) (-0.214029,0.000000) (-0.281365,0.000000) (0.083575,0.000000) (0.114071,0.000000) (0.083575,0.000000) (0.114071,0.000000) (-0.214029,0.000000) (-0.281365,0.000000) (-0.231876,0.000000) (0.334273,0.000000) (-0.231876,0.000000) (-0.226223,0.000000) (0.342351,0.000000) (-0.226223,0.000000) (-0.243765,0.000000) (-0.196440,0.000000) (0.108801,0.000000) (0.067569,0.000000) (0.108801,0.000000) (0.067569,0.000000) (-0.243765,0.000000) (-0.196440,0.000000) (-0.074007,0.000000) (0.075011,0.000000) (-0.074007,0.000000)
su -2.32023 (-0.074007,0.000000) (0.075011,0.000000) (-0.074007,0.000000) (-0.196440,0.000000) (-0.243765,0.000000) (0.067569,0.000000) (0.108801,0.000000) (0.067569,0.000000) (0.108801,0.000000) (-0.196440,0.000000) (-0.243765,0.000000) (-0.226223,0.000000) (0.342351,0.000000) (-0.226223,0.000000) (-0.231876,0.000000) (0.334273,0.000000) (-0.231876,0.000000) (-0.281365,0.000000) (-0.214029,0.000000) (0.114071,0.000000) (0.083575,0.000000) (0.114071,0.000000) (0.083575,0.000000) (-0.281365,0.000000) (-0.214029,0.000000) (-0.082705,0.000000) (0.110175,0.000000) (-0.082705,0.000000)
sd -1.47861 (-0.147831,0.000000) (0.192044,0.000000) (-0.147831,0.000000) (-0.302847,0.000000) (-0.272921,0.000000) (0.115747,0.000000) (0.115735,0.000000) (0.115747,0.000000) (0.115735,0.000000) (-0.302847,0.000000) (-0.272921,0.000000) (-0.044604,0.000000) (0.081466,0.000000) (-0.044604,0.000000) (0.095391,0.000000) (-0.117828,0.000000) (0.095391,0.000000) (0.286895,0.000000) (0.312626,0.000000) (-0.117340,0.000000) (-0.139100,0.000000) (-0.117340,0.000000) (-0.139100,0.000000) (0.286895,0.000000) (0.312626,0.000000) (0.121378,0.000000) (-0.186731,0.000000) (0.121378,0.000000)
su -1.47861 (0.121378,0.000000) (-0.186731,0.000000) (0.121378,0.000000) (0.312626,0.000000) (0.286895,0.000000) (-0.139100,0.000000) (-0.117340,0.000000) (-0.139100,0.000000) (-0.117340,0.000000) (0.312626,0.000000) (0.286895,0.000000) (0.095391,0.000000) (-0.117828,0.000000) (0.095391,0.000000) (-0.044604,0.000000) (0.081466,0.000000) (-0.044604,0.000000) (-0.272921,0.000000) (-0.302847,0.000000) (0.115735,0.000000) (0.115747,0.000000) (0.115735,0.000000) (0.115747,0.000000) (-0.272921,0.000000) (-0.302847,0.000000) (-0.147831,0.000000) (0.192044,0.000000) (-0.147831,0.000000)
su -1.40078 (0.301123,0.000000) (-0.000000,0.000000) (-0.301123,0.000000) (0.213265,0.000000) (-0.028758,0.000000) (0.208550,0.000000) (-0.033228,0.000000) (-0.208550,0.000000) (0.033228,0.000000) (-0.213265,0.000000) (0.028758,0.000000) (-0.253336,0.000000) (0.000000,0.000000) (0.253336,0.000000) (-0.262549,0.000000) (-0.000000,0.000000) (0.262549,0.000000) (-0.054644,0.000000) (0.194558,0.000000) (-0.048184,0.000000) (0.200402,0.000000) (0.048184,0.000000) (-0.200402,0.000000) (0.054644,0.000000) (-0.194558,0.000000) (0.319339,0.000000) (0.000000,0.000000) (-0.319339,0.000000)
sd -1.40078 (-0.319339,0.000000) (0.000000,0.000000) (0.319339,0.000000) (-0.194558,0.000000) (0.054644,0.000000) (-0.200402,0.000000) (0.048184,0.000000) (0.200402,0.000000) (-0.048184,0.000000) (0.194558,0.000000) (-0.054644,0.000000) (0.262549,0.000000) (0.000000,0.000000) (-0.262549,0.000000) (0.253336,0.000000) (-0.000000,0.000000) (-0.253336,0.000000) (0.028758,0.000000) (-0.213265,0.000000) (0.033228,0.000000) (-0.208550,0.000000) (-0.033228,0.000000) (0.208550,0.000000) (-0.028758,0.000000) (0.213265,0.000000) (-0.301123,0.000000) (-0.000000,0.000000) (0.301123,0.000000)
su -0.83836 (0.190053,0.000000) (0.251218,0.000000) (0.190053,0.000000) (0.069287,0.000000) (-0.115999,0.000000) (0.157353,0.000000) (-0.271919,0.000000) (0.157353,0.000000) (-0.271919,0.000000) (0.069287,0.000000) (-0.115999,0.000000) (-0.206751,0.000000) (-0.260463,0.000000) (-0.206751,0.000000) (0.166126,0.000000) (0.266921,0.000000) (0.166126,0.000000) (0.112751,0.000000) (-0.049321,0.000000) (0.284756,0.000000) (-0.125091,0.000000) (0.284756,0.000000) (-0.125091,0.000000) (0.112751,0.000000) (-0.049321,0.000000) (-0.169579,0.000000) (-0.258375,0.000000) (-0.169579,0.000000)
sd -0.83836 (0.169579,0.000000) (0.258375,0.000000) (0.169579,0.000000) (0.049321,0.000000) (-0.112751,0.000000) (0.125091,0.000000) (-0.284756,0.000000) (0.125091,0.000000) (-0.284756,0.000000) (0.049321,0.000000) (-0.112751,0.000000) (-0.166126,0.000000) (-0.266921,0.000000) (-0.166126,0.000000) (0.206751,0.000000) (0.260463,0.000000) (0.206751,0.000000) (0.115999,0.000000) (-0.069287,0.000000) (0.271919,0.000000) (-0.157353,0.000000) (0.271919,0.000000) (-0.157353,0.000000) (0.115999,0.000000) (-0.069287,0.000000) (-0.190053,0.000000) (-0.251218,0.000000) (-0.190053,0.000000)
sd -0.561844 (-0.004883,0.000000) (0.000000,0.000000) (0.004883,0.000000) (0.249185,0.000000) (0.266472,0.000000) (-0.253706,0.000000) (-0.259565,0.000000) (0.253706,0.000000) (0.259565,0.000000) (-0.249185,0.000000) (-0.266472,0.000000) (-0.000423,0.000000) (-0.000000,0.000000) (0.000423,0.000000) (-0.007349,0.000000) (-0.000000,0.000000) (0.007349,0.000000) (-0.000219,0.000000) (0.007112,0.000000) (-0.006489,0.000000) (0.000619,0.000000) (0.006489,0.000000) (-0.000619,0.000000) (0.000219,0.000000) (-0.007112,0.000000) (0.007092,0.000000) (0.000000,0.000000) (-0.007092,0.000000)
su -0.561844 (0.007092,0.000000) (0.000000,0.000000) (-0.007092,0.000000) (0.007112,0.000000) (-0.000219,0.000000) (0.000619,0.000000) (-0.006489,0.000000) (-0.000619,0.000000) (0.006489,0.000000) (-0.007112,0.000000) (0.000219,0.000000) (-0.007349,0.000000) (-0.000000,0.000000) (0.007349,0.000000) (-0.000423,0.000000) (-0.000000,0.000000) (0.000423,0.000000) (0.266472,0.000000) (0.249185,0.000000) (-0.259565,0.000000) (-0.253706,0.000000) (0.259565,0.000000) (0.253706,0.000000) (-0.266472,0.000000) (-0.249185,0.000000) (-0.004883,0.000000) (0.000000,0.000000) (0.004883,0.000000)
su -0.524499 (-0.006677,0.000000) (0.000000,0.000000) (0.006677,0.000000) (-0.364805,0.000000) (-0.340825,0.000000) (0.357619,0.000000) (0.349996,0.000000) (-0.357619,0.000000) (-0.349996,0.000000) (0.364805,0.000000) (0.340825,0.000000) (0.000528,0.000000) (-0.000000,0.000000) (-0.000528,0.000000) (-0.008666,0.000000) (0.000000,0.000000) (0.008666,0.000000) (-0.000078,0.000000) (0.008594,0.000000) (-0.009393,0.000000) (-0.000401,0.000000) (0.009393,0.000000) (0.000401,0.000000) (0.000078,0.000000) (-0.008594,0.000000) (0.008981,0.000000) (-0.000000,0.000000) (-0.008981,0.000000)
sd -0.524499 (-0.008981,0.000000) (-0.000000,0.000000) (0.008981,0.000000) (-0.008594,0.000000) (0.000078,0.000000) (0.000401,0.000000) (0.009393,0.000000) (-0.000401,0.000000) (-0.009393,0.000000) (0.008594,0.000000) (-0.000078,0.000000) (0.008666,0.000000) (0.000000,0.000000) (-0.008666,0.000000) (-0.000528,0.000000) (-0.000000,0.000000) (0.000528,0.000000) (0.340825,0.000000) (0.364805,0.000000) (-0.349996,0.000000) (-0.357619,0.000000) (0.349996,0.000000) (0.357619,0.000000) (-0.340825,0.000000) (-0.364805,0.000000) (0.006677,0.000000) (-0.000000,0.000000) (-0.006677,0.000000)
su -0.185507 (0.162931,0.000000) (-0.246986,0.000000) (0.162931,0.000000) (0.279741,0.000000) (0.068420,0.000000) (-0.124842,0.000000) (-0.020120,0.000000) (-0.124842,0.000000) (-0.020120,0.000000) (0.279741,0.000000) (0.068420,0.000000) (-0.215204,0.000000) (0.321983,0.000000) (-0.215204,0.000000) (-0.227123,0.000000) (0.304710,0.000000) (-0.227123,0.000000) (0.030754,0.000000) (0.251547,0.000000) (-0.021429,0.000000) (-0.095580,0.000000) (-0.021429,0.000000) (-0.095580,0.000000) (0.030754,0.000000) (0.251547,0.000000) (0.198253,0.000000) (-0.263128,0.000000) (0.198253,0.000000)
sd -0.185507 (0.198253,0.000000) (-0.263128,0.000000) (0.198253,0.000000) (0.251547,0.000000) (0.030754,0.000000) (-0.095580,0.000000) (-0.021429,0.000000) (-0.095580,0.000000) (-0.021429,0.000000) (0.251547,0.000000) (0.030754,0.000000) (-0.227123,0.000000) (0.304710,0.000000) (-0.227123,0.000000) (-0.215204,0.000000) (0.321983,0.000000) (-0.215204,0.000000) (0.068420,0.000000) (0.279741,0.000000) (-0.020120,0.000000) (-0.124842,0.000000) (-0.020120,0.000000) (-0.124842,0.000000) (0.068420,0.000000) (0.279741,0.000000) (0.162931,0.000000) (-0.246986,0.000000) (0.162931,0.000000)
su 0.25333 (-0.277164,0.000000) (-0.000000,0.000000) (0.277164,0.000000) (-0.099188,0.000000) (0.211255,0.000000) (-0.119266,0.000000) (0.197026,0.000000) (0.119266,0.000000) (-0.197026,0.000000) (0.099188,0.000000) (-0.211255,0.000000) (0.264120,0.000000) (0.000000,0.000000) (-0.264120,0.000000) (-0.231738,0.000000) (0.000000,0.000000) (0.231738,0.000000) (-0.210410,0.000000) (0.098839,0.000000) (-0.226108,0.000000) (0.078631,0.000000) (0.226108,0.000000) (-0.078631,0.000000) (0.210410,0.000000) (-0.098839,0.000000) (0.284328,0.000000) (-0.000000,0.000000) (-0.284328,0.000000)
sd 0.25333 (0.284328,0.000000) (-0.000000,0.000000) (-0.284328,0.000000) (0.098839,0.000000) (-0.210410,0.000000) (0.078631,0.000000) (-0.226108,0.000000) (-0.078631,0.000000) (0.226108,0.000000) (-0.098839,0.000000) (0.210410,0.000000) (-0.231738,0.000000) (-0.000000,0.000000) (0.231738,0.000000) (0.264120,0.000000) (-0.000000,0.000000) (-0.264120,0.000000) (0.211255,0.000000) (-0.099188,0.000000) (0.197026,0.000000) (-0.119266,0.000000) (-0.197026,0.000000) (0.119266,0.000000) (-0.211255,0.000000) (0.099188,0.000000) (-0.277164,0.000000) (-0.000000,0.000000) (0.277164,0.000000)
sd 1.62692 (0.311715,0.000000) (-0.439440,0.000000) (0.311715,0.000000) (0.048116,0.000000) (-0.300209,0.000000) (-0.012133,0.000000) (0.124914,0.000000) (-0.012133,0.000000) (0.124914,0.000000) (0.048116,0.000000) (-0.300209,0.000000) (-0.085007,0.000000) (0.118176,0.000000) (-0.085007,0.000000) (0.155302,0.000000) (-0.220903,0.000000) (0.155302,0.000000) (0.185473,0.000000) (-0.104856,0.000000) (-0.075668,0.000000) (0.048465,0.000000) (-0.075668,0.000000) (0.048465,0.000000) (0.185473,0.000000) (-0.104856,0.000000) (-0.201804,0.000000) (0.285380,0.000000) (-0.201804,0.000000)
su 1.62692 (0.201804,0.000000) (-0.285380,0.000000) (0.201804,0.000000) (0.104856,0.000000) (-0.185473,0.000000) (-0.048465,0.000000) (0.075668,0.000000) (-0.048465,0.000000) (0.075668,0.000000) (0.104856,0.000000) (-0.185473,0.000000) (-0.155302,0.000000) (0.220903,0.000000) (-0.155302,0.000000) (0.085007,0.000000) (-0.118176,0.000000) (0.085007,0.000000) (0.300209,0.000000) (-0.048116,0.000000) (-0.124914,0.000000) (0.012133,0.000000) (-0.124914,0.000000) (0.012133,0.000000) (0.300209,0.000000) (-0.048116,0.000000) (-0.311715,0.000000) (0.439440,0.000000) (-0.311715,0.000000)
sd 2.69308 (-0.201886,0.000000) (0.285497,0.000000) (-0.201886,0.000000) (0.104899,0.000000) (0.185549,0.000000) (-0.048484,0.000000) (-0.075699,0.000000) (-0.048484,0.000000) (-0.075699,0.000000) (0.104899,0.000000) (0.185549,0.000000) (-0.155366,0.000000) (0.220993,0.000000) (-0.155366,0.000000) (-0.085041,0.000000) (0.118224,0.000000) (-0.085041,0.000000) (0.300332,0.000000) (0.048135,0.000000) (-0.124965,0.000000) (-0.012138,0.000000) (-0.124965,0.000000) (-0.012138,0.000000) (0.300332,0.000000) (0.048135,0.000000) (-0.311842,0.000000) (0.439620,0.000000) (-0.311842,0.000000)
su 2.69308 (-0.311842,0.000000) (0.439620,0.000000) (-0.311842,0.000000) (0.048135,0.000000) (0.300332,0.000000) (-0.012138,0.000000) (-0.124965,0.000000) (-0.012138,0.000000) (-0.124965,0.000000) (0.048135,0.000000) (0.300332,0.000000) (-0.085041,0.000000) (0.118224,0.000000) (-0.085041,0.000000) (-0.155366,0.000000) (0.220993,0.000000) (-0.155366,0.000000) (0.185549,0.000000) (0.104899,0.000000) (-0.075699,0.000000) (-0.048484,0.000000) (-0.075699,0.000000) (-0.048484,0.000000) (0.185549,0.000000) (0.104899,0.000000) (-0.201886,0.000000) (0.285497,0.000000) (-0.201886,0.000000)
sd 4.06667 (-0.277131,0.000000) (0.000000,0.000000) (0.277131,0.000000) (0.099176,0.000000) (0.211230,0.000000) (0.119252,0.000000) (0.197003,0.000000) (-0.119252,0.000000) (-0.197003,0.000000) (-0.099176,0.000000) (-0.211230,0.000000) (-0.264089,0.000000) (0.000000,0.000000) (0.264089,0.000000) (-0.231711,0.000000) (-0.000000,0.000000) (0.231711,0.000000) (0.210385,0.000000) (0.098827,0.000000) (0.226081,0.000000) (0.078622,0.000000) (-0.226081,0.000000) (-0.078622,0.000000) (-0.210385,0.000000) (-0.098827,0.000000) (-0.284294,0.000000) (-0.000000,0.000000) (0.284294,0.000000)
su 4.06667 (0.284294,0.000000) (-0.000000,0.000000) (-0.284294,0.000000) (-0.098827,0.000000) (-0.210385,0.000000) (-0.078622,0.000000) (-0.226081,0.000000) (0.078622,0.000000) (0.226081,0.000000) (0.098827,0.000000) (0.210385,0.000000) (0.231711,0.000000) (-0.000000,0.000000) (-0.231711,0.000000) (0.264089,0.000000) (0.000000,0.000000) (-0.264089,0.000000) (-0.211230,0.000000) (-0.099176,0.000000) (-0.197003,0.000000) (-0.119252,0.000000) (0.197003,0.000000) (0.119252,0.000000) (0.211230,0.000000) (0.099176,0.000000) (0.277131,0.000000) (0.000000,0.000000) (-0.277131,0.000000)
sd 4.50551 (0.162885,0.000000) (-0.246916,0.000000) (0.162885,0.000000) (-0.279662,0.000000) (0.068400,0.000000) (0.124806,0.000000) (-0.020114,0.000000) (0.124806,0.000000) (-0.020114,0.000000) (-0.279662,0.000000) (0.068400,0.000000) (0.215143,0.000000) (-0.321892,0.000000) (0.215143,0.000000) (-0.227059,0.000000) (0.304624,0.000000) (-0.227059,0.000000) (-0.030745,0.000000) (0.251475,0.000000) (0.021423,0.000000) (-0.095553,0.000000) (0.021423,0.000000) (-0.095553,0.000000) (-0.030745,0.000000) (0.251475,0.000000) (-0.198197,0.000000) (0.263054,0.000000) (-0.198197,0.000000)
su 4.50551 (-0.198197,0.000000) (0.263054,0.000000) (-0.198197,0.000000) (0.251475,0.000000) (-0.030745,0.000000) (-0.095553,0.000000) (0.021423,0.000000) (-0.095553,0.000000) (0.021423,0.000000) (0.251475,0.000000) (-0.030745,0.000000) (-0.227059,0.000000) (0.304624,0.000000) (-0.227059,0.000000) (0.215143,0.000000) (-0.321892,0.000000) (0.215143,0.000000) (0.068400,0.000000) (-0.279662,0.000000) (-0.020114,0.000000) (0.124806,0.000000) (-0.020114,0.000000) (0.124806,0.000000) (0.068400,0.000000) (-0.279662,0.000000) (0.162885,0.000000) (-0.246916,0.000000) (0.162885,0.000000)
sd 4.8445 (0.006673,0.000000) (-0.000000,0.000000) (-0.006673,0.000000) (-0.364574,0.000000) (0.340609,0.000000) (0.357392,0.000000) (-0.349774,0.000000) (-0.357392,0.000000) (0.349774,0.000000) (0.364574,0.000000) (-0.340609,0.000000) (0.000528,0.000000) (-0.000000,0.000000) (-0.000528,0.000000) (0.008660,0.000000) (-0.000000,0.000000) (-0.008660,0.000000) (-0.000078,0.000000) (-0.008588,0.000000) (-0.009387,0.000000) (0.000401,0.000000) (0.009387,0.000000) (-0.000401,0.000000) (0.000078,0.000000) (0.008588,0.000000) (0.008975,0.000000) (0.000000,0.000000) (-0.008975,0.000000)
su 4.8445 (0.008975,0.000000) (0.000000,0.000000) (-0.008975,0.000000) (-0.008588,0.000000) (-0.000078,0.000000) (0.000401,0.000000) (-0.009387,0.000000) (-0.000401,0.000000) (0.009387,0.000000) (0.008588,0.000000) (0.000078,0.000000) (0.008660,0.000000) (0.000000,0.000000) (-0.008660,0.000000) (0.000528,0.000000) (-0.000000,0.000000) (-0.000528,0.000000) (0.340609,0.000000) (-0.364574,0.000000) (-0.349774,0.000000) (0.357392,0.000000) (0.349774,0.000000) (-0.357392,0.000000) (-0.340609,0.000000) (0.364574,0.000000) (0.006673,0.000000) (0.000000,0.000000) (-0.006673,0.000000)
sd 4.88184 (0.009739,0.000000) (-0.000000,0.000000) (-0.009739,0.000000) (-0.009766,0.000000) (-0.000301,0.000000) (-0.000851,0.000000) (-0.008911,0.000000) (0.000851,0.000000) (0.008911,0.000000) (0.009766,0.000000) (0.000301,0.000000) (0.010092,0.000000) (-0.000000,0.000000) (-0.010092,0.000000) (-0.000581,0.000000) (-0.000000,0.000000) (0.000581,0.000000) (-0.365925,0.000000) (0.342186,0.000000) (0.356440,0.000000) (-0.348396,0.000000) (-0.356440,0.000000) (0.348396,0.000000) (0.365925,0.000000) (-0.342186,0.000000) (0.006705,0.000000) (-0.000000,0.000000) (-0.006705,0.000000)
su 4.88184 (0.006705,0.000000) (-0.000000,0.000000) (-0.006705,0.000000) (0.342186,0.000000) (-0.365925,0.000000) (-0.348396,0.000000) (0.356440,0.000000) (0.348396,0.000000) (-0.356440,0.000000) (-0.342186,0.000000) (0.365925,0.000000) (-0.000581,0.000000) (-0.000000,0.000000) (0.000581,0.000000) (0.010092,0.000000) (0.000000,0.000000) (-0.010092,0.000000) (-0.000301,0.000000) (-0.009766,0.000000) (-0.008911,0.000000) (-0.000851,0.000000) (0.008911,0.000000) (0.000851,0.000000) (0.000301,0.000000) (0.009766,0.000000) (0.009739,0.000000) (0.000000,0.000000) (-0.009739,0.000000)
su 5.15836 (0.168966,0.000000) (0.257442,0.000000) (0.168966,0.000000) (-0.049143,0.000000) (-0.112344,0.000000) (-0.124639,0.000000) (-0.283728,0.000000) (-0.124639,0.000000) (-0.283728,0.000000) (-0.049143,0.000000) (-0.112344,0.000000) (0.165526,0.000000) (0.265957,0.000000) (0.165526,0.000000) (0.206005,0.000000) (0.259522,0.000000) (0.206005,0.000000) (-0.115580,0.000000) (-0.069036,0.000000) (-0.270937,0.000000) (-0.156784,0.000000) (-0.270937,0.000000) (-0.156784,0.000000) (-0.115580,0.000000) (-0.069036,0.000000) (0.189367,0.000000) (0.250311,0.000000) (0.189367,0.000000)
sd 5.15836 (-0.189367,0.000000) (-0.250311,0.000000) (-0.189367,0.000000) (0.069036,0.000000) (0.115580,0.000000) (0.156784,0.000000) (0.270937,0.000000) (0.156784,0.000000) (0.270937,0.000000) (0.069036,0.000000) (0.115580,0.000000) (-0.206005,0.000000) (-0.259522,0.000000) (-0.206005,0.000000) (-0.165526,0.000000) (-0.265957,0.000000) (-0.165526,0.000000) (0.112344,0.000000) (0.049143,0.000000) (0.283728,0.000000) (0.124639,0.000000) (0.283728,0.000000) (0.124639,0.000000) (0.112344,0.000000) (0.049143,0.000000) (-0.168966,0.000000) (-0.257442,0.000000) (-0.168966,0.000000)
su 5.72078 (0.319336,0.000000) (-0.000000,0.000000) (-0.319336,0.000000) (-0.194556,0.000000) (-0.054644,0.000000) (-0.200400,0.000000) (-0.048184,0.000000) (0.200400,0.000000) (0.048184,0.000000) (0.194556,0.000000) (0.054644,0.000000) (0.262546,0.000000) (0.000000,0.000000) (-0.262546,0.000000) (-0.253333,0.000000) (0.000000,0.000000) (0.253333,0.000000) (0.028758,0.000000) (0.213263,0.000000) (0.033228,0.000000) (0.208548,0.000000) (-0.033228,0.000000) (-0.208548,0.000000) (-0.028758,0.000000) (-0.213263,0.000000) (-0.301120,0.000000) (-0.000000,0.000000) (0.301120,0.000000)
sd 5.72078 (-0.301120,0.000000) (0.000000,0.000000) (0.301120,0.000000) (0.213263,0.000000) (0.028758,0.000000) (0.208548,0.000000) (0.033228,0.000000) (-0.208548,0.000000) (-0.033228,0.000000) (-0.213263,0.000000) (-0.028758,0.000000) (-0.253333,0.000000) (-0.000000,0.000000) (0.253333,0.000000) (0.262546,0.000000) (-0.000000,0.000000) (-0.262546,0.000000) (-0.054644,0.000000) (-0.194556,0.000000) (-0.048184,0.000000) (-0.200400,0.000000) (0.048184,0.000000) (0.200400,0.000000) (0.054644,0.000000) (0.194556,0.000000) (0.319336,0.000000) (0.000000,0.000000) (-0.319336,0.000000)
su 5.79861 (-0.147836,0.000000) (0.192051,0.000000) (-0.147836,0.000000) (0.302857,0.000000) (-0.272930,0.000000) (-0.115751,0.000000) (0.115739,0.000000) (-0.115751,0.000000) (0.115739,0.000000) (0.302857,0.000000) (-0.272930,0.000000) (0.044606,0.000000) (-0.081469,0.000000) (0.044606,0.000000) (0.095395,0.000000) (-0.117832,0.000000) (0.095395,0.000000) (-0.286905,0.000000) (0.312637,0.000000) (0.117344,0.000000) (-0.139105,0.000000) (0.117344,0.000000) (-0.139105,0.000000) (-0.286905,0.000000) (0.312637,0.000000) (-0.121382,0.000000) (0.186737,0.000000) (-0.121382,0.000000)
sd 5.79861 (-0.121382,0.000000) (0.186737,0.000000) (-0.121382,0.000000) (0.312637,0.000000) (-0.286905,0.000000) (-0.139105,0.000000) (0.117344,0.000000) (-0.139105,0.000000) (0.117344,0.000000) (0.312637,0.000000) (-0.286905,0.000000) (0.095395,0.000000) (-0.117832,0.000000) (0.095395,0.000000) (0.044606,0.000000) (-0.081469,0.000000) (0.044606,0.000000) (-0.272930,0.000000) (0.302857,0.000000) (0.115739,0.000000) (-0.115751,0.000000) (0.115739,0.000000) (-0.115751,0.000000) (-0.272930,0.000000) (0.302857,0.000000) (-0.147836,0.000000) (0.192051,0.000000) (-0.147836,0.000000)
sd 6.64023 (-0.074007,0.000000) (0.075011,0.000000) (-0.074007,0.000000) (0.196440,0.000000) (-0.243765,0.000000) (-0.067569,0.000000) (0.108801,0.000000) (-0.067569,0.000000) (0.108801,0.000000) (0.196440,0.000000) (-0.243765,0.000000) (0.226223,0.000000) (-0.342351,0.000000) (0.226223,0.000000) (-0.231876,0.000000) (0.334273,0.000000) (-0.231876,0.000000) (0.281365,0.000000) (-0.214029,0.000000) (-0.114071,0.000000) (0.083575,0.000000) (-0.114071,0.000000) (0.083575,0.000000) (0.281365,0.000000) (-0.214029,0.000000) (0.082705,0.000000) (-0.110175,0.000000) (0.082705,0.000000)
su 6.64023 (-0.082705,0.000000) (0.110175,0.000000) (-0.082705,0.000000) (0.214029,0.000000) (-0.281365,0.000000) (-0.083575,0.000000) (0.114071,0.000000) (-0.083575,0.000000) (0.114071,0.000000) (0.214029,0.000000) (-0.281365,0.000000) (0.231876,0.000000) (-0.334273,0.000000) (0.231876,0.000000) (-0.226223,0.000000) (0.342351,0.000000) (-0.226223,0.000000) (0.243765,0.000000) (-0.196440,0.000000) (-0.108801,0.000000) (0.067569,0.000000) (-0.108801,0.000000) (0.067569,0.000000) (0.243765,0.000000) (-0.196440,0.000000) (0.074007,0.000000) (-0.075011,0.000000) (0.074007,0.000000)
su 6.74865 (0.217091,0.000000) (0.334149,0.000000) (0.217091,0.000000) (-0.090962,0.000000) (-0.058709,0.000000) (-0.260182,0.000000) (-0.100150,0.000000) (-0.260182,0.000000) (-0.100150,0.000000) (-0.090962,0.000000) (-0.058709,0.000000) (0.186361,0.000000) (0.241119,0.000000) (0.186361,0.000000) (-0.164898,0.000000) (-0.220892,0.000000) (-0.164898,0.000000) (0.025740,0.000000) (0.119234,0.000000) (0.061916,0.000000) (0.278766,0.000000) (0.061916,0.000000) (0.278766,0.000000) (0.025740,0.000000) (0.119234,0.000000) (-0.223407,0.000000) (-0.302724,0.000000) (-0.223407,0.000000)
sd 6.74865 (0.223407,0.000000) (0.302724,0.000000) (0.223407,0.000000) (-0.119234,0.000000) (-0.025740,0.000000) (-0.278766,0.000000) (-0.061916,0.000000) (-0.278766,0.000000) (-0.061916,0.000000) (-0.119234,0.000000) (-0.025740,0.000000) (0.164898,0.000000) (0.220892,0.000000) (0.164898,0.000000) (-0.186361,0.000000) (-0.241119,0.000000) (-0.186361,0.000000) (0.058709,0.000000) (0.090962,0.000000) (0.100150,0.000000) (0.260182,0.000000) (0.100150,0.000000) (0.260182,0.000000) (0.058709,0.000000) (0.090962,0.000000) (-0.217091,0.000000) (-0.334149,0.000000) (-0.217091,0.000000)
su 7.26856 (0.247809,0.000000) (0.000000,0.000000) (-0.247809,0.000000) (-0.225323,0.000000) (0.187909,0.000000) (-0.223226,0.000000) (0.182192,0.000000) (0.223226,0.000000) (-0.182192,0.000000) (0.225323,0.000000) (-0.187909,0.000000) (-0.116204,0.000000) (-0.000000,0.000000) (0.116204,0.000000) (-0.145849,0.000000) (-0.000000,0.000000) (0.145849,0.000000) (0.190522,0.000000) (-0.228834,0.000000) (0.196130,0.000000) (-0.230936,0.000000) (-0.196130,0.000000) (0.230936,0.000000) (-0.190522,0.000000) (0.228834,0.000000) (0.232905,0.000000) (0.000000,0.000000) (-0.232905,0.000000)
sd 7.26856 (-0.232905,0.000000) (0.000000,0.000000) (0.232905,0.000000) (0.228834,0.000000) (-0.190522,0.000000) (0.230936,0.000000) (-0.196130,0.000000) (-0.230936,0.000000) (0.196130,0.000000) (-0.228834,0.000000) (0.190522,0.000000) (0.145849,0.000000) (0.000000,0.000000) (-0.145849,0.000000) (0.116204,0.000000) (-0.000000,0.000000) (-0.116204,0.000000) (-0.187909,0.000000) (0.225323,0.000000) (-0.182192,0.000000) (0.223226,0.000000) (0.182192,0.000000) (-0.223226,0.000000) (0.187909,0.000000) (-0.225323,0.000000) (-0.247809,0.000000) (-0.000000,0.000000) (0.247809,0.000000)
sd 8.31389 (0.121378,0.000000) (0.000000,0.000000) (-0.121378,0.000000) (-0.142518,0.000000) (0.197510,0.000000) (-0.144082,0.000000) (0.202082,0.000000) (0.144082,0.000000) (-0.202082,0.000000) (0.142518,0.000000) (-0.197510,0.000000) (-0.322375,0.000000) (-0.000000,0.000000) (0.322375,0.000000) (0.322999,0.000000) (-0.000000,0.000000) (-0.322999,0.000000) (-0.215567,0.000000) (0.152255,0.000000) (-0.210439,0.000000) (0.150528,0.000000) (0.210439,0.000000) (-0.150528,0.000000) (0.215567,0.000000) (-0.152255,0.000000) (-0.137803,0.000000) (0.000000,0.000000) (0.137803,0.000000)
su 8.31389 (0.137803,0.000000) (-0.000000,0.000000) (-0.137803,0.000000) (-0.152255,0.000000) (0.215567,0.000000) (-0.150528,0.000000) (0.210439,0.000000) (0.150528,0.000000) (-0.210439,0.000000) (0.152255,0.000000) (-0.215567,0.000000) (-0.322999,0.000000) (0.000000,0.000000) (0.322999,0.000000) (0.322375,0.000000) (0.000000,0.000000) (-0.322375,0.000000) (-0.197510,0.000000) (0.142518,0.000000) (-0.202082,0.000000) (0.144082,0.000000) (0.202082,0.000000) (-0.144082,0.000000) (0.197510,0.000000) (-0.142518,0.000000) (-0.121378,0.000000) (-0.000000,0.000000) (0.121378,0.000000)
sd 8.34739 (-0.172594,0.000000) (-0.237746,0.000000) (-0.172594,0.000000) (0.120356,0.000000) (-0.098199,0.000000) (0.289318,0.000000) (-0.242760,0.000000) (0.289318,0.000000) (-0.242760,0.000000) (0.120356,0.000000) (-0.098199,0.000000) (0.112000,0.000000) (0.162045,0.000000) (0.112000,0.000000) (0.088526,0.000000) (0.121843,0.000000) (0.088526,0.000000) (-0.094696,0.000000) (0.121422,0.000000) (-0.223515,0.000000) (0.295355,0.000000) (-0.223515,0.000000) (0.295355,0.000000) (-0.094696,0.000000) (0.121422,0.000000) (-0.188619,0.000000) (-0.274824,0.000000) (-0.188619,0.000000)
su 8.34739 (-0.188619,0.000000) (-0.274824,0.000000) (-0.188619,0.000000) (0.121422,0.000000) (-0.094696,0.000000) (0.295355,0.000000) (-0.223515,0.000000) (0.295355,0.000000) (-0.223515,0.000000) (0.121422,0.000000) (-0.094696,0.000000) (0.088526,0.000000) (0.121843,0.000000) (0.088526,0.000000) (0.112000,0.000000) (0.162045,0.000000) (0.112000,0.000000) (-0.098199,0.000000) (0.120356,0.000000) (-0.242760,0.000000) (0.289318,0.000000) (-0.242760,0.000000) (0.289318,0.000000) (-0.098199,0.000000) (0.120356,0.000000) (-0.172594,0.000000) (-0.237746,0.000000) (-0.172594,0.000000)
su 9.45685 (-0.105255,0.000000) (-0.152304,0.000000) (-0.105255,0.000000) (0.080852,0.000000) (-0.116621,0.000000) (0.194973,0.000000) (-0.276040,0.000000) (0.194973,0.000000) (-0.276040,0.000000) (0.080852,0.000000) (-0.116621,0.000000) (0.225625,0.000000) (0.317396,0.000000) (0.225625,0.000000) (-0.225619,0.000000) (-0.320716,0.000000) (-0.225619,0.000000) (0.108513,0.000000) (-0.075732,0.000000) (0.267085,0.000000) (-0.183227,0.000000) (0.267085,0.000000) (-0.183227,0.000000) (0.108513,0.000000) (-0.075732,0.000000) (0.092999,0.000000) (0.128817,0.000000) (0.092999,0.000000)
sd 9.45685 (-0.092999,0.000000) (-0.128817,0.000000) (-0.092999,0.000000) (0.075732,-0.000000) (-0.108513,0.000000) (0.183227,-0.000000) (-0.267085,0.000000) (0.183227,-0.000000) (-0.267085,0.000000) (0.075732,-0.000000) (-0.108513,0.000000) (0.225619,-0.000000) (0.320716,-0.000000) (0.225619,-0.000000) (-0.225625,0.000000) (-0.317396,0.000000) (-0.225625,0.000000) (0.116621,-0.000000) (-0.080852,0.000000) (0.276040,-0.000000) (-0.194973,0.000000) (0.276040,-0.000000) (-0.194973,0.000000) (0.116621,-0.000000) (-0.080852,0.000000) (0.105255,-0.000000) (0.152304,-0.000000) (0.105255,-0.000000)
