sd -4.76338 (0.214888,-0.000000) (0.303901,-0.000000) (0.214888,-0.000000) (0.151945,-0.000000) (0.151946,-0.000000) (0.366830,-0.000000) (0.366827,-0.000000) (0.366830,-0.000000) (0.366827,-0.000000) (0.151945,-0.000000) (0.151946,-0.000000) (0.214879,-0.000000) (0.303880,-0.000000) (0.214878,-0.000000)
su -4.76338 (-0.214879,0.000000) (-0.303880,0.000000) (-0.214878,0.000000) (-0.151946,0.000000) (-0.151945,0.000000) (-0.366827,0.000000) (-0.366830,0.000000) (-0.366827,0.000000) (-0.366830,0.000000) (-0.151946,0.000000) (-0.151945,0.000000) (-0.214888,0.000000) (-0.303901,0.000000) (-0.214888,0.000000)
sd -3.645 (0.288681,0.000000) (-0.000000,0.000000) (-0.288681,0.000000) (0.288673,0.000000) (0.288677,0.000000) (0.288674,0.000000) (0.288676,0.000000) (-0.288674,0.000000) (-0.288676,0.000000) (-0.288673,0.000000) (-0.288677,0.000000) (0.288670,0.000000) (0.000000,0.000000) (-0.288670,0.000000)
su -3.645 (0.288670,0.000000) (0.000000,0.000000) (-0.288670,0.000000) (0.288677,0.000000) (0.288673,0.000000) (0.288676,0.000000) (0.288674,0.000000) (-0.288676,0.000000) (-0.288674,0.000000) (-0.288677,0.000000) (-0.288673,0.000000) (0.288681,0.000000) (-0.000000,0.000000) (-0.288681,0.000000)
sd -2.06339 (-0.079526,0.000000) (-0.449043,0.000000) (-0.079526,0.000000) (0.205043,0.000000) (0.369510,0.000000) (-0.317507,0.000000) (0.079536,0.000000) (-0.317507,0.000000) (0.079536,0.000000) (0.205043,0.000000) (0.369510,0.000000) (0.317511,0.000000) (0.112474,0.000000) (0.317511,0.000000)
su -2.06339 (0.317514,0.000000) (0.112488,0.000000) (0.317514,0.000000) (0.369504,0.000000) (0.205032,0.000000) (0.079546,0.000000) (-0.317509,0.000000) (0.079546,0.000000) (-0.317509,0.000000) (0.369504,0.000000) (0.205032,0.000000) (-0.079536,0.000000) (-0.449047,0.000000) (-0.079536,0.000000)
sd -2.06336 (0.317522,0.000000) (0.112485,0.000000) (0.317522,0.000000) (0.369493,0.000000) (0.205031,0.000000) (0.079535,0.000000) (-0.317527,0.000000) (0.079535,0.000000) (-0.317527,0.000000) (0.369493,0.000000) (0.205031,0.000000) (-0.079545,0.000000) (-0.449030,0.000000) (-0.079545,0.000000)
su -2.06336 (-0.079535,0.000000) (-0.449027,0.000000) (-0.079535,0.000000) (0.205042,0.000000) (0.369499,0.000000) (-0.317525,0.000000) (0.079525,0.000000) (-0.317525,0.000000) (0.079525,0.000000) (0.205042,0.000000) (0.369499,0.000000) (0.317520,0.000000) (0.112471,0.000000) (0.317520,0.000000)
sd -0.945008 (0.288673,0.000000) (0.000000,0.000000) (-0.288673,0.000000) (-0.105672,0.000000) (-0.394349,0.000000) (0.394332,0.000000) (0.105671,0.000000) (-0.394332,0.000000) (-0.105671,0.000000) (0.105672,0.000000) (0.394349,0.000000) (-0.288663,0.000000) (-0.000000,0.000000) (0.288663,0.000000)
su -0.945008 (-0.288692,0.000000) (-0.000000,0.000000) (0.288692,0.000000) (-0.394339,0.000000) (-0.105633,0.000000) (0.105633,0.000000) (0.394321,0.000000) (-0.105633,0.000000) (-0.394321,0.000000) (0.394339,0.000000) (0.105633,0.000000) (0.288701,0.000000) (0.000000,0.000000) (-0.288701,0.000000)
sd -0.944992 (-0.288687,0.000000) (0.000000,0.000000) (0.288687,0.000000) (-0.394326,0.000000) (-0.105653,0.000000) (0.105654,0.000000) (0.394343,0.000000) (-0.105653,0.000000) (-0.394343,0.000000) (0.394326,0.000000) (0.105653,0.000000) (0.288678,0.000000) (-0.000000,0.000000) (-0.288678,0.000000)
su -0.944992 (0.288649,0.000000) (-0.000000,0.000000) (-0.288649,0.000000) (-0.105692,0.000000) (-0.394337,0.000000) (0.394354,0.000000) (0.105692,0.000000) (-0.394354,0.000000) (-0.105692,0.000000) (0.105692,0.000000) (0.394337,0.000000) (-0.288659,0.000000) (0.000000,0.000000) (0.288659,0.000000)
su 0.636623 (0.310919,0.000000) (-0.439705,0.000000) (0.310919,0.000000) (0.219884,0.000000) (-0.219849,0.000000) (-0.091082,0.000000) (0.091061,0.000000) (-0.091082,0.000000) (0.091061,0.000000) (0.219884,0.000000) (-0.219849,0.000000) (-0.310957,0.000000) (0.439760,0.000000) (-0.310957,0.000000)
sd 0.636623 (-0.310957,0.000000) (0.439760,0.000000) (-0.310957,0.000000) (-0.219849,0.000000) (0.219884,0.000000) (0.091061,0.000000) (-0.091082,0.000000) (0.091061,0.000000) (-0.091082,0.000000) (-0.219849,0.000000) (0.219884,0.000000) (0.310919,0.000000) (-0.439705,0.000000) (0.310919,0.000000)
su 2.87338 (-0.310957,0.000000) (0.439760,0.000000) (-0.310957,0.000000) (0.219849,0.000000) (0.219884,0.000000) (-0.091061,0.000000) (-0.091082,0.000000) (-0.091061,0.000000) (-0.091082,0.000000) (0.219849,0.000000) (0.219884,0.000000) (-0.310919,0.000000) (0.439705,0.000000) (-0.310919,0.000000)
sd 2.87338 (-0.310919,0.000000) (0.439705,0.000000) (-0.310919,0.000000) (0.219884,0.000000) (0.219849,0.000000) (-0.091082,0.000000) (-0.091061,0.000000) (-0.091082,0.000000) (-0.091061,0.000000) (0.219884,0.000000) (0.219849,0.000000) (-0.310957,0.000000) (0.439760,0.000000) (-0.310957,0.000000)
sd 4.45499 (-0.288649,0.000000) (0.000000,0.000000) (0.288649,0.000000) (-0.105692,0.000000) (0.394337,0.000000) (0.394354,0.000000) (-0.105692,-0.000000) (-0.394354,0.000000) (0.105692,0.000000) (0.105692,0.000000) (-0.394337,0.000000) (-0.288659,0.000000) (0.000000,0.000000) (0.288659,0.000000)
su 4.45499 (-0.288687,0.000000) (0.000000,0.000000) (0.288687,0.000000) (0.394326,0.000000) (-0.105653,0.000000) (-0.105654,0.000000) (0.394343,0.000000) (0.105653,0.000000) (-0.394343,0.000000) (-0.394326,0.000000) (0.105653,0.000000) (-0.288678,0.000000) (0.000000,0.000000) (0.288678,0.000000)
sd 4.45501 (-0.288692,0.000000) (-0.000000,0.000000) (0.288692,0.000000) (0.394339,0.000000) (-0.105633,0.000000) (-0.105633,0.000000) (0.394321,0.000000) (0.105633,0.000000) (-0.394321,0.000000) (-0.394339,0.000000) (0.105633,0.000000) (-0.288701,0.000000) (-0.000000,0.000000) (0.288701,0.000000)
su 4.45501 (0.288673,0.000000) (0.000000,0.000000) (-0.288673,0.000000) (0.105672,0.000000) (-0.394349,0.000000) (-0.394332,0.000000) (0.105671,0.000000) (0.394332,0.000000) (-0.105671,0.000000) (-0.105672,0.000000) (0.394349,0.000000) (0.288663,0.000000) (0.000000,0.000000) (-0.288663,0.000000)
sd 5.57336 (-0.079535,0.000000) (-0.449027,0.000000) (-0.079535,0.000000) (-0.205042,0.000000) (0.369499,0.000000) (0.317525,0.000000) (0.079525,0.000000) (0.317525,0.000000) (0.079525,0.000000) (-0.205042,0.000000) (0.369499,0.000000) (-0.317520,0.000000) (-0.112471,0.000000) (-0.317520,0.000000)
su 5.57336 (-0.317522,0.000000) (-0.112485,0.000000) (-0.317522,0.000000) (0.369493,0.000000) (-0.205031,0.000000) (0.079535,0.000000) (0.317527,0.000000) (0.079535,0.000000) (0.317527,0.000000) (0.369493,0.000000) (-0.205031,0.000000) (-0.079545,0.000000) (-0.449030,0.000000) (-0.079545,0.000000)
sd 5.57339 (0.317514,0.000000) (0.112488,0.000000) (0.317514,0.000000) (-0.369504,0.000000) (0.205032,0.000000) (-0.079546,0.000000) (-0.317509,0.000000) (-0.079546,0.000000) (-0.317509,0.000000) (-0.369504,0.000000) (0.205032,0.000000) (0.079536,0.000000) (0.449047,0.000000) (0.079536,0.000000)
su 5.57339 (0.079526,0.000000) (0.449043,0.000000) (0.079526,0.000000) (0.205043,0.000000) (-0.369510,0.000000) (-0.317507,0.000000) (-0.079536,0.000000) (-0.317507,0.000000) (-0.079536,0.000000) (0.205043,0.000000) (-0.369510,0.000000) (0.317511,0.000000) (0.112474,0.000000) (0.317511,0.000000)
sd 7.155 (0.288670,0.000000) (0.000000,0.000000) (-0.288670,0.000000) (-0.288677,0.000000) (0.288673,0.000000) (-0.288676,0.000000) (0.288674,0.000000) (0.288676,0.000000) (-0.288674,0.000000) (0.288677,0.000000) (-0.288673,0.000000) (-0.288681,0.000000) (0.000000,0.000000) (0.288681,0.000000)
su 7.155 (-0.288681,0.000000) (0.000000,0.000000) (0.288681,0.000000) (0.288673,0.000000) (-0.288677,0.000000) (0.288674,0.000000) (-0.288676,0.000000) (-0.288674,0.000000) (0.288676,0.000000) (-0.288673,0.000000) (0.288677,0.000000) (0.288670,0.000000) (0.000000,0.000000) (-0.288670,0.000000)
sd 8.27338 (0.214879,0.000000) (0.303880,0.000000) (0.214878,0.000000) (-0.151946,0.000000) (0.151945,0.000000) (-0.366827,0.000000) (0.366830,0.000000) (-0.366827,0.000000) (0.366830,0.000000) (-0.151946,0.000000) (0.151945,0.000000) (-0.214888,0.000000) (-0.303901,0.000000) (-0.214888,0.000000)
su 8.27338 (0.214888,0.000000) (0.303901,0.000000) (0.214888,0.000000) (-0.151945,0.000000) (0.151946,0.000000) (-0.366830,0.000000) (0.366827,0.000000) (-0.366830,0.000000) (0.366827,0.000000) (-0.151945,0.000000) (0.151946,0.000000) (-0.214879,0.000000) (-0.303880,0.000000) (-0.214878,0.000000)
