su -5.53966 (-0.098924,0.000000) (-0.139896,0.000000) (-0.098924,0.000000) (-0.078284,0.000000) (-0.112572,0.000000) (-0.188994,0.000000) (-0.271781,0.000000) (-0.188994,0.000000) (-0.271781,0.000000) (-0.078284,0.000000) (-0.112572,0.000000) (-0.225867,0.000000) (-0.319427,0.000000) (-0.225867,0.000000) (-0.225868,0.000000) (-0.319423,0.000000) (-0.225868,0.000000) (-0.112583,0.000000) (-0.078291,0.000000) (-0.271793,0.000000) (-0.189010,0.000000) (-0.271793,0.000000) (-0.189010,0.000000) (-0.112583,0.000000) (-0.078291,0.000000) (-0.098941,0.000000) (-0.139928,0.000000) (-0.098941,0.000000)
sd -5.53966 (0.098941,0.000000) (0.139928,-0.000000) (0.098941,-0.000000) (0.078291,0.000000) (0.112583,0.000000) (0.189010,0.000000) (0.271793,0.000000) (0.189010,-0.000000) (0.271793,-0.000000) (0.078291,-0.000000) (0.112583,-0.000000) (0.225868,0.000000) (0.319423,-0.000000) (0.225868,-0.000000) (0.225867,0.000000) (0.319427,-0.000000) (0.225867,-0.000000) (0.112572,0.000000) (0.078284,0.000000) (0.271781,0.000000) (0.188994,0.000000) (0.271781,-0.000000) (0.188994,-0.000000) (0.112572,-0.000000) (0.078284,-0.000000) (0.098924,0.000000) (0.139896,-0.000000) (0.098924,-0.000000)
sd -4.42745 (0.180798,0.000000) (0.255697,0.000000) (0.180798,0.000000) (0.121249,0.000000) (0.096843,0.000000) (0.292722,0.000000) (0.233791,0.000000) (0.292722,0.000000) (0.233791,0.000000) (0.121249,0.000000) (0.096843,0.000000) (0.100492,0.000000) (0.142112,0.000000) (0.100492,0.000000) (-0.100524,0.000000) (-0.142167,0.000000) (-0.100524,0.000000) (-0.096848,0.000000) (-0.121247,0.000000) (-0.233818,0.000000) (-0.292713,0.000000) (-0.233818,0.000000) (-0.292713,0.000000) (-0.096848,0.000000) (-0.121247,0.000000) (-0.180776,0.000000) (-0.255646,0.000000) (-0.180776,0.000000)
su -4.42745 (0.180776,0.000000) (0.255646,0.000000) (0.180776,0.000000) (0.121247,0.000000) (0.096848,0.000000) (0.292713,0.000000) (0.233818,0.000000) (0.292713,0.000000) (0.233818,0.000000) (0.121247,0.000000) (0.096848,0.000000) (0.100524,0.000000) (0.142167,0.000000) (0.100524,0.000000) (-0.100492,0.000000) (-0.142112,0.000000) (-0.100492,0.000000) (-0.096843,0.000000) (-0.121249,0.000000) (-0.233791,0.000000) (-0.292722,0.000000) (-0.233791,0.000000) (-0.292722,0.000000) (-0.096843,0.000000) (-0.121249,0.000000) (-0.180798,0.000000) (-0.255697,0.000000) (-0.180798,0.000000)
su -4.39672 (-0.129441,0.000000) (0.000000,0.000000) (0.129441,-0.000000) (-0.147466,0.000000) (-0.206540,0.000000) (-0.147468,0.000000) (-0.206546,0.000000) (0.147468,-0.000000) (0.206546,-0.000000) (0.147466,-0.000000) (0.206540,-0.000000) (-0.323137,0.000000) (0.000000,0.000000) (0.323137,-0.000000) (-0.323139,0.000000) (-0.000000,0.000000) (0.323139,-0.000000) (-0.206564,0.000000) (-0.147480,0.000000) (-0.206558,0.000000) (-0.147478,0.000000) (0.206558,-0.000000) (0.147478,-0.000000) (0.206564,-0.000000) (0.147480,-0.000000) (-0.129463,0.000000) (-0.000000,0.000000) (0.129463,-0.000000)
sd -4.39672 (-0.129463,0.000000) (-0.000000,0.000000) (0.129463,0.000000) (-0.147480,0.000000) (-0.206564,0.000000) (-0.147478,0.000000) (-0.206558,0.000000) (0.147478,0.000000) (0.206558,0.000000) (0.147480,0.000000) (0.206564,0.000000) (-0.323139,0.000000) (-0.000000,0.000000) (0.323139,0.000000) (-0.323137,0.000000) (0.000000,0.000000) (0.323137,0.000000) (-0.206540,0.000000) (-0.147466,0.000000) (-0.206546,0.000000) (-0.147468,0.000000) (0.206546,0.000000) (0.147468,0.000000) (0.206540,0.000000) (0.147466,0.000000) (-0.129441,0.000000) (0.000000,0.000000) (0.129441,0.000000)
su -3.35129 (0.240309,0.000000) (0.000000,0.000000) (-0.240309,0.000000) (0.227250,0.000000) (0.189459,0.000000) (0.227253,0.000000) (0.189467,0.000000) (-0.227253,0.000000) (-0.189467,0.000000) (-0.227250,0.000000) (-0.189459,0.000000) (0.131077,0.000000) (-0.000000,0.000000) (-0.131077,0.000000) (-0.131036,0.000000) (-0.000000,0.000000) (0.131036,0.000000) (-0.189455,0.000000) (-0.227246,0.000000) (-0.189447,0.000000) (-0.227243,0.000000) (0.189447,0.000000) (0.227243,0.000000) (0.189455,0.000000) (0.227246,0.000000) (-0.240329,0.000000) (0.000000,0.000000) (0.240329,0.000000)
sd -3.35129 (0.240329,0.000000) (-0.000000,0.000000) (-0.240329,0.000000) (0.227246,0.000000) (0.189455,0.000000) (0.227243,0.000000) (0.189447,0.000000) (-0.227243,0.000000) (-0.189447,0.000000) (-0.227246,0.000000) (-0.189455,0.000000) (0.131036,0.000000) (0.000000,0.000000) (-0.131036,0.000000) (-0.131077,0.000000) (0.000000,0.000000) (0.131077,0.000000) (-0.189459,0.000000) (-0.227250,0.000000) (-0.189467,0.000000) (-0.227253,0.000000) (0.189467,0.000000) (0.227253,0.000000) (0.189459,0.000000) (0.227250,0.000000) (-0.240309,0.000000) (-0.000000,0.000000) (0.240309,0.000000)
sd -2.82922 (-0.223286,0.000000) (-0.315801,0.000000) (-0.223286,0.000000) (-0.111021,0.000000) (0.034781,0.000000) (-0.268062,0.000000) (0.083943,0.000000) (-0.268062,0.000000) (0.083943,0.000000) (-0.111021,0.000000) (0.034781,0.000000) (0.170072,0.000000) (0.240511,0.000000) (0.170072,0.000000) (0.170042,0.000000) (0.240483,0.000000) (0.170042,0.000000) (0.034737,0.000000) (-0.111059,0.000000) (0.083890,0.000000) (-0.268088,0.000000) (0.083890,0.000000) (-0.268088,0.000000) (0.034737,0.000000) (-0.111059,0.000000) (-0.223295,0.000000) (-0.315760,0.000000) (-0.223295,0.000000)
su -2.82922 (-0.223295,0.000000) (-0.315760,0.000000) (-0.223295,0.000000) (-0.111059,0.000000) (0.034737,0.000000) (-0.268088,0.000000) (0.083890,0.000000) (-0.268088,0.000000) (0.083890,0.000000) (-0.111059,0.000000) (0.034737,0.000000) (0.170042,0.000000) (0.240483,0.000000) (0.170042,0.000000) (0.170072,0.000000) (0.240511,0.000000) (0.170072,0.000000) (0.034781,0.000000) (-0.111021,0.000000) (0.083943,0.000000) (-0.268062,0.000000) (0.083943,0.000000) (-0.268062,0.000000) (0.034781,0.000000) (-0.111021,0.000000) (-0.223286,0.000000) (-0.315801,0.000000) (-0.223286,0.000000)
su -2.72047 (-0.071458,0.000000) (0.101040,0.000000) (-0.071458,0.000000) (-0.202206,0.000000) (-0.263704,0.000000) (0.083751,0.000000) (0.109238,0.000000) (0.083751,0.000000) (0.109238,0.000000) (-0.202206,0.000000) (-0.263704,0.000000) (-0.234932,0.000000) (0.332256,0.000000) (-0.234932,0.000000) (-0.234941,0.000000) (0.332244,0.000000) (-0.234941,0.000000) (-0.263757,0.000000) (-0.202232,0.000000) (0.109244,0.000000) (0.083773,0.000000) (0.109244,0.000000) (0.083773,0.000000) (-0.263757,0.000000) (-0.202232,0.000000) (-0.071470,0.000000) (0.101090,0.000000) (-0.071470,0.000000)
sd -2.72047 (0.071470,0.000000) (-0.101090,0.000000) (0.071470,0.000000) (0.202232,0.000000) (0.263757,0.000000) (-0.083773,0.000000) (-0.109244,0.000000) (-0.083773,0.000000) (-0.109244,0.000000) (0.202232,0.000000) (0.263757,0.000000) (0.234941,0.000000) (-0.332244,0.000000) (0.234941,0.000000) (0.234932,0.000000) (-0.332256,0.000000) (0.234932,0.000000) (0.263704,0.000000) (0.202206,0.000000) (-0.109238,0.000000) (-0.083751,0.000000) (-0.109238,0.000000) (-0.083751,0.000000) (0.263704,0.000000) (0.202206,0.000000) (0.071458,0.000000) (-0.101040,0.000000) (0.071458,0.000000)
su -1.88084 (0.134173,0.000000) (-0.189771,0.000000) (0.134173,0.000000) (0.308484,0.000000) (0.281218,0.000000) (-0.127791,0.000000) (-0.116481,0.000000) (-0.127791,0.000000) (-0.116481,0.000000) (0.308484,0.000000) (0.281218,0.000000) (0.070233,0.000000) (-0.099301,0.000000) (0.070233,0.000000) (-0.070163,0.000000) (0.099250,0.000000) (-0.070163,0.000000) (-0.281197,0.000000) (-0.308472,0.000000) (0.116479,0.000000) (0.127760,0.000000) (0.116479,0.000000) (0.127760,0.000000) (-0.281197,0.000000) (-0.308472,0.000000) (-0.134209,0.000000) (0.189778,0.000000) (-0.134209,0.000000)
sd -1.88084 (0.134209,0.000000) (-0.189778,0.000000) (0.134209,0.000000) (0.308472,0.000000) (0.281197,0.000000) (-0.127760,0.000000) (-0.116479,0.000000) (-0.127760,0.000000) (-0.116479,0.000000) (0.308472,0.000000) (0.281197,0.000000) (0.070163,0.000000) (-0.099250,0.000000) (0.070163,0.000000) (-0.070233,0.000000) (0.099301,0.000000) (-0.070233,0.000000) (-0.281218,0.000000) (-0.308484,0.000000) (0.116481,0.000000) (0.127791,0.000000) (0.116481,0.000000) (0.127791,0.000000) (-0.281218,0.000000) (-0.308484,0.000000) (-0.134173,0.000000) (0.189771,0.000000) (-0.134173,0.000000)
su -1.80206 (-0.310289,0.000000) (-0.000000,0.000000) (0.310289,0.000000) (-0.204412,0.000000) (0.041001,0.000000) (-0.204405,0.000000) (0.041008,0.000000) (0.204405,0.000000) (-0.041008,0.000000) (0.204412,0.000000) (-0.041001,0.000000) (0.258431,0.000000) (0.000000,0.000000) (-0.258431,0.000000) (0.258445,0.000000) (-0.000000,0.000000) (-0.258445,0.000000) (0.041036,0.000000) (-0.204387,0.000000) (0.041029,0.000000) (-0.204394,0.000000) (-0.041029,0.000000) (0.204394,0.000000) (-0.041036,0.000000) (0.204387,0.000000) (-0.310312,0.000000) (0.000000,0.000000) (0.310312,0.000000)
sd -1.80206 (-0.310312,0.000000) (0.000000,0.000000) (0.310312,0.000000) (-0.204387,0.000000) (0.041036,0.000000) (-0.204394,0.000000) (0.041029,0.000000) (0.204394,0.000000) (-0.041029,0.000000) (0.204387,0.000000) (-0.041036,0.000000) (0.258445,0.000000) (-0.000000,0.000000) (-0.258445,0.000000) (0.258431,0.000000) (0.000000,0.000000) (-0.258431,0.000000) (0.041001,0.000000) (-0.204412,0.000000) (0.041008,0.000000) (-0.204405,0.000000) (-0.041008,0.000000) (0.204405,0.000000) (-0.041001,0.000000) (0.204412,0.000000) (-0.310289,0.000000) (-0.000000,0.000000) (0.310289,0.000000)
sd -1.24144 (-0.180734,0.000000) (-0.255621,0.000000) (-0.180734,0.000000) (-0.058739,0.000000) (0.115543,0.000000) (-0.141818,0.000000) (0.278959,0.000000) (-0.141818,0.000000) (0.278959,0.000000) (-0.058739,0.000000) (0.115543,0.000000) (0.186956,0.000000) (0.264439,0.000000) (0.186956,0.000000) (-0.187011,0.000000) (-0.264430,0.000000) (-0.187011,0.000000) (-0.115548,0.000000) (0.058765,0.000000) (-0.278942,0.000000) (0.141862,0.000000) (-0.278942,0.000000) (0.141862,0.000000) (-0.115548,0.000000) (0.058766,0.000000) (0.180762,0.000000) (0.255612,0.000000) (0.180762,0.000000)
su -1.24144 (-0.180762,0.000000) (-0.255612,0.000000) (-0.180762,0.000000) (-0.058765,0.000000) (0.115548,0.000000) (-0.141862,0.000000) (0.278942,0.000000) (-0.141862,0.000000) (0.278942,0.000000) (-0.058766,0.000000) (0.115548,0.000000) (0.187011,0.000000) (0.264430,0.000000) (0.187011,0.000000) (-0.186956,0.000000) (-0.264439,0.000000) (-0.186956,0.000000) (-0.115543,0.000000) (0.058739,0.000000) (-0.278959,0.000000) (0.141818,0.000000) (-0.278959,0.000000) (0.141818,0.000000) (-0.115543,0.000000) (0.058739,0.000000) (0.180734,0.000000) (0.255621,0.000000) (0.180734,0.000000)
su -0.945027 (0.000013,0.000000) (-0.000000,0.000000) (-0.000013,0.000000) (0.000012,0.000000) (-0.000001,0.000000) (0.000001,0.000000) (-0.000012,0.000000) (-0.000001,0.000000) (0.000012,0.000000) (-0.000012,0.000000) (0.000001,0.000000) (-0.000013,0.000000) (0.000000,0.000000) (0.000013,0.000000) (-0.000000,0.000000) (0.000000,0.000000) (0.000000,0.000000) (0.353570,0.000000) (0.353539,0.000000) (-0.353557,0.000000) (-0.353548,0.000000) (0.353557,0.000000) (0.353548,0.000000) (-0.353570,0.000000) (-0.353539,0.000000) (-0.000009,0.000000) (-0.000000,0.000000) (0.000009,0.000000)
sd -0.945027 (0.000009,0.000000) (0.000000,0.000000) (-0.000009,-0.000000) (-0.353539,0.000000) (-0.353570,0.000000) (0.353548,0.000000) (0.353557,0.000000) (-0.353548,0.000000) (-0.353557,0.000000) (0.353539,0.000000) (0.353570,0.000000) (0.000000,0.000000) (-0.000000,0.000000) (-0.000000,0.000000) (0.000013,0.000000) (-0.000000,0.000000) (-0.000013,0.000000) (0.000001,0.000000) (-0.000012,0.000000) (0.000012,0.000000) (-0.000001,0.000000) (-0.000012,0.000000) (0.000001,0.000000) (-0.000001,0.000000) (0.000012,0.000000) (-0.000013,0.000000) (0.000000,0.000000) (0.000013,0.000000)
su -0.944973 (-0.000009,0.000000) (-0.000000,0.000000) (0.000009,0.000000) (-0.353568,0.000000) (-0.353537,0.000000) (0.353559,0.000000) (0.353550,0.000000) (-0.353559,0.000000) (-0.353550,0.000000) (0.353568,0.000000) (0.353537,0.000000) (0.000000,0.000000) (0.000000,0.000000) (-0.000000,0.000000) (-0.000013,0.000000) (0.000000,0.000000) (0.000013,0.000000) (-0.000001,0.000000) (0.000012,0.000000) (-0.000012,0.000000) (0.000001,0.000000) (0.000012,0.000000) (-0.000001,0.000000) (0.000001,0.000000) (-0.000012,0.000000) (0.000013,0.000000) (-0.000000,0.000000) (-0.000013,0.000000)
sd -0.944973 (-0.000013,0.000000) (0.000000,0.000000) (0.000013,0.000000) (-0.000012,0.000000) (0.000001,0.000000) (-0.000001,0.000000) (0.000012,0.000000) (0.000001,0.000000) (-0.000012,0.000000) (0.000012,0.000000) (-0.000001,0.000000) (0.000013,0.000000) (-0.000000,0.000000) (-0.000013,0.000000) (-0.000000,0.000000) (-0.000000,0.000000) (0.000000,0.000000) (0.353537,0.000000) (0.353568,0.000000) (-0.353550,0.000000) (-0.353559,0.000000) (0.353550,0.000000) (0.353559,0.000000) (-0.353537,0.000000) (-0.353568,0.000000) (0.000009,0.000000) (0.000000,0.000000) (-0.000009,0.000000)
su -0.584419 (0.180080,0.000000) (-0.254694,0.000000) (0.180080,0.000000) (0.266414,0.000000) (0.050741,0.000000) (-0.110364,0.000000) (-0.021006,0.000000) (-0.110364,0.000000) (-0.021006,0.000000) (0.266414,0.000000) (0.050741,0.000000) (-0.222444,0.000000) (0.314607,0.000000) (-0.222444,0.000000) (-0.222461,0.000000) (0.314585,0.000000) (-0.222461,0.000000) (0.050689,0.000000) (0.266376,0.000000) (-0.021007,0.000000) (-0.110324,0.000000) (-0.021007,0.000000) (-0.110324,0.000000) (0.050689,0.000000) (0.266376,0.000000) (0.180126,0.000000) (-0.254714,0.000000) (0.180126,0.000000)
sd -0.584419 (-0.180126,0.000000) (0.254714,0.000000) (-0.180126,0.000000) (-0.266376,0.000000) (-0.050689,0.000000) (0.110324,0.000000) (0.021007,0.000000) (0.110324,0.000000) (0.021007,0.000000) (-0.266376,0.000000) (-0.050689,0.000000) (0.222461,0.000000) (-0.314585,0.000000) (0.222461,0.000000) (0.222444,0.000000) (-0.314607,0.000000) (0.222444,0.000000) (-0.050741,0.000000) (-0.266414,0.000000) (0.021006,0.000000) (0.110364,0.000000) (0.021006,0.000000) (0.110364,0.000000) (-0.050741,0.000000) (-0.266414,0.000000) (-0.180080,0.000000) (0.254694,0.000000) (-0.180080,0.000000)
sd -0.147486 (-0.281434,0.000000) (-0.000000,0.000000) (0.281434,0.000000) (-0.099151,0.000000) (0.211564,0.000000) (-0.099124,0.000000) (0.211584,0.000000) (0.099124,0.000000) (-0.211584,0.000000) (0.099151,0.000000) (-0.211564,0.000000) (0.248204,0.000000) (0.000000,0.000000) (-0.248204,0.000000) (-0.248247,0.000000) (0.000000,0.000000) (0.248247,0.000000) (-0.211566,0.000000) (0.099151,0.000000) (-0.211546,0.000000) (0.099178,0.000000) (0.211546,0.000000) (-0.099178,0.000000) (0.211566,0.000000) (-0.099151,0.000000) (0.281426,0.000000) (-0.000000,0.000000) (-0.281426,0.000000)
su -0.147486 (0.281426,0.000000) (-0.000000,0.000000) (-0.281426,0.000000) (0.099151,0.000000) (-0.211566,0.000000) (0.099178,0.000000) (-0.211546,0.000000) (-0.099178,0.000000) (0.211546,0.000000) (-0.099151,0.000000) (0.211566,0.000000) (-0.248247,0.000000) (0.000000,0.000000) (0.248247,0.000000) (0.248204,0.000000) (0.000000,0.000000) (-0.248204,0.000000) (0.211564,0.000000) (-0.099151,0.000000) (0.211584,0.000000) (-0.099124,0.000000) (-0.211584,0.000000) (0.099124,0.000000) (-0.211564,0.000000) (0.099151,0.000000) (-0.281434,0.000000) (-0.000000,0.000000) (0.281434,0.000000)
sd 1.27595 (-0.263610,0.000000) (0.372801,0.000000) (-0.263610,0.000000) (-0.079780,0.000000) (0.249451,0.000000) (0.033037,0.000000) (-0.103327,0.000000) (0.033037,0.000000) (-0.103327,0.000000) (-0.079780,0.000000) (0.249451,0.000000) (0.124015,0.000000) (-0.175381,0.000000) (0.124015,0.000000) (-0.124114,0.000000) (0.175527,0.000000) (-0.124114,0.000000) (-0.249287,0.000000) (0.079860,0.000000) (0.103257,0.000000) (-0.033088,0.000000) (0.103257,0.000000) (-0.033088,0.000000) (-0.249287,0.000000) (0.079860,0.000000) (0.263452,0.000000) (-0.372578,0.000000) (0.263452,0.000000)
su 1.27595 (0.263452,0.000000) (-0.372578,0.000000) (0.263452,0.000000) (0.079860,0.000000) (-0.249287,0.000000) (-0.033088,0.000000) (0.103257,0.000000) (-0.033088,0.000000) (0.103257,0.000000) (0.079860,0.000000) (-0.249287,0.000000) (-0.124114,0.000000) (0.175527,0.000000) (-0.124114,0.000000) (0.124015,0.000000) (-0.175381,0.000000) (0.124015,0.000000) (0.249451,0.000000) (-0.079780,0.000000) (-0.103327,0.000000) (0.033037,0.000000) (-0.103327,0.000000) (0.033037,0.000000) (0.249451,0.000000) (-0.079780,0.000000) (-0.263610,0.000000) (0.372801,0.000000) (-0.263610,0.000000)
sd 2.23405 (-0.263452,0.000000) (0.372578,0.000000) (-0.263452,0.000000) (0.079860,0.000000) (0.249287,0.000000) (-0.033088,0.000000) (-0.103257,0.000000) (-0.033088,0.000000) (-0.103257,0.000000) (0.079860,0.000000) (0.249287,0.000000) (-0.124114,0.000000) (0.175527,0.000000) (-0.124114,0.000000) (-0.124015,0.000000) (0.175381,0.000000) (-0.124015,0.000000) (0.249451,0.000000) (0.079780,0.000000) (-0.103327,0.000000) (-0.033037,0.000000) (-0.103327,0.000000) (-0.033037,0.000000) (0.249451,0.000000) (0.079780,0.000000) (-0.263610,0.000000) (0.372801,0.000000) (-0.263610,0.000000)
su 2.23405 (-0.263610,0.000000) (0.372801,0.000000) (-0.263610,0.000000) (0.079780,0.000000) (0.249451,0.000000) (-0.033037,0.000000) (-0.103327,0.000000) (-0.033037,0.000000) (-0.103327,0.000000) (0.079780,0.000000) (0.249451,0.000000) (-0.124015,0.000000) (0.175381,0.000000) (-0.124015,0.000000) (-0.124114,0.000000) (0.175527,0.000000) (-0.124114,0.000000) (0.249287,0.000000) (0.079860,0.000000) (-0.103257,0.000000) (-0.033088,0.000000) (-0.103257,0.000000) (-0.033088,0.000000) (0.249287,0.000000) (0.079860,0.000000) (-0.263452,0.000000) (0.372578,0.000000) (-0.263452,0.000000)
sd 3.65749 (-0.281426,0.000000) (0.000000,0.000000) (0.281426,0.000000) (0.099151,0.000000) (0.211566,0.000000) (0.099178,0.000000) (0.211546,0.000000) (-0.099178,0.000000) (-0.211546,0.000000) (-0.099151,0.000000) (-0.211566,0.000000) (-0.248247,0.000000) (0.000000,0.000000) (0.248247,0.000000) (-0.248204,0.000000) (-0.000000,0.000000) (0.248204,0.000000) (0.211564,0.000000) (0.099151,0.000000) (0.211584,0.000000) (0.099124,0.000000) (-0.211584,0.000000) (-0.099124,0.000000) (-0.211564,0.000000) (-0.099151,0.000000) (-0.281434,0.000000) (-0.000000,0.000000) (0.281434,0.000000)
su 3.65749 (0.281434,0.000000) (0.000000,0.000000) (-0.281434,0.000000) (-0.099151,0.000000) (-0.211564,0.000000) (-0.099124,0.000000) (-0.211584,0.000000) (0.099124,0.000000) (0.211584,0.000000) (0.099151,0.000000) (0.211564,0.000000) (0.248204,0.000000) (0.000000,0.000000) (-0.248204,0.000000) (0.248247,0.000000) (-0.000000,0.000000) (-0.248247,0.000000) (-0.211566,0.000000) (-0.099151,0.000000) (-0.211546,0.000000) (-0.099178,0.000000) (0.211546,0.000000) (0.099178,0.000000) (0.211566,0.000000) (0.099151,0.000000) (0.281426,0.000000) (-0.000000,0.000000) (-0.281426,0.000000)
su 4.09442 (-0.180126,0.000000) (0.254714,0.000000) (-0.180126,0.000000) (0.266376,0.000000) (-0.050689,0.000000) (-0.110324,0.000000) (0.021007,0.000000) (-0.110324,0.000000) (0.021007,0.000000) (0.266376,0.000000) (-0.050689,0.000000) (-0.222461,0.000000) (0.314585,0.000000) (-0.222461,0.000000) (0.222444,0.000000) (-0.314607,0.000000) (0.222444,0.000000) (0.050741,0.000000) (-0.266414,0.000000) (-0.021006,0.000000) (0.110364,0.000000) (-0.021006,0.000000) (0.110364,0.000000) (0.050741,0.000000) (-0.266414,0.000000) (0.180080,0.000000) (-0.254694,0.000000) (0.180080,0.000000)
sd 4.09442 (0.180080,0.000000) (-0.254694,0.000000) (0.180080,0.000000) (-0.266414,0.000000) (0.050741,0.000000) (0.110364,0.000000) (-0.021006,0.000000) (0.110364,0.000000) (-0.021006,0.000000) (-0.266414,0.000000) (0.050741,0.000000) (0.222444,0.000000) (-0.314607,0.000000) (0.222444,0.000000) (-0.222461,0.000000) (0.314585,0.000000) (-0.222461,0.000000) (-0.050689,0.000000) (0.266376,0.000000) (0.021007,0.000000) (-0.110324,0.000000) (0.021007,0.000000) (-0.110324,0.000000) (-0.050689,0.000000) (0.266376,0.000000) (-0.180126,0.000000) (0.254714,0.000000) (-0.180126,0.000000)
su 4.45497 (-0.000013,0.000000) (0.000000,0.000000) (0.000013,0.000000) (0.000012,0.000000) (0.000001,0.000000) (0.000001,0.000000) (0.000012,0.000000) (-0.000001,0.000000) (-0.000012,0.000000) (-0.000012,0.000000) (-0.000001,0.000000) (-0.000013,0.000000) (0.000000,0.000000) (0.000013,0.000000) (-0.000000,0.000000) (-0.000000,0.000000) (0.000000,0.000000) (-0.353537,0.000000) (0.353568,0.000000) (0.353550,0.000000) (-0.353559,0.000000) (-0.353550,0.000000) (0.353559,0.000000) (0.353537,0.000000) (-0.353568,0.000000) (-0.000009,0.000000) (-0.000000,0.000000) (0.000009,0.000000)
sd 4.45497 (0.000009,0.000000) (0.000000,0.000000) (-0.000009,-0.000000) (-0.353568,0.000000) (0.353537,0.000000) (0.353559,0.000000) (-0.353550,0.000000) (-0.353559,0.000000) (0.353550,0.000000) (0.353568,0.000000) (-0.353537,0.000000) (0.000000,0.000000) (0.000000,0.000000) (-0.000000,0.000000) (0.000013,0.000000) (-0.000000,-0.000000) (-0.000013,-0.000000) (-0.000001,0.000000) (-0.000012,-0.000000) (-0.000012,-0.000000) (-0.000001,0.000000) (0.000012,0.000000) (0.000001,0.000000) (0.000001,0.000000) (0.000012,0.000000) (0.000013,0.000000) (-0.000000,0.000000) (-0.000013,-0.000000)
su 4.45503 (0.000009,0.000000) (0.000000,0.000000) (-0.000009,0.000000) (0.353539,0.000000) (-0.353570,0.000000) (-0.353548,0.000000) (0.353557,0.000000) (0.353548,0.000000) (-0.353557,0.000000) (-0.353539,0.000000) (0.353570,0.000000) (-0.000000,0.000000) (0.000000,0.000000) (0.000000,0.000000) (0.000013,0.000000) (-0.000000,0.000000) (-0.000013,0.000000) (-0.000001,0.000000) (-0.000012,0.000000) (-0.000012,0.000000) (-0.000001,0.000000) (0.000012,0.000000) (0.000001,0.000000) (0.000001,0.000000) (0.000012,0.000000) (0.000013,0.000000) (-0.000000,0.000000) (-0.000013,0.000000)
sd 4.45503 (-0.000013,0.000000) (0.000000,0.000000) (0.000013,0.000000) (0.000012,0.000000) (0.000001,0.000000) (0.000001,0.000000) (0.000012,0.000000) (-0.000001,0.000000) (-0.000012,0.000000) (-0.000012,0.000000) (-0.000001,0.000000) (-0.000013,0.000000) (0.000000,0.000000) (0.000013,0.000000) (0.000000,0.000000) (-0.000000,0.000000) (-0.000000,0.000000) (0.353570,0.000000) (-0.353539,0.000000) (-0.353557,0.000000) (0.353548,0.000000) (0.353557,0.000000) (-0.353548,0.000000) (-0.353570,0.000000) (0.353539,0.000000) (-0.000009,0.000000) (-0.000000,0.000000) (0.000009,0.000000)
sd 4.75144 (0.180762,0.000000) (0.255612,0.000000) (0.180762,0.000000) (-0.058765,0.000000) (-0.115548,0.000000) (-0.141862,0.000000) (-0.278942,0.000000) (-0.141862,0.000000) (-0.278942,0.000000) (-0.058766,0.000000) (-0.115548,0.000000) (0.187011,0.000000) (0.264430,0.000000) (0.187011,0.000000) (0.186956,0.000000) (0.264439,0.000000) (0.186956,0.000000) (-0.115543,0.000000) (-0.058739,0.000000) (-0.278959,0.000000) (-0.141818,0.000000) (-0.278959,0.000000) (-0.141818,0.000000) (-0.115543,0.000000) (-0.058739,0.000000) (0.180734,0.000000) (0.255621,0.000000) (0.180734,0.000000)
su 4.75144 (0.180734,0.000000) (0.255621,0.000000) (0.180734,0.000000) (-0.058739,0.000000) (-0.115543,0.000000) (-0.141818,0.000000) (-0.278959,0.000000) (-0.141818,0.000000) (-0.278959,0.000000) (-0.058739,0.000000) (-0.115543,0.000000) (0.186956,0.000000) (0.264439,0.000000) (0.186956,0.000000) (0.187011,0.000000) (0.264430,0.000000) (0.187011,0.000000) (-0.115548,0.000000) (-0.058765,0.000000) (-0.278942,0.000000) (-0.141862,0.000000) (-0.278942,0.000000) (-0.141862,0.000000) (-0.115548,0.000000) (-0.058766,0.000000) (0.180762,0.000000) (0.255612,0.000000) (0.180762,0.000000)
su 5.31206 (-0.310312,0.000000) (0.000000,0.000000) (0.310312,0.000000) (0.204387,0.000000) (0.041036,0.000000) (0.204394,0.000000) (0.041029,0.000000) (-0.204394,0.000000) (-0.041029,0.000000) (-0.204387,0.000000) (-0.041036,0.000000) (-0.258445,0.000000) (0.000000,0.000000) (0.258445,0.000000) (0.258431,0.000000) (0.000000,0.000000) (-0.258431,0.000000) (-0.041001,0.000000) (-0.204412,0.000000) (-0.041008,0.000000) (-0.204405,0.000000) (0.041008,0.000000) (0.204405,0.000000) (0.041001,0.000000) (0.204412,0.000000) (0.310289,0.000000) (0.000000,0.000000) (-0.310289,0.000000)
sd 5.31206 (0.310289,0.000000) (0.000000,0.000000) (-0.310289,0.000000) (-0.204412,0.000000) (-0.041001,0.000000) (-0.204405,0.000000) (-0.041008,0.000000) (0.204405,0.000000) (0.041008,0.000000) (0.204412,0.000000) (0.041001,0.000000) (0.258431,0.000000) (0.000000,0.000000) (-0.258431,0.000000) (-0.258445,0.000000) (0.000000,0.000000) (0.258445,0.000000) (0.041036,0.000000) (0.204387,0.000000) (0.041029,0.000000) (0.204394,0.000000) (-0.041029,0.000000) (-0.204394,0.000000) (-0.041036,0.000000) (-0.204387,0.000000) (-0.310312,0.000000) (0.000000,0.000000) (0.310312,0.000000)
su 5.39084 (0.134209,0.000000) (-0.189778,0.000000) (0.134209,0.000000) (-0.308472,0.000000) (0.281197,0.000000) (0.127760,0.000000) (-0.116479,0.000000) (0.127760,0.000000) (-0.116479,0.000000) (-0.308472,0.000000) (0.281197,0.000000) (-0.070163,0.000000) (0.099250,0.000000) (-0.070163,0.000000) (-0.070233,0.000000) (0.099301,0.000000) (-0.070233,0.000000) (0.281218,0.000000) (-0.308484,0.000000) (-0.116481,0.000000) (0.127791,0.000000) (-0.116481,0.000000) (0.127791,0.000000) (0.281218,0.000000) (-0.308484,0.000000) (0.134173,0.000000) (-0.189771,0.000000) (0.134173,0.000000)
sd 5.39084 (-0.134173,0.000000) (0.189771,0.000000) (-0.134173,0.000000) (0.308484,0.000000) (-0.281218,0.000000) (-0.127791,0.000000) (0.116481,0.000000) (-0.127791,0.000000) (0.116481,0.000000) (0.308484,0.000000) (-0.281218,0.000000) (0.070233,0.000000) (-0.099301,0.000000) (0.070233,0.000000) (0.070163,0.000000) (-0.099250,0.000000) (0.070163,0.000000) (-0.281197,0.000000) (0.308472,0.000000) (0.116479,0.000000) (-0.127760,0.000000) (0.116479,0.000000) (-0.127760,0.000000) (-0.281197,0.000000) (0.308472,0.000000) (-0.134209,0.000000) (0.189778,0.000000) (-0.134209,0.000000)
su 6.23047 (-0.071470,0.000000) (0.101090,0.000000) (-0.071470,0.000000) (0.202232,0.000000) (-0.263757,0.000000) (-0.083773,0.000000) (0.109244,0.000000) (-0.083773,0.000000) (0.109244,0.000000) (0.202232,0.000000) (-0.263757,0.000000) (0.234941,0.000000) (-0.332244,0.000000) (0.234941,0.000000) (-0.234932,0.000000) (0.332256,0.000000) (-0.234932,0.000000) (0.263704,0.000000) (-0.202206,0.000000) (-0.109238,0.000000) (0.083751,0.000000) (-0.109238,0.000000) (0.083751,0.000000) (0.263704,0.000000) (-0.202206,0.000000) (0.071458,0.000000) (-0.101040,0.000000) (0.071458,0.000000)
sd 6.23047 (0.071458,0.000000) (-0.101040,0.000000) (0.071458,0.000000) (-0.202206,0.000000) (0.263704,0.000000) (0.083751,0.000000) (-0.109238,0.000000) (0.083751,0.000000) (-0.109238,0.000000) (-0.202206,0.000000) (0.263704,0.000000) (-0.234932,0.000000) (0.332256,0.000000) (-0.234932,0.000000) (0.234941,0.000000) (-0.332244,0.000000) (0.234941,0.000000) (-0.263757,0.000000) (0.202232,0.000000) (0.109244,0.000000) (-0.083773,0.000000) (0.109244,0.000000) (-0.083773,0.000000) (-0.263757,0.000000) (0.202232,0.000000) (-0.071470,0.000000) (0.101090,0.000000) (-0.071470,0.000000)
sd 6.33922 (0.223295,0.000000) (0.315760,0.000000) (0.223295,0.000000) (-0.111059,0.000000) (-0.034737,0.000000) (-0.268088,0.000000) (-0.083890,0.000000) (-0.268088,0.000000) (-0.083890,0.000000) (-0.111059,0.000000) (-0.034737,0.000000) (0.170042,0.000000) (0.240483,0.000000) (0.170042,0.000000) (-0.170072,0.000000) (-0.240511,0.000000) (-0.170072,0.000000) (0.034781,0.000000) (0.111021,0.000000) (0.083943,0.000000) (0.268062,0.000000) (0.083943,0.000000) (0.268062,0.000000) (0.034781,0.000000) (0.111021,0.000000) (-0.223286,0.000000) (-0.315801,0.000000) (-0.223286,0.000000)
su 6.33922 (0.223286,0.000000) (0.315801,0.000000) (0.223286,0.000000) (-0.111021,0.000000) (-0.034781,0.000000) (-0.268062,0.000000) (-0.083943,0.000000) (-0.268062,0.000000) (-0.083943,0.000000) (-0.111021,0.000000) (-0.034781,0.000000) (0.170072,0.000000) (0.240511,0.000000) (0.170072,0.000000) (-0.170042,0.000000) (-0.240483,0.000000) (-0.170042,0.000000) (0.034737,0.000000) (0.111059,0.000000) (0.083890,0.000000) (0.268088,0.000000) (0.083890,0.000000) (0.268088,0.000000) (0.034737,0.000000) (0.111059,0.000000) (-0.223295,0.000000) (-0.315760,0.000000) (-0.223295,0.000000)
su 6.86129 (-0.240329,0.000000) (0.000000,0.000000) (0.240329,0.000000) (0.227246,0.000000) (-0.189455,0.000000) (0.227243,0.000000) (-0.189447,0.000000) (-0.227243,0.000000) (0.189447,0.000000) (-0.227246,0.000000) (0.189455,0.000000) (0.131036,0.000000) (0.000000,0.000000) (-0.131036,0.000000) (0.131077,0.000000) (-0.000000,0.000000) (-0.131077,0.000000) (-0.189459,0.000000) (0.227250,0.000000) (-0.189467,0.000000) (0.227253,0.000000) (0.189467,0.000000) (-0.227253,0.000000) (0.189459,0.000000) (-0.227250,0.000000) (-0.240309,0.000000) (-0.000000,0.000000) (0.240309,0.000000)
sd 6.86129 (0.240309,0.000000) (0.000000,0.000000) (-0.240309,0.000000) (-0.227250,0.000000) (0.189459,0.000000) (-0.227253,0.000000) (0.189467,0.000000) (0.227253,0.000000) (-0.189467,0.000000) (0.227250,0.000000) (-0.189459,0.000000) (-0.131077,0.000000) (0.000000,0.000000) (0.131077,0.000000) (-0.131036,0.000000) (-0.000000,0.000000) (0.131036,0.000000) (0.189455,0.000000) (-0.227246,0.000000) (0.189447,0.000000) (-0.227243,0.000000) (-0.189447,0.000000) (0.227243,0.000000) (-0.189455,0.000000) (0.227246,0.000000) (0.240329,0.000000) (-0.000000,0.000000) (-0.240329,0.000000)
su 7.90672 (-0.129463,0.000000) (-0.000000,0.000000) (0.129463,0.000000) (0.147480,0.000000) (-0.206564,0.000000) (0.147478,0.000000) (-0.206558,0.000000) (-0.147478,0.000000) (0.206558,0.000000) (-0.147480,0.000000) (0.206564,0.000000) (0.323139,0.000000) (0.000000,0.000000) (-0.323139,0.000000) (-0.323137,0.000000) (0.000000,0.000000) (0.323137,0.000000) (0.206540,0.000000) (-0.147466,0.000000) (0.206546,0.000000) (-0.147468,0.000000) (-0.206546,0.000000) (0.147468,0.000000) (-0.206540,0.000000) (0.147466,0.000000) (0.129441,0.000000) (-0.000000,0.000000) (-0.129441,0.000000)
sd 7.90672 (-0.129441,0.000000) (0.000000,0.000000) (0.129441,0.000000) (0.147466,0.000000) (-0.206540,0.000000) (0.147468,0.000000) (-0.206546,0.000000) (-0.147468,0.000000) (0.206546,0.000000) (-0.147466,0.000000) (0.206540,0.000000) (0.323137,0.000000) (-0.000000,0.000000) (-0.323137,0.000000) (-0.323139,0.000000) (-0.000000,0.000000) (0.323139,0.000000) (0.206564,0.000000) (-0.147480,0.000000) (0.206558,0.000000) (-0.147478,0.000000) (-0.206558,0.000000) (0.147478,0.000000) (-0.206564,0.000000) (0.147480,0.000000) (0.129463,0.000000) (0.000000,0.000000) (-0.129463,0.000000)
sd 7.93745 (-0.180776,0.000000) (-0.255646,0.000000) (-0.180776,0.000000) (0.121247,0.000000) (-0.096848,0.000000) (0.292713,0.000000) (-0.233818,0.000000) (0.292713,0.000000) (-0.233818,0.000000) (0.121247,0.000000) (-0.096848,0.000000) (0.100524,0.000000) (0.142167,0.000000) (0.100524,0.000000) (0.100492,0.000000) (0.142112,0.000000) (0.100492,0.000000) (-0.096843,0.000000) (0.121249,0.000000) (-0.233791,0.000000) (0.292722,0.000000) (-0.233791,0.000000) (0.292722,0.000000) (-0.096843,0.000000) (0.121249,0.000000) (-0.180798,0.000000) (-0.255697,0.000000) (-0.180798,0.000000)
su 7.93745 (0.180798,0.000000) (0.255697,0.000000) (0.180798,0.000000) (-0.121249,0.000000) (0.096843,0.000000) (-0.292722,0.000000) (0.233791,0.000000) (-0.292722,0.000000) (0.233791,0.000000) (-0.121249,0.000000) (0.096843,0.000000) (-0.100492,0.000000) (-0.142112,0.000000) (-0.100492,0.000000) (-0.100524,0.000000) (-0.142167,0.000000) (-0.100524,0.000000) (0.096848,0.000000) (-0.121247,0.000000) (0.233818,0.000000) (-0.292713,0.000000) (0.233818,0.000000) (-0.292713,0.000000) (0.096848,0.000000) (-0.121247,0.000000) (0.180776,0.000000) (0.255646,0.000000) (0.180776,0.000000)
su 9.04966 (-0.098941,0.000000) (-0.139928,0.000000) (-0.098941,0.000000) (0.078291,0.000000) (-0.112583,0.000000) (0.189010,0.000000) (-0.271793,0.000000) (0.189010,0.000000) (-0.271793,0.000000) (0.078291,0.000000) (-0.112583,0.000000) (0.225868,0.000000) (0.319423,0.000000) (0.225868,0.000000) (-0.225867,0.000000) (-0.319427,0.000000) (-0.225867,0.000000) (0.112572,0.000000) (-0.078284,0.000000) (0.271781,0.000000) (-0.188994,0.000000) (0.271781,0.000000) (-0.188994,0.000000) (0.112572,0.000000) (-0.078284,0.000000) (0.098924,0.000000) (0.139896,0.000000) (0.098924,0.000000)
sd 9.04966 (0.098924,0.000000) (0.139896,0.000000) (0.098924,0.000000) (-0.078284,0.000000) (0.112572,0.000000) (-0.188994,0.000000) (0.271781,0.000000) (-0.188994,0.000000) (0.271781,0.000000) (-0.078284,0.000000) (0.112572,0.000000) (-0.225867,0.000000) (-0.319427,0.000000) (-0.225867,0.000000) (0.225868,0.000000) (0.319423,0.000000) (0.225868,0.000000) (-0.112583,0.000000) (0.078291,0.000000) (-0.271793,0.000000) (0.189010,0.000000) (-0.271793,0.000000) (0.189010,0.000000) (-0.112583,0.000000) (0.078291,0.000000) (-0.098941,0.000000) (-0.139928,0.000000) (-0.098941,0.000000)
