1 -4.39589 1 (-0.101588, 0) (-0.190876, 0) (-0.207286, 0) (-0.287038, 0) (-0.207286, 0) (-0.287038, 0) (-0.177238, 0) (-0.177222, 0) (-0.373787, 0) (-0.373787, 0) (-0.177238, 0) (-0.177222, 0) (-0.287043, 0) (-0.207265, 0) (-0.287043, 0) (-0.207264, 0) (-0.190868, 0) (-0.101586, 0) 
0 -4.30356 1 (0.0500889, 0) (0.163825, 0) (0.173912, 0) (0.29918, 0) (0.173912, 0) (0.299181, 0) (0.184435, 0) (0.184449, 0) (0.403866, 0) (0.403866, 0) (0.184434, 0) (0.184449, 0) (0.299169, 0) (0.173925, 0) (0.299169, 0) (0.173925, 0) (0.163828, 0) (0.050089, 0) 
1 -3.14312 1 (-0.28621, -0) (-0.404972, -0) (-0.310499, -0) (-0.16684, -0) (-0.3105, -0) (-0.166841, -0) (-0.052873, -0) (0.0528752, -0) (1.75224e-05, -0) (1.84613e-05, -0) (-0.0528745, -0) (0.0528737, -0) (0.166861, -0) (0.310476, -0) (0.166859, -0) (0.310475, -0) (0.404979, -0) (0.286224, -0) 
1 -3.0043 1 (7.27182e-07, 0) (9.91537e-07, 0) (0.182143, 0) (0.326067, 0) (-0.182141, 0) (-0.326066, 0) (0.295314, 0) (0.295282, 0) (-0.215906, 0) (0.215906, 0) (-0.295315, 0) (-0.295282, 0) (0.326067, 0) (0.182119, 0) (-0.326068, 0) (-0.18212, 0) (-1.00854e-06, 0) (-7.39678e-07, 0) 
0 -2.92556 1 (4.45621e-08, 0) (1.23006e-07, 0) (0.154844, 0) (0.333213, 0) (-0.154844, 0) (-0.333213, 0) (0.299718, 0) (0.299747, 0) (-0.224293, 0) (0.224293, 0) (-0.299717, 0) (-0.299748, 0) (0.333204, 0) (0.154858, 0) (-0.333204, 0) (-0.154858, 0) (-3.56013e-08, 0) (-1.28973e-08, 0) 
0 -2.61044 1 (-0.165762, 0) (-0.43821, 0) (-0.311904, 0) (-0.196582, 0) (-0.311904, 0) (-0.196582, 0) (-0.0656312, 0) (0.0656383, 0) (-1.8173e-05, 0) (-1.7967e-05, 0) (-0.0656312, 0) (0.0656384, 0) (0.196567, 0) (0.311941, 0) (0.196567, 0) (0.311941, 0) (0.43822, 0) (0.165763, 0) 
1 -2.26353 1 (-0.370846, 0) (-0.403916, 0) (-0.201205, 0) (0.0989262, 0) (-0.201205, 0) (0.0989261, 0) (0.119224, 0) (0.119214, 0) (0.2652, 0) (0.265201, 0) (0.119224, 0) (0.119213, 0) (0.0989378, 0) (-0.20119, 0) (0.0989379, 0) (-0.20119, 0) (-0.403951, 0) (-0.370893, 0) 
0 -1.68569 1 (-0.212027, 0) (-0.487897, 0) (-0.249983, 0) (0.0647475, 0) (-0.249983, 0) (0.0647476, 0) (0.0992272, 0) (0.0992398, 0) (0.252933, 0) (0.252933, 0) (0.099227, 0) (0.09924, 0) (0.0647474, 0) (-0.249984, 0) (0.0647473, 0) (-0.249984, 0) (-0.487835, 0) (-0.211996, 0) 
1 -0.991759 1 (1.22846e-07, 0) (7.59364e-08, 0) (0.330563, 0) (0.345369, 0) (-0.330563, 0) (-0.345369, 0) (0.146431, 0) (-0.146422, 0) (2.15345e-05, 0) (-2.01625e-05, 0) (-0.146433, 0) (0.146421, 0) (-0.345416, 0) (-0.330537, 0) (0.345416, 0) (0.330537, 0) (9.58232e-08, 0) (1.55028e-07, 0) 
0 -0.665355 1 (2.16259e-08, 0) (4.15911e-08, 0) (-0.285706, 0) (-0.375649, 0) (0.285706, 0) (0.375649, 0) (-0.165123, 0) (0.165159, 0) (2.26419e-05, 0) (-2.05672e-05, 0) (0.16512, 0) (-0.165162, 0) (0.375603, 0) (0.285726, 0) (-0.375603, 0) (-0.285726, 0) (8.65562e-08, 0) (4.50053e-08, 0) 
1 -0.164041 1 (0.493401, 0) (0.153736, 0) (-0.159317, 0) (-0.271348, 0) (-0.159316, 0) (-0.271347, 0) (-0.132835, 0) (0.131595, 0) (0.000590945, 0) (0.000590285, 0) (-0.132836, 0) (0.131594, 0) (0.271328, 0) (0.159308, 0) (0.271329, 0) (0.159309, 0) (-0.153687, 0) (-0.493311, 0) 
1 -0.0977757 1 (0.0206464, 0) (0.00592634, 0) (-0.0070282, 0) (-0.0109423, 0) (-0.00702647, 0) (-0.010941, 0) (-0.40927, 0) (-0.409595, 0) (0.404809, 0) (0.404809, 0) (-0.40927, 0) (-0.409594, 0) (-0.0117431, 0) (-0.00754162, 0) (-0.0117444, 0) (-0.00754341, 0) (0.0063591, 0) (0.0221573, 0) 
0 -0.0461012 1 (0.0128656, 0) (0.0217924, 0) (0.00285241, 0) (-0.0186962, 0) (0.00285031, 0) (-0.0186985, 0) (-0.414531, 0) (-0.414651, 0) (0.393529, 0) (0.393528, 0) (-0.414532, 0) (-0.414651, 0) (-0.0188002, 0) (0.00286742, 0) (-0.0187977, 0) (0.00286966, 0) (0.0219119, 0) (0.0129358, 0) 
0 0.791287 1 (0.238548, 0) (0.330082, 0) (-0.0298351, 0) (-0.353213, 0) (-0.0298385, 0) (-0.353216, 0) (-0.203625, 0) (0.203499, 0) (9.22505e-05, 0) (9.53931e-05, 0) (-0.20362, 0) (0.203504, 0) (0.353178, 0) (0.029813, 0) (0.353175, 0) (0.02981, 0) (-0.330071, 0) (-0.238533, 0) 
1 0.818788 1 (-3.06286e-07, 0) (1.60577e-08, 0) (-0.304867, 0) (-0.114086, 0) (0.304867, 0) (0.114086, 0) (0.36604, 0) (0.365944, 0) (0.14223, 0) (-0.142229, 0) (-0.366041, 0) (-0.365943, 0) (-0.114121, 0) (-0.304776, 0) (0.114121, 0) (0.304774, 0) (-1.18621e-07, 0) (2.26076e-06, 0) 
1 0.960162 1 (-0.532696, 0) (0.0558201, 0) (0.286455, 0) (0.0363768, 0) (0.286456, 0) (0.0363771, 0) (-0.0999795, 0) (-0.099934, 0) (-0.162534, 0) (-0.162535, 0) (-0.0999813, 0) (-0.099935, 0) (0.0364168, 0) (0.286429, 0) (0.0364175, 0) (0.28643, 0) (0.0558367, 0) (-0.532639, 0) 
0 1.17987 1 (1.88003e-06, 0) (2.33084e-06, 0) (-0.245052, 0) (-0.154727, 0) (0.245051, 0) (0.154722, 0) (0.378416, 0) (0.378495, 0) (0.213322, 0) (-0.213322, 0) (-0.378418, 0) (-0.378493, 0) (-0.15473, 0) (-0.245161, 0) (0.154735, 0) (0.245162, 0) (-2.47235e-06, 0) (-1.9941e-06, 0) 
1 2.36862 1 (-0.353719, 0) (0.221583, 0) (0.198885, 0) (-0.26132, 0) (0.198883, 0) (-0.261319, 0) (-0.234516, 0) (0.234573, 0) (-3.16382e-05, 0) (-3.19466e-05, 0) (-0.234515, 0) (0.234574, 0) (0.26135, 0) (-0.198919, 0) (0.26135, 0) (-0.198921, 0) (-0.221652, 0) (0.353805, 0) 
1 3.16241 0 (-4.60023e-07, 0) (4.23422e-07, 0) (-0.328468, 0) (0.162195, 0) (0.328469, 0) (-0.162196, 0) (-0.137408, 0) (-0.137469, 0) (-0.440327, 0) (0.440326, 0) (0.137408, 0) (0.13747, 0) (0.162098, 0) (-0.32842, 0) (-0.162097, 0) (0.32842, 0) (-9.6445e-08, 0) (1.04777e-07, 0) 
0 3.40755 0 (-0.460621, 0) (-0.191029, 0) (0.271102, 0) (0.138524, 0) (0.271103, 0) (0.138524, 0) (-0.112237, 0) (-0.112289, 0) (-0.201575, 0) (-0.201572, 0) (-0.112235, 0) (-0.11229, 0) (0.138522, 0) (0.271181, 0) (0.13852, 0) (0.271186, 0) (-0.191111, 0) (-0.460772, 0) 
1 3.45041 0 (3.07852e-07, 0) (-3.16196e-07, 0) (-0.347591, 0) (0.208715, 0) (0.34759, 0) (-0.208714, 0) (0.292475, 0) (-0.292542, 0) (2.39107e-05, 0) (-2.48146e-05, 0) (-0.292474, 0) (0.292543, 0) (-0.20873, 0) (0.347748, 0) (0.20873, 0) (-0.347748, 0) (-5.07892e-07, 0) (4.94469e-07, 0) 
0 3.66962 0 (1.4749e-06, 0) (4.68515e-07, 0) (-0.379126, 0) (0.110225, 0) (0.379124, 0) (-0.110225, 0) (-0.0829887, 0) (-0.0827717, 0) (-0.417432, 0) (0.417434, 0) (0.0829892, 0) (0.0827724, 0) (0.110398, 0) (-0.379393, 0) (-0.110399, 0) (0.37939, 0) (5.8597e-07, 0) (1.84441e-06, 0) 
0 4.01678 0 (2.38138e-06, 0) (4.50279e-07, 0) (0.375125, 0) (-0.157294, 0) (-0.375128, 0) (0.157295, 0) (-0.29101, 0) (0.290979, 0) (0.000130183, 0) (-0.000129987, 0) (0.291012, 0) (-0.290978, 0) (0.157242, 0) (-0.374776, 0) (-0.157243, 0) (0.374776, 0) (8.38001e-08, 0) (4.43095e-07, 0) 
0 4.28052 0 (-0.500541, 0) (-0.0457495, 0) (0.267436, 0) (-0.0925133, 0) (0.267435, 0) (-0.0925127, 0) (-0.208992, 0) (0.208935, 0) (-1.046e-05, 0) (-1.1162e-05, 0) (-0.208992, 0) (0.208933, 0) (0.0925316, 0) (-0.267351, 0) (0.0925311, 0) (-0.267349, 0) (0.0457548, 0) (0.500372, 0) 
1 5.61308 0 (0.225787, 0) (-0.41276, 0) (0.0940771, 0) (0.280916, 0) (0.0940767, 0) (0.280916, 0) (-0.134554, 0) (-0.134574, 0) (-0.258748, 0) (-0.258748, 0) (-0.134554, 0) (-0.134575, 0) (0.280871, 0) (0.0940957, 0) (0.28087, 0) (0.0940964, 0) (-0.41272, 0) (0.22576, 0) 
0 6.19885 0 (0.422413, 0) (-0.261512, 0) (-0.0201865, 0) (0.286291, 0) (-0.0201862, 0) (0.28629, 0) (-0.126273, 0) (-0.126233, 0) (-0.237774, 0) (-0.237774, 0) (-0.126273, 0) (-0.126233, 0) (0.286323, 0) (-0.0202159, 0) (0.286324, 0) (-0.0202165, 0) (-0.261503, 0) (0.422426, 0) 
1 6.38821 0 (-0.189237, 0) (0.40027, 0) (-0.163545, 0) (-0.124119, 0) (-0.163545, 0) (-0.124119, 0) (0.331384, 0) (-0.331429, 0) (3.13284e-06, 0) (2.66105e-06, 0) (0.331383, 0) (-0.33143, 0) (0.124112, 0) (0.163572, 0) (0.124112, 0) (0.163573, 0) (-0.400272, 0) (0.189235, 0) 
0 6.82881 0 (0.32954, 0) (-0.280903, 0) (0.0731839, 0) (0.173996, 0) (0.073184, 0) (0.173996, 0) (-0.34731, 0) (0.347272, 0) (8.70884e-06, 0) (8.28681e-06, 0) (-0.347311, 0) (0.347271, 0) (-0.174018, 0) (-0.0731598, 0) (-0.174018, 0) (-0.0731596, 0) (0.280909, 0) (-0.329563, 0) 
1 7.48471 0 (-2.20652e-07, 0) (5.56326e-07, 0) (0.140929, 0) (-0.295197, 0) (-0.14093, 0) (0.295198, 0) (0.378129, 0) (-0.378173, 0) (-9.19097e-06, 0) (8.84552e-06, 0) (-0.378128, 0) (0.378173, 0) (0.29519, 0) (-0.140941, 0) (-0.295189, 0) (0.140941, 0) (3.70077e-07, 0) (-1.46779e-07, 0) 
0 7.58427 0 (-1.47082e-07, 0) (1.66528e-07, 0) (-0.166676, 0) (0.290117, 0) (0.166676, 0) (-0.290117, 0) (-0.371572, 0) (0.371531, 0) (-1.33602e-05, 0) (1.32867e-05, 0) (0.371572, 0) (-0.37153, 0) (-0.290129, 0) (0.166659, 0) (0.29013, 0) (-0.166659, 0) (2.46141e-07, 0) (-2.17406e-07, 0) 
1 8.06059 0 (0.130432, 0) (-0.356675, 0) (0.275293, 0) (-0.278683, 0) (0.275293, 0) (-0.278682, 0) (0.0933062, 0) (0.0926221, 0) (0.180869, 0) (0.180869, 0) (0.0933053, 0) (0.0926229, 0) (-0.277971, 0) (0.274622, 0) (-0.277971, 0) (0.274622, 0) (-0.355776, 0) (0.130101, 0) 
1 8.07606 0 (-0.116962, 0) (0.32051, 0) (-0.248421, 0) (0.254251, 0) (-0.248421, 0) (0.254251, 0) (-0.254579, 0) (0.25486, 0) (0.00024469, 0) (0.000245186, 0) (-0.254579, 0) (0.25486, 0) (-0.255006, 0) (0.249187, 0) (-0.255006, 0) (0.249188, 0) (-0.321473, 0) (0.117311, 0) 
0 8.42749 0 (0.237256, 0) (-0.34272, 0) (0.273155, 0) (-0.218042, 0) (0.273155, 0) (-0.218042, 0) (0.199785, 0) (-0.200104, 0) (-0.00032579, 0) (-0.000325692, 0) (0.199785, 0) (-0.200103, 0) (0.219096, 0) (-0.274427, 0) (0.219095, 0) (-0.274426, 0) (0.344347, 0) (-0.238389, 0) 
0 8.44325 0 (0.248908, 0) (-0.361004, 0) (0.289284, 0) (-0.234558, 0) (0.289284, 0) (-0.234558, 0) (0.0759847, 0) (0.0750797, 0) (0.144513, 0) (0.144512, 0) (0.0759853, 0) (0.0750796, 0) (-0.233589, 0) (0.288039, 0) (-0.233589, 0) (0.288039, 0) (-0.359483, 0) (0.247866, 0) 
0 8.7084 0 (-2.80253e-07, 0) (4.33988e-07, 0) (-0.148689, 0) (0.320715, 0) (0.148689, 0) (-0.320714, 0) (-0.100322, 0) (-0.100306, 0) (0.479516, 0) (-0.479516, 0) (0.100322, 0) (0.100305, 0) (0.320729, 0) (-0.148679, 0) (-0.320729, 0) (0.148678, 0) (3.78113e-07, 0) (-2.44178e-07, 0) 
1 8.71738 0 (-4.11805e-09, 0) (1.22629e-08, 0) (0.126635, 0) (-0.323071, 0) (-0.126635, 0) (0.323071, 0) (0.0997908, 0) (0.0998047, 0) (-0.48915, 0) (0.48915, 0) (-0.0997904, 0) (-0.0998052, 0) (-0.323054, 0) (0.12664, 0) (0.323054, 0) (-0.12664, 0) (1.3897e-07, 0) (-4.66673e-08, 0) 
