1 -4.35727 1 (-0.101084, 0) (-0.194836, 0) (-0.217368, 0) (-0.291628, 0) (-0.217368, 0) (-0.291628, 0) (-0.192629, 0) (-0.173869, 0) (-0.385594, 0) (-0.385595, 0) (-0.19263, 0) (-0.173868, 0) (-0.294847, 0) (-0.164361, 0) (-0.294847, 0) (-0.16436, 0) (-0.157887, 0) (-0.0486179, 0) 
0 -4.35727 1 (-0.0486179, 0) (-0.157887, 0) (-0.16436, 0) (-0.294846, 0) (-0.16436, 0) (-0.294848, 0) (-0.173868, 0) (-0.192629, 0) (-0.385595, 0) (-0.385594, 0) (-0.173869, 0) (-0.19263, 0) (-0.291628, 0) (-0.217368, 0) (-0.291628, 0) (-0.217369, 0) (-0.194836, 0) (-0.101085, 0) 
1 -2.99659 1 (-5.33557e-06, 0) (-7.59519e-06, 0) (0.187247, 0) (0.324697, 0) (-0.187259, 0) (-0.324702, 0) (0.317343, 0) (0.28225, 0) (-0.217583, 0) (0.217587, 0) (-0.317346, 0) (-0.282246, 0) (0.33176, 0) (0.147414, 0) (-0.331753, 0) (-0.147406, 0) (5.60016e-06, 0) (2.04121e-06, 0) 
0 -2.99659 1 (-1.67823e-06, 0) (-4.60429e-06, 0) (-0.147414, 0) (-0.33176, 0) (0.147407, 0) (0.331753, 0) (-0.28225, 0) (-0.317343, 0) (0.217584, 0) (-0.217586, 0) (0.282246, 0) (0.317345, 0) (-0.324699, 0) (-0.187249, 0) (0.324701, 0) (0.187257, 0) (5.04224e-06, 0) (3.54214e-06, 0) 
0 -2.92222 1 (0.123, 0) (0.334069, 0) (0.24892, 0) (0.219285, 0) (0.248924, 0) (0.219294, 0) (0.0854517, 0) (-0.0251216, 0) (0.0874102, 0) (0.0874044, 0) (0.0854584, 0) (-0.0251142, 0) (-0.132807, 0) (-0.354008, 0) (-0.132799, 0) (-0.354005, 0) (-0.471298, 0) (-0.337617, 0) 
1 -2.92222 1 (-0.337617, 0) (-0.471298, 0) (-0.354009, 0) (-0.132809, 0) (-0.354003, 0) (-0.132798, 0) (-0.0251232, 0) (0.0854505, -0) (0.0874109, -0) (0.0874037, -0) (-0.0251127, 0) (0.0854596, -0) (0.219284, -0) (0.24892, -0) (0.219295, -0) (0.248924, -0) (0.334069, -0) (0.123, -0) 
1 -1.91238 1 (-0.309717, 0) (-0.316512, 0) (-0.13706, 0) (0.133885, 0) (-0.137061, 0) (0.133884, 0) (0.142849, 0) (0.0819632, 0) (0.238229, 0) (0.23823, 0) (0.142849, 0) (0.0819628, 0) (0.0127327, 0) (-0.300465, 0) (0.0127329, 0) (-0.300463, 0) (-0.568293, 0) (-0.242654, 0) 
0 -1.91238 1 (0.242654, 0) (0.568293, 0) (0.300464, 0) (-0.0127329, 0) (0.300464, 0) (-0.0127328, 0) (-0.0819633, 0) (-0.142849, 0) (-0.23823, 0) (-0.238229, 0) (-0.0819628, 0) (-0.142849, 0) (-0.133885, 0) (0.13706, 0) (-0.133884, 0) (0.137062, 0) (0.316512, 0) (0.309717, 0) 
0 -0.864932 1 (9.88123e-08, 0) (1.93084e-07, 0) (0.266922, 0) (0.389989, 0) (-0.266921, 0) (-0.38999, 0) (0.158159, 0) (-0.151131, 0) (-0.0278799, 0) (0.0278753, 0) (-0.158154, 0) (0.151137, 0) (-0.327892, 0) (-0.347154, 0) (0.327892, 0) (0.347154, 0) (-1.14324e-06, 0) (-1.80323e-06, 0) 
1 -0.864932 1 (-1.35102e-06, 0) (-8.56546e-07, 0) (-0.347154, 0) (-0.327891, 0) (0.347154, 0) (0.327893, 0) (-0.151131, 0) (0.158158, 0) (-0.0278797, 0) (0.0278754, 0) (0.151137, 0) (-0.158154, 0) (0.389988, 0) (0.266921, 0) (-0.389991, 0) (-0.266922, 0) (-8.15412e-08, 0) (-4.17294e-08, 0) 
1 -0.166743 1 (0.180805, 0) (0.0678757, 0) (-0.0497465, 0) (-0.101998, 0) (-0.0497385, 0) (-0.101993, 0) (-0.460792, 0) (-0.296357, 0) (0.390582, 0) (0.390583, 0) (-0.460794, 0) (-0.296357, 0) (0.0898563, 0) (-0.0130976, 0) (0.089853, 0) (-0.0131003, 0) (-0.105606, 0) (-0.0622875, 0) 
0 -0.166743 1 (-0.0622875, 0) (-0.105606, 0) (-0.0130975, 0) (0.0898564, 0) (-0.0131004, 0) (0.0898529, 0) (-0.296355, 0) (-0.460791, 0) (0.390584, 0) (0.390581, 0) (-0.296358, 0) (-0.460795, 0) (-0.101998, 0) (-0.0497466, 0) (-0.101992, 0) (-0.0497385, 0) (0.0678757, 0) (0.180805, 0) 
1 0.243236 1 (-0.58235, 0) (-0.130193, 0) (0.223071, 0) (0.249331, 0) (0.223069, 0) (0.24933, 0) (-0.0475509, 0) (-0.283218, 0) (0.0798469, 0) (0.0798492, 0) (-0.0475475, 0) (-0.283214, 0) (-0.263936, 0) (0.00514666, 0) (-0.263938, 0) (0.00514459, 0) (0.269343, 0) (0.174489, 0) 
0 0.243236 1 (-0.174489, 0) (-0.269343, 0) (-0.00514645, 0) (0.263936, 0) (-0.00514484, 0) (0.263938, 0) (0.283217, 0) (0.0475496, 0) (-0.0798474, 0) (-0.0798486, 0) (0.283215, 0) (0.0475489, 0) (-0.249331, 0) (-0.223069, 0) (-0.24933, 0) (-0.22307, 0) (0.130193, 0) (0.582351, 0) 
0 0.899516 1 (7.58727e-07, 0) (9.8676e-07, 0) (0.214927, 0) (0.173566, 0) (-0.214927, 0) (-0.173569, 0) (-0.298664, 0) (-0.429445, 0) (-0.171895, 0) (0.171901, 0) (0.298657, 0) (0.429445, 0) (0.0970014, 0) (0.333316, 0) (-0.0970004, 0) (-0.333323, 0) (-1.30056e-07, 0) (6.66875e-06, 0) 
1 0.899516 1 (-7.29543e-06, 0) (1.42278e-07, 0) (-0.333315, 0) (-0.0970003, 0) (0.333323, 0) (0.0970016, 0) (0.429443, 0) (0.298662, 0) (0.171896, 0) (-0.1719, 0) (-0.429446, 0) (-0.298659, 0) (-0.173567, 0) (-0.214927, 0) (0.173568, 0) (0.214927, 0) (1.90688e-07, 0) (1.46622e-07, 0) 
0 1.69866 1 (0.233196, 0) (0.234261, 0) (-0.0993823, 0) (-0.285104, 0) (-0.0993787, 0) (-0.285102, 0) (-0.127713, 0) (0.213487, 0) (0.166664, 0) (0.166659, 0) (-0.12772, 0) (0.21348, 0) (0.164776, 0) (-0.300202, 0) (0.164779, 0) (-0.300196, 0) (-0.163287, 0) (0.517582, 0) 
1 1.69866 1 (-0.517582, 0) (0.163287, 0) (0.300202, 0) (-0.164777, 0) (0.300196, 0) (-0.164778, 0) (-0.213486, 0) (0.127714, 0) (-0.166662, 0) (-0.166661, 0) (-0.21348, 0) (0.127718, 0) (0.285104, 0) (0.0993833, 0) (0.285102, 0) (0.0993776, 0) (-0.234261, 0) (-0.233196, 0) 
0 3.31871 0 (2.85614e-06, 0) (1.15545e-06, 0) (0.148782, 0) (-0.0131585, 0) (-0.148785, 0) (0.0131564, 0) (0.257643, 0) (0.00304499, 0) (0.40132, 0) (-0.401319, 0) (-0.25764, 0) (-0.0030463, 0) (-0.258941, 0) (0.428013, 0) (0.258939, 0) (-0.428011, 0) (2.28211e-06, 0) (-2.49274e-06, 0) 
1 3.31871 0 (3.7557e-07, 0) (-3.43834e-07, 0) (0.428012, 0) (-0.258939, 0) (-0.428013, 0) (0.258941, 0) (0.00304476, 0) (0.257641, 0) (0.401321, 0) (-0.401318, 0) (-0.00304636, 0) (-0.257642, 0) (-0.0131583, 0) (0.148783, 0) (0.0131565, 0) (-0.148784, 0) (2.45105e-07, 0) (6.05872e-07, 0) 
0 3.9558 0 (-6.09883e-05, 0) (-1.02821e-05, 0) (0.535509, 0) (-0.173705, 0) (-0.535441, 0) (0.173703, 0) (-0.266136, 0) (0.246949, 0) (0.160959, 0) (-0.160982, 0) (0.266091, 0) (-0.246931, 0) (0.102565, 0) (-0.121947, 0) (-0.102529, 0) (0.121939, 0) (-1.52038e-05, 0) (1.32039e-05, 0) 
1 3.9558 0 (-4.91338e-05, 0) (5.65756e-05, 0) (0.121958, 0) (-0.102616, 0) (-0.121928, 0) (0.102477, 0) (-0.246971, 0) (0.266202, 0) (-0.16093, 0) (0.161012, 0) (0.246908, 0) (-0.266025, 0) (0.173709, 0) (-0.535607, 0) (-0.173698, 0) (0.535343, 0) (3.98609e-05, 0) (0.000236436, 0) 
0 3.97481 0 (-0.661887, 0) (-0.106927, 0) (0.368106, 0) (-0.0150757, 0) (0.368205, 0) (-0.0151081, 0) (-0.246791, 0) (0.0847334, 0) (-0.111827, 0) (-0.111802, 0) (-0.246844, 0) (0.0847776, 0) (0.190069, 0) (-0.0409477, 0) (0.190092, 0) (-0.0409738, 0) (-0.155347, 0) (0.134093, 0) 
1 3.97481 0 (-0.134093, 0) (0.155347, 0) (0.0409172, 0) (-0.190044, 0) (0.0410042, 0) (-0.190118, 0) (-0.0846677, 0) (0.246721, 0) (0.111872, 0) (0.111757, 0) (-0.0848432, 0) (0.246914, 0) (0.0150296, 0) (-0.367963, 0) (0.015154, 0) (-0.368348, 0) (0.106927, 0) (0.661887, 0) 
1 5.85324 0 (-0.267058, 0) (0.495183, 0) (-0.121875, 0) (-0.307045, 0) (-0.121875, 0) (-0.307045, 0) (0.207472, 0) (0.0238196, 0) (0.237895, 0) (0.237894, 0) (0.20747, 0) (0.0238192, 0) (-0.230767, 0) (0.0444566, 0) (-0.230765, 0) (0.044455, 0) (0.185103, 0) (-0.346527, 0) 
0 5.85324 0 (-0.346527, 0) (0.185103, 0) (0.044456, 0) (-0.230766, 0) (0.0444555, 0) (-0.230765, 0) (0.0238189, 0) (0.207472, 0) (0.237894, 0) (0.237895, 0) (0.0238199, 0) (0.207471, 0) (-0.307044, 0) (-0.121876, 0) (-0.307046, 0) (-0.121874, 0) (0.495183, 0) (-0.267058, 0) 
1 6.66241 0 (-0.13283, 0) (0.286103, 0) (-0.124022, 0) (-0.057482, 0) (-0.124022, 0) (-0.0574813, 0) (0.269157, 0) (-0.390616, 0) (-0.0673466, 0) (-0.0673475, 0) (0.269156, 0) (-0.390617, 0) (0.229918, 0) (0.084014, 0) (0.229916, 0) (0.0840158, 0) (-0.341391, 0) (0.409411, 0) 
0 6.66241 0 (0.409411, 0) (-0.341391, 0) (0.0840142, 0) (0.229918, 0) (0.0840155, 0) (0.229916, 0) (-0.390616, 0) (0.269158, 0) (-0.0673466, 0) (-0.0673475, 0) (-0.390617, 0) (0.269155, 0) (-0.0574824, 0) (-0.124022, 0) (-0.0574808, 0) (-0.124022, 0) (0.286103, 0) (-0.13283, 0) 
1 7.53567 0 (3.06485e-07, 0) (-7.59267e-07, 0) (-0.137248, 0) (0.297391, 0) (0.137249, 0) (-0.297392, 0) (-0.349465, 0) (0.397431, 0) (0.01192, 0) (-0.0119192, 0) (0.349464, 0) (-0.397432, 0) (-0.286858, 0) (0.173825, 0) (0.286856, 0) (-0.173823, 0) (-1.58843e-06, 0) (1.37254e-06, 0) 
0 7.53567 0 (-1.27214e-06, 0) (1.47223e-06, 0) (-0.173825, 0) (0.286857, 0) (0.173823, 0) (-0.286857, 0) (-0.39743, 0) (0.349465, 0) (-0.0119197, 0) (0.0119194, 0) (0.397433, 0) (-0.349464, 0) (-0.297391, 0) (0.137248, 0) (0.297392, 0) (-0.137248, 0) (-8.8572e-09, 0) (3.57529e-09, 0) 
1 8.10919 0 (0.182102, 0) (-0.489808, 0) (0.366208, 0) (-0.381486, 0) (0.366207, 0) (-0.381485, 0) (0.229484, 0) (-0.12353, 0) (0.124973, 0) (0.124973, 0) (0.229482, 0) (-0.12353, 0) (-0.00546135, 0) (0.010366, 0) (-0.00546131, 0) (0.010366, 0) (-0.0138473, 0) (0.0101097, 0) 
0 8.10919 0 (0.0101097, 0) (-0.0138473, 0) (0.0103656, 0) (-0.00546052, 0) (0.0103664, 0) (-0.00546215, 0) (-0.12353, 0) (0.229483, 0) (0.124974, 0) (0.124972, 0) (-0.12353, 0) (0.229482, 0) (-0.381484, 0) (0.366208, 0) (-0.381486, 0) (0.366207, 0) (-0.489808, 0) (0.182102, 0) 
0 8.41277 0 (0.330189, 0) (-0.489387, 0) (0.407418, 0) (-0.315313, 0) (0.407419, 0) (-0.315315, 0) (0.205113, 0) (-0.0797237, 0) (0.104723, 0) (0.104721, 0) (0.205116, 0) (-0.0797238, 0) (-0.0207047, 0) (0.0164438, 0) (-0.0207056, 0) (0.0164441, 0) (-0.0202679, 0) (0.00723288, 0) 
1 8.41277 0 (-0.00723288, 0) (0.0202679, 0) (-0.016445, 0) (0.0207077, 0) (-0.016443, 0) (0.0207026, 0) (0.0797226, 0) (-0.205114, 0) (-0.104719, 0) (-0.104725, 0) (0.0797248, 0) (-0.205115, 0) (0.315316, 0) (-0.407418, 0) (0.315313, 0) (-0.407418, 0) (0.489387, 0) (-0.330189, 0) 
1 8.72611 0 (1.4203e-07, 0) (-4.14477e-07, 0) (-0.128129, 0) (0.334125, 0) (0.12813, 0) (-0.334126, 0) (-0.0944172, 0) (-0.104772, 0) (0.484996, 0) (-0.484993, 0) (0.094416, 0) (0.104775, 0) (0.30836, 0) (-0.147457, 0) (-0.308364, 0) (0.147461, 0) (-2.61271e-06, 0) (1.63479e-06, 0) 
0 8.72611 0 (5.58424e-07, 0) (-8.92469e-07, 0) (0.14746, 0) (-0.308363, 0) (-0.147458, 0) (0.308361, 0) (0.104773, 0) (0.0944172, 0) (-0.484993, 0) (0.484995, 0) (-0.104773, 0) (-0.094416, 0) (-0.334126, 0) (0.12813, 0) (0.334125, 0) (-0.128129, 0) (-8.58195e-07, 0) (2.9408e-07, 0) 
