0 -4.74445 1 (-0.0460711, 0) (-0.144248, 0) (-0.153581, 0) (-0.281567, 0) (-0.153581, 0) (-0.281567, 0) (-0.181129, 0) (-0.199169, 0) (-0.363616, 0) (-0.396462, 0) (-0.181129, 0) (-0.199169, 0) (-0.308887, 0) (-0.21806, 0) (-0.308887, 0) (-0.21806, 0) (-0.201774, 0) (-0.101729, 0) 
1 -4.74445 1 (0.101729, 0) (0.201774, 0) (0.21806, 0) (0.308887, 0) (0.21806, 0) (0.308887, 0) (0.199169, 0) (0.181129, 0) (0.396462, 0) (0.363616, 0) (0.199169, 0) (0.181129, 0) (0.281567, 0) (0.153581, 0) (0.281567, 0) (0.153581, 0) (0.144248, 0) (0.0460711, 0) 
0 -3.57162 1 (-0.117359, 0) (-0.316469, 0) (-0.260071, 0) (-0.291625, 0) (-0.260071, 0) (-0.291625, 0) (-0.111394, 0) (0.0443601, 0) (-0.225129, 0) (0.0869181, 0) (-0.111395, 0) (0.0443594, 0) (0.201264, 0) (0.311479, 0) (0.201264, 0) (0.311479, 0) (0.392868, 0) (0.253619, 0) 
1 -3.57162 1 (-0.253619, 0) (-0.392868, 0) (-0.311479, 0) (-0.201264, 0) (-0.311479, 0) (-0.201264, 0) (-0.0443601, 0) (0.111394, 0) (-0.0869181, 0) (0.225129, 0) (-0.0443594, 0) (0.111395, 0) (0.291625, 0) (0.260071, 0) (0.291625, 0) (0.260071, 0) (0.316469, 0) (0.117359, 0) 
0 -2.71881 1 (-3.87991e-08, 0) (-9.23705e-08, 0) (-0.140242, 0) (-0.283616, 0) (0.140242, 0) (0.283616, 0) (-0.350387, 0) (-0.383475, 0) (-1.53229e-07, 0) (-5.71336e-08, 0) (0.350387, 0) (0.383474, 0) (-0.30538, 0) (-0.191869, 0) (0.30538, 0) (0.19187, 0) (7.5491e-07, 0) (6.12158e-07, 0) 
1 -2.71881 1 (-6.07061e-07, 0) (-7.48624e-07, 0) (0.191869, 0) (0.30538, 0) (-0.19187, 0) (-0.30538, 0) (0.383475, 0) (0.350387, 0) (5.11965e-08, 0) (1.50853e-07, 0) (-0.383474, 0) (-0.350387, 0) (0.283616, 0) (0.140242, 0) (-0.283616, 0) (-0.140242, 0) (1.02764e-07, 0) (4.31648e-08, 0) 
0 -2.32094 1 (0.209429, 0) (0.467734, 0) (0.258061, 0) (0.0161228, 0) (0.258061, 0) (0.0161224, 0) (-0.0776875, 0) (-0.152582, 0) (-0.154858, 0) (-0.301921, 0) (-0.0776881, 0) (-0.152582, 0) (-0.160752, 0) (0.175329, 0) (-0.160753, 0) (0.175329, 0) (0.41397, 0) (0.381246, 0) 
1 -2.32094 1 (0.381246, 0) (0.41397, 0) (0.175329, 0) (-0.160752, 0) (0.175329, 0) (-0.160753, 0) (-0.152582, 0) (-0.0776875, 0) (-0.301921, 0) (-0.154858, 0) (-0.152582, 0) (-0.0776881, 0) (0.0161228, 0) (0.258061, 0) (0.0161224, 0) (0.258061, 0) (0.467734, 0) (0.209429, 0) 
0 -1.2303 1 (-3.09401e-09, 0) (-5.6603e-09, 0) (-0.264911, 0) (-0.389693, 0) (0.264911, 0) (0.389693, 0) (-0.194382, 0) (0.126778, 0) (-1.12697e-06, 0) (-1.17705e-06, 0) (0.194384, 0) (-0.126775, 0) (0.341287, 0) (0.328066, 0) (-0.341288, 0) (-0.328066, 0) (-7.18313e-08, 0) (-1.05341e-07, 0) 
1 -1.2303 1 (-8.49323e-08, 0) (-5.79149e-08, 0) (0.328066, 0) (0.341287, 0) (-0.328066, 0) (-0.341288, 0) (0.126778, 0) (-0.194382, 0) (-1.19203e-06, 0) (-1.1044e-06, 0) (-0.126775, 0) (0.194384, 0) (-0.389693, 0) (-0.264911, 0) (0.389693, 0) (0.264911, 0) (-3.82784e-08, 0) (-2.09236e-08, 0) 
0 -1.07522 1 (0.261975, 0) (0.464219, 0) (0.121971, 0) (-0.291802, 0) (0.121972, 0) (-0.291801, 0) (-0.143478, 0) (0.105978, 0) (-0.305651, 0) (0.192351, 0) (-0.143479, 0) (0.105978, 0) (0.260195, 0) (0.0334951, 0) (0.260196, 0) (0.0334957, 0) (-0.227274, 0) (-0.363954, 0) 
1 -1.07522 1 (-0.363954, 0) (-0.227274, 0) (0.0334951, 0) (0.260195, 0) (0.0334957, 0) (0.260196, 0) (0.105978, 0) (-0.143478, 0) (0.192351, 0) (-0.305651, 0) (0.105978, 0) (-0.143479, 0) (-0.291802, 0) (0.121971, 0) (-0.291801, 0) (0.121972, 0) (0.464219, 0) (0.261975, 0) 
1 -0.551275 1 (-0.00786023, 0) (-0.00338308, 0) (0.00204956, 0) (0.00499979, 0) (0.00204673, 0) (0.00499756, 0) (-0.425343, 0) (-0.390902, 0) (0.428699, 0) (0.38541, 0) (-0.425342, 0) (-0.390901, 0) (-0.00507102, 0) (0.000789759, 0) (-0.005069, 0) (0.000791413, 0) (0.00603416, 0) (0.00382406, 0) 
0 -0.551275 1 (0.00382405, 0) (0.00603416, 0) (0.000789758, 0) (-0.00507101, 0) (0.000791413, 0) (-0.005069, 0) (-0.390902, 0) (-0.425343, 0) (0.38541, 0) (0.428699, 0) (-0.390901, 0) (-0.425342, 0) (0.00499979, 0) (0.00204956, 0) (0.00499756, 0) (0.00204673, 0) (-0.00338308, 0) (-0.00786024, 0) 
1 0.893924 1 (5.95426e-06, 0) (-6.24331e-07, 0) (-0.405589, 0) (-0.102837, 0) (0.405583, 0) (0.102837, 0) (0.34944, 0) (0.232833, 0) (2.01069e-06, 0) (6.15397e-07, 0) (-0.349438, 0) (-0.232834, 0) (-0.217699, 0) (-0.31814, 0) (0.217697, 0) (0.31814, 0) (5.30403e-07, 0) (5.08688e-07, 0) 
0 0.893924 1 (-4.95075e-07, 0) (-5.16209e-07, 0) (0.31814, 0) (0.217699, 0) (-0.31814, 0) (-0.217697, 0) (-0.232833, 0) (-0.34944, 0) (-6.16233e-07, 0) (-1.98747e-06, 0) (0.232834, 0) (0.349438, 0) (0.102837, 0) (0.405589, 0) (-0.102837, 0) (-0.405583, 0) (6.17978e-07, 0) (-5.89367e-06, 0) 
1 1.06227 1 (0.71138, 0) (-0.118946, 0) (-0.386314, 0) (0.0450826, 0) (-0.38632, 0) (0.0450809, 0) (0.13521, 0) (-0.00321291, 0) (0.272907, 0) (-0.00154154, 0) (0.135216, 0) (-0.0032088, 0) (-0.136828, 0) (-0.0403312, 0) (-0.136831, 0) (-0.0403366, 0) (0.111745, 0) (0.113986, 0) 
0 1.06227 1 (-0.113986, 0) (-0.111745, 0) (0.0403312, 0) (0.136828, 0) (0.0403365, 0) (0.136831, 0) (0.00321289, 0) (-0.13521, 0) (0.00154154, 0) (-0.272907, 0) (0.00320882, 0) (-0.135216, 0) (-0.0450826, 0) (0.386314, 0) (-0.045081, 0) (0.38632, 0) (0.118946, 0) (-0.71138, 0) 
1 3.25773 0 (0.113986, 0) (-0.111745, 0) (-0.0403312, 0) (0.136828, 0) (-0.0403365, 0) (0.136831, 0) (-0.00321289, 0) (-0.13521, 0) (-0.00154154, 0) (-0.272907, 0) (-0.00320882, 0) (-0.135216, 0) (0.0450826, 0) (0.386314, 0) (0.045081, 0) (0.38632, 0) (-0.118946, 0) (-0.71138, 0) 
0 3.25773 0 (0.71138, 0) (0.118946, 0) (-0.386314, 0) (-0.0450826, 0) (-0.38632, 0) (-0.0450809, 0) (0.13521, 0) (0.00321291, 0) (0.272907, 0) (0.00154154, 0) (0.135216, 0) (0.0032088, 0) (-0.136828, 0) (0.0403312, 0) (-0.136831, 0) (0.0403366, 0) (0.111745, 0) (-0.113986, 0) 
1 3.42608 0 (-4.95075e-07, 0) (5.16209e-07, 0) (0.31814, 0) (-0.217699, 0) (-0.31814, 0) (0.217697, 0) (-0.232833, 0) (0.34944, 0) (-6.16233e-07, 0) (1.98747e-06, 0) (0.232834, 0) (-0.349438, 0) (0.102837, 0) (-0.405589, 0) (-0.102837, 0) (0.405583, 0) (6.17978e-07, 0) (5.89367e-06, 0) 
0 3.42608 0 (-5.95426e-06, 0) (-6.24331e-07, 0) (0.405589, 0) (-0.102837, 0) (-0.405583, 0) (0.102837, 0) (-0.34944, 0) (0.232833, 0) (-2.01069e-06, 0) (6.15397e-07, 0) (0.349438, 0) (-0.232834, 0) (0.217699, 0) (-0.31814, 0) (-0.217697, 0) (0.31814, 0) (-5.30403e-07, 0) (5.08688e-07, 0) 
1 4.87128 0 (-0.00382405, 0) (0.00603416, 0) (-0.000789758, 0) (-0.00507101, 0) (-0.000791413, 0) (-0.005069, 0) (0.390902, 0) (-0.425343, 0) (-0.38541, 0) (0.428699, 0) (0.390901, 0) (-0.425342, 0) (-0.00499979, 0) (0.00204956, 0) (-0.00499756, 0) (0.00204673, 0) (0.00338308, 0) (-0.00786024, 0) 
0 4.87128 0 (-0.00786023, 0) (0.00338308, 0) (0.00204956, 0) (-0.00499979, 0) (0.00204673, 0) (-0.00499756, 0) (-0.425343, 0) (0.390902, 0) (0.428699, 0) (-0.38541, 0) (-0.425342, 0) (0.390901, 0) (-0.00507102, 0) (-0.000789759, 0) (-0.005069, 0) (-0.000791413, 0) (0.00603416, 0) (-0.00382406, 0) 
0 5.39522 0 (0.363954, 0) (-0.227274, 0) (-0.0334951, 0) (0.260195, 0) (-0.0334957, 0) (0.260196, 0) (-0.105978, 0) (-0.143478, 0) (-0.192351, 0) (-0.305651, 0) (-0.105978, 0) (-0.143479, 0) (0.291802, 0) (0.121971, 0) (0.291801, 0) (0.121972, 0) (-0.464219, 0) (0.261975, 0) 
1 5.39522 0 (0.261975, 0) (-0.464219, 0) (0.121971, 0) (0.291802, 0) (0.121972, 0) (0.291801, 0) (-0.143478, 0) (-0.105978, 0) (-0.305651, 0) (-0.192351, 0) (-0.143479, 0) (-0.105978, 0) (0.260195, 0) (-0.0334951, 0) (0.260196, 0) (-0.0334957, 0) (-0.227274, 0) (0.363954, 0) 
0 5.5503 0 (-8.49323e-08, 0) (5.79149e-08, 0) (0.328066, 0) (-0.341287, 0) (-0.328066, 0) (0.341288, 0) (0.126778, 0) (0.194382, 0) (-1.19203e-06, 0) (1.1044e-06, 0) (-0.126775, 0) (-0.194384, 0) (-0.389693, 0) (0.264911, 0) (0.389693, 0) (-0.264911, 0) (-3.82784e-08, 0) (2.09236e-08, 0) 
1 5.5503 0 (3.09401e-09, 0) (-5.6603e-09, 0) (0.264911, 0) (-0.389693, 0) (-0.264911, 0) (0.389693, 0) (0.194382, 0) (0.126778, 0) (1.12697e-06, 0) (-1.17705e-06, 0) (-0.194384, 0) (-0.126775, 0) (-0.341287, 0) (0.328066, 0) (0.341288, 0) (-0.328066, 0) (7.18313e-08, 0) (-1.05341e-07, 0) 
0 6.64094 0 (0.381246, 0) (-0.41397, 0) (0.175329, 0) (0.160752, 0) (0.175329, 0) (0.160753, 0) (-0.152582, 0) (0.0776875, 0) (-0.301921, 0) (0.154858, 0) (-0.152582, 0) (0.0776881, 0) (0.0161228, 0) (-0.258061, 0) (0.0161224, 0) (-0.258061, 0) (0.467734, 0) (-0.209429, 0) 
1 6.64094 0 (-0.209429, 0) (0.467734, 0) (-0.258061, 0) (0.0161228, 0) (-0.258061, 0) (0.0161224, 0) (0.0776875, 0) (-0.152582, 0) (0.154858, 0) (-0.301921, 0) (0.0776881, 0) (-0.152582, 0) (0.160752, 0) (0.175329, 0) (0.160753, 0) (0.175329, 0) (-0.41397, 0) (0.381246, 0) 
0 7.03881 0 (6.07061e-07, 0) (-7.48624e-07, 0) (-0.191869, 0) (0.30538, 0) (0.19187, 0) (-0.30538, 0) (-0.383475, 0) (0.350387, 0) (-5.11965e-08, 0) (1.50853e-07, 0) (0.383474, 0) (-0.350387, 0) (-0.283616, 0) (0.140242, 0) (0.283616, 0) (-0.140242, 0) (-1.02764e-07, 0) (4.31648e-08, 0) 
1 7.03881 0 (-3.87991e-08, 0) (9.23705e-08, 0) (-0.140242, 0) (0.283616, 0) (0.140242, 0) (-0.283616, 0) (-0.350387, 0) (0.383475, 0) (-1.53229e-07, 0) (5.71336e-08, 0) (0.350387, 0) (-0.383474, 0) (-0.30538, 0) (0.191869, 0) (0.30538, 0) (-0.19187, 0) (7.5491e-07, 0) (-6.12158e-07, 0) 
0 7.89162 0 (-0.253619, 0) (0.392868, 0) (-0.311479, 0) (0.201264, 0) (-0.311479, 0) (0.201264, 0) (-0.0443601, 0) (-0.111394, 0) (-0.0869181, 0) (-0.225129, 0) (-0.0443594, 0) (-0.111395, 0) (0.291625, 0) (-0.260071, 0) (0.291625, 0) (-0.260071, 0) (0.316469, 0) (-0.117359, 0) 
1 7.89162 0 (-0.117359, 0) (0.316469, -0) (-0.260071, 0) (0.291625, -0) (-0.260071, 0) (0.291625, -0) (-0.111394, 0) (-0.0443601, 0) (-0.225129, 0) (-0.0869181, 0) (-0.111395, 0) (-0.0443594, 0) (0.201264, -0) (-0.311479, 0) (0.201264, -0) (-0.311479, 0) (0.392868, -0) (-0.253619, 0) 
0 9.06445 0 (0.101729, -0) (-0.201774, 0) (0.21806, -0) (-0.308887, 0) (0.21806, -0) (-0.308887, 0) (0.199169, -0) (-0.181129, 0) (0.396462, -0) (-0.363616, 0) (0.199169, -0) (-0.181129, 0) (0.281567, -0) (-0.153581, 0) (0.281567, -0) (-0.153581, 0) (0.144248, -0) (-0.0460711, 0) 
1 9.06445 0 (-0.0460711, 0) (0.144248, 0) (-0.153581, 0) (0.281567, 0) (-0.153581, 0) (0.281567, 0) (-0.181129, 0) (0.199169, 0) (-0.363616, 0) (0.396462, 0) (-0.181129, 0) (0.199169, 0) (-0.308887, 0) (0.21806, 0) (-0.308887, 0) (0.21806, 0) (-0.201774, 0) (0.101729, 0) 
