0 -3.7356 1 (0.153671, 0) (0.407187, -0) (0.340992, 0) (0.390825, -0) (0.340992, 0) (0.390825, -0) (0.45115, 0) (0.262696, -0) 
1 -3.7356 1 (-0.262696, 0) (-0.45115, 0) (-0.390825, 0) (-0.340992, 0) (-0.390825, 0) (-0.340992, 0) (-0.407187, 0) (-0.153671, 0) 
0 -1.91352 1 (0.290576, 0) (0.573852, 0) (0.249929, 0) (-0.157615, 0) (0.249928, 0) (-0.157616, 0) (-0.463025, 0) (-0.444132, 0) 
1 -1.91352 1 (0.444132, 0) (0.463025, 0) (0.157615, 0) (-0.249929, 0) (0.157616, 0) (-0.249928, 0) (-0.573852, 0) (-0.290576, 0) 
1 -0.572953 1 (-8.61492e-07, 0) (-4.70404e-07, 0) (-0.537313, 0) (-0.459668, 0) (0.537313, 0) (0.459668, 0) (3.70933e-07, 0) (2.50906e-07, 0) 
0 -0.572953 1 (2.50906e-07, 0) (3.70933e-07, 0) (-0.459668, 0) (-0.537313, 0) (0.459668, 0) (0.537313, 0) (-4.70404e-07, 0) (-8.61492e-07, 0) 
1 0.908107 1 (0.724644, 0) (-0.00181654, 0) (-0.362863, 0) (-0.109566, 0) (-0.362862, 0) (-0.109565, 0) (0.294891, 0) (0.317143, 0) 
0 0.908107 1 (0.317143, 0) (0.294891, 0) (-0.109566, 0) (-0.362863, 0) (-0.109565, 0) (-0.362862, 0) (-0.00181653, 0) (0.724644, 0) 
1 3.41189 0 (0.317143, 0) (-0.294891, 0) (-0.109566, 0) (0.362863, 0) (-0.109565, 0) (0.362862, 0) (-0.00181653, 0) (-0.724644, 0) 
0 3.41189 0 (0.724644, 0) (0.00181654, 0) (-0.362863, 0) (0.109566, 0) (-0.362862, 0) (0.109565, 0) (0.294891, 0) (-0.317143, 0) 
1 4.89295 0 (2.50906e-07, 0) (-3.70933e-07, 0) (-0.459668, 0) (0.537313, 0) (0.459668, 0) (-0.537313, 0) (-4.70404e-07, 0) (8.61492e-07, 0) 
0 4.89295 0 (-8.61492e-07, 0) (4.70404e-07, 0) (-0.537313, 0) (0.459668, 0) (0.537313, 0) (-0.459668, 0) (3.70933e-07, 0) (-2.50906e-07, 0) 
0 6.23352 0 (-0.444132, 0) (0.463025, 0) (-0.157615, 0) (-0.249929, 0) (-0.157616, 0) (-0.249928, 0) (0.573852, 0) (-0.290576, 0) 
1 6.23352 0 (-0.290576, 0) (0.573852, 0) (-0.249929, 0) (-0.157615, 0) (-0.249928, 0) (-0.157616, 0) (0.463025, 0) (-0.444132, 0) 
0 8.0556 0 (0.262696, 0) (-0.45115, 0) (0.390825, 0) (-0.340992, 0) (0.390825, 0) (-0.340992, 0) (0.407187, 0) (-0.153671, 0) 
1 8.0556 0 (0.153671, 0) (-0.407187, 0) (0.340992, 0) (-0.390825, 0) (0.340992, 0) (-0.390825, 0) (0.45115, 0) (-0.262696, 0) 
