1 -4.79991 1 (-0.0922362, 0) (-0.185918, 0) (-0.200932, 0) (-0.289993, 0) (-0.200935, 0) (-0.289993, 0) (-0.180175, 0) (-0.180176, 0) (-0.378235, 0) (-0.378233, 0) (-0.180178, 0) (-0.180174, 0) (-0.289993, 0) (-0.200932, 0) (-0.289994, 0) (-0.20093, 0) (-0.185917, 0) (-0.092236, 0) 
0 -4.69309 1 (0.0528525, 0) (0.165451, 0) (0.177804, 0) (0.298418, 0) (0.177802, 0) (0.298418, 0) (0.185302, 0) (0.185302, 0) (0.39978, 0) (0.399783, 0) (0.1853, 0) (0.185303, 0) (0.298417, 0) (0.177804, 0) (0.298416, 0) (0.177805, 0) (0.165451, 0) (0.0528525, 0) 
1 -3.47399 1 (0.269728, 0) (0.411225, 0) (0.310582, 0) (0.171872, 0) (0.310632, 0) (0.171958, 0) (0.0550893, 0) (-0.0551695, 0) (2.63162e-05, 0) (-3.07684e-05, 0) (0.0551691, 0) (-0.0550892, 0) (-0.171961, 0) (-0.310629, 0) (-0.171874, 0) (-0.310578, 0) (-0.411226, 0) (-0.269729, 0) 
1 -3.4236 1 (-3.80559e-05, 0) (-5.73094e-05, 0) (-0.176079, 0) (-0.327233, 0) (0.175994, 0) (0.327185, 0) (-0.297537, 0) (-0.297523, 0) (0.216434, 0) (-0.216431, 0) (0.297526, 0) (0.297533, 0) (-0.327187, 0) (-0.175994, 0) (0.327233, 0) (0.176075, 0) (5.43451e-05, 0) (3.60876e-05, 0) 
0 -3.32703 1 (-2.97054e-06, 0) (-7.79611e-06, 0) (-0.157813, 0) (-0.331863, 0) (0.157801, 0) (0.331857, 0) (-0.300464, 0) (-0.300461, 0) (0.222205, 0) (-0.222207, 0) (0.300459, 0) (0.300469, 0) (-0.331855, 0) (-0.157801, 0) (0.331863, 0) (0.157817, 0) (1.02599e-05, 0) (3.90931e-06, 0) 
0 -3.03428 1 (-0.17182, 0) (-0.432308, 0) (-0.314922, 0) (-0.195806, 0) (-0.314926, 0) (-0.195823, 0) (-0.06535, 0) (0.0653633, 0) (-7.82939e-06, 0) (3.21595e-06, 0) (-0.0653632, 0) (0.0653508, 0) (0.19582, 0) (0.31493, 0) (0.195805, 0) (0.314928, 0) (0.43231, 0) (0.17182, 0) 
1 -2.59007 1 (0.350281, 0) (0.419363, 0) (0.210497, 0) (-0.0930807, 0) (0.210504, 0) (-0.0930744, 0) (-0.117667, 0) (-0.117666, 0) (-0.260378, 0) (-0.260377, 0) (-0.117665, 0) (-0.117663, 0) (-0.0930779, 0) (0.210502, 0) (-0.09308, 0) (0.210496, 0) (0.419368, 0) (0.350287, 0) 
0 -2.09345 1 (0.221366, 0) (0.479831, 0) (0.250619, 0) (-0.0673005, 0) (0.25061, 0) (-0.0673085, 0) (-0.103925, 0) (-0.103927, 0) (-0.253944, 0) (-0.253945, 0) (-0.103928, 0) (-0.103929, 0) (-0.067307, 0) (0.25061, 0) (-0.067302, 0) (0.250618, 0) (0.479823, 0) (0.221361, 0) 
1 -1.35655 1 (-3.29654e-06, 0) (-2.44062e-06, 0) (-0.321785, 0) (-0.351771, 0) (0.321785, 0) (0.351768, 0) (-0.150697, 0) (0.150713, 0) (-8.96433e-06, 0) (-4.15283e-06, 0) (0.150714, 0) (-0.150695, 0) (0.351775, 0) (0.321781, 0) (-0.351775, 0) (-0.321781, 0) (-4.71429e-06, 0) (-6.36764e-06, 0) 
0 -1.09312 1 (2.5905e-06, 0) (4.6554e-06, 0) (-0.291562, 0) (-0.371909, 0) (0.291565, 0) (0.371911, 0) (-0.163333, 0) (0.163313, 0) (9.83347e-06, 0) (5.00138e-06, 0) (0.16331, 0) (-0.163338, 0) (0.371905, 0) (0.291569, 0) (-0.371905, 0) (-0.291565, 0) (7.1965e-06, 0) (4.00448e-06, 0) 
1 -0.522034 1 (0.0160882, 0) (0.00693848, 0) (-0.00432939, 0) (-0.0103332, 0) (-0.0043122, 0) (-0.0103196, 0) (-0.41014, 0) (-0.410104, 0) (0.403788, 0) (0.403784, 0) (-0.410147, 0) (-0.410105, 0) (-0.0102565, 0) (-0.00428572, 0) (-0.0102703, 0) (-0.00430325, 0) (0.00689595, 0) (0.0159898, 0) 
0 -0.447605 1 (-0.011631, 0) (-0.0181213, 0) (-0.0023156, 0) (0.0157212, 0) (-0.00229671, 0) (0.0157408, 0) (0.413692, 0) (0.413706, 0) (-0.395902, 0) (-0.395906, 0) (0.413688, 0) (0.413701, 0) (0.0157524, 0) (-0.00229829, 0) (0.0157324, 0) (-0.00231773, 0) (-0.0181346, 0) (-0.0116394, 0) 
1 -0.41015 1 (-0.469372, 0) (-0.182979, 0) (0.140289, 0) (0.287169, 0) (0.140286, 0) (0.287163, 0) (0.144717, 0) (-0.144815, 0) (4.23563e-05, 0) (5.0131e-05, 0) (0.144729, 0) (-0.144805, 0) (-0.287166, 0) (-0.140287, 0) (-0.287175, 0) (-0.140294, 0) (0.182977, 0) (0.469374, 0) 
0 0.383715 1 (0.259331, 0) (0.324197, 0) (-0.0342617, 0) (-0.349159, 0) (-0.0342904, 0) (-0.349181, 0) (-0.201847, 0) (0.201783, 0) (-3.44234e-06, 0) (2.52815e-05, 0) (-0.201796, 0) (0.201833, 0) (0.349178, 0) (0.0342887, 0) (0.349154, 0) (0.0342566, 0) (-0.324196, 0) (-0.259329, 0) 
1 0.457215 1 (-1.04144e-05, 0) (-7.14344e-07, 0) (-0.29477, 0) (-0.124225, 0) (0.29478, 0) (0.124223, 0) (0.367988, 0) (0.367988, 0) (0.156621, 0) (-0.156621, 0) (-0.367995, 0) (-0.367973, 0) (-0.124228, 0) (-0.294773, 0) (0.124227, 0) (0.294756, 0) (1.21117e-06, 0) (1.76592e-05, 0) 
0 0.741495 1 (2.04277e-05, 0) (2.28304e-05, 0) (-0.254024, 0) (-0.151439, 0) (0.254014, 0) (0.151395, 0) (0.376299, 0) (0.376326, 0) (0.204606, 0) (-0.204603, 0) (-0.37632, 0) (-0.376312, 0) (-0.151393, 0) (-0.254027, 0) (0.15144, 0) (0.254037, 0) (-2.43865e-05, 0) (-2.182e-05, 0) 
1 0.821467 1 (-0.541058, 0) (0.0358809, 0) (0.280852, 0) (0.0445895, 0) (0.280861, 0) (0.0445852, 0) (-0.094368, 0) (-0.0943699, 0) (-0.162562, 0) (-0.162562, 0) (-0.0943793, 0) (-0.0943669, 0) (0.0445875, 0) (0.280852, 0) (0.0445958, 0) (0.280853, 0) (0.0358837, 0) (-0.541049, 0) 
1 2.06193 1 (0.391, 0) (-0.205567, 0) (-0.207452, 0) (0.241438, 0) (-0.207437, 0) (0.24144, 0) (0.226057, 0) (-0.226047, 0) (6.47368e-06, 0) (-4.70329e-08, 0) (0.226041, 0) (-0.226062, 0) (-0.241444, 0) (0.207443, 0) (-0.24144, 0) (0.207455, 0) (0.205576, 0) (-0.391012, 0) 
0 2.81544 0 (0.486071, 0) (0.169876, 0) (-0.269568, 0) (-0.123495, 0) (-0.269533, 0) (-0.123509, 0) (0.10552, 0) (0.105504, 0) (0.191764, 0) (0.191772, 0) (0.105499, 0) (0.105526, 0) (-0.123507, 0) (-0.269551, 0) (-0.123496, 0) (-0.269569, 0) (0.169886, 0) (0.486089, 0) 
1 2.82336 0 (-2.38662e-06, 0) (1.92781e-06, 0) (0.339547, 0) (-0.154469, 0) (-0.339545, 0) (0.154472, 0) (0.127235, 0) (0.127249, 0) (0.43512, 0) (-0.435122, 0) (-0.127232, 0) (-0.127247, 0) (-0.154458, 0) (0.33953, 0) (0.154449, 0) (-0.33953, 0) (-9.16616e-08, 0) (1.13476e-07, 0) 
1 3.11016 0 (5.93416e-06, 0) (-5.42369e-06, 0) (-0.353883, 0) (0.198583, 0) (0.353879, 0) (-0.198579, 0) (0.292102, 0) (-0.292099, 0) (4.79863e-06, 0) (-1.22797e-05, 0) (-0.292095, 0) (0.292107, 0) (-0.198583, 0) (0.353906, 0) (0.198589, 0) (-0.353911, 0) (-6.61649e-06, 0) (7.23917e-06, 0) 
0 3.20955 0 (-4.01035e-06, 0) (-8.16194e-07, 0) (0.373607, 0) (-0.118815, 0) (-0.373603, 0) (0.118805, 0) (0.0902673, 0) (0.0902485, 0) (0.419864, 0) (-0.419859, 0) (-0.0902765, 0) (-0.0902395, 0) (-0.118827, 0) (0.37363, 0) (0.118838, 0) (-0.373647, 0) (3.17157e-06, 0) (1.5583e-05, 0) 
0 3.53875 0 (-2.52897e-05, 0) (-2.06351e-06, 0) (-0.37194, 0) (0.163637, 0) (0.371967, 0) (-0.163634, 0) (0.291354, 0) (-0.291365, 0) (-2.0361e-05, 0) (1.36646e-05, 0) (-0.291372, 0) (0.291356, 0) (-0.163625, 0) (0.371917, 0) (0.163632, 0) (-0.371902, 0) (-1.13723e-06, 0) (-1.39365e-05, 0) 
0 3.65363 0 (0.508459, 0) (0.0198529, 0) (-0.260403, 0) (0.105792, 0) (-0.260417, 0) (0.105791, 0) (0.203818, 0) (-0.203816, 0) (7.48695e-06, 0) (-5.90358e-06, 0) (0.203816, 0) (-0.203805, 0) (-0.105796, 0) (0.260415, 0) (-0.105789, 0) (0.260386, 0) (-0.0198553, 0) (-0.508439, 0) 
1 5.19015 0 (-0.239177, 0) (0.402857, 0) (-0.0903818, 0) (-0.282513, 0) (-0.0903735, 0) (-0.282522, 0) (0.135141, 0) (0.13514, 0) (0.260788, 0) (0.26079, 0) (0.135137, 0) (0.135146, 0) (-0.282514, 0) (-0.0903779, 0) (-0.28251, 0) (-0.0903827, 0) (0.402853, 0) (-0.239174, 0) 
0 5.70701 0 (-0.398482, 0) (0.28749, 0) (0.000427182, 0) (-0.288021, 0) (0.0004209, 0) (-0.288013, 0) (0.128499, 0) (0.128496, 0) (0.24419, 0) (0.244188, 0) (0.128501, 0) (0.128492, 0) (-0.288019, 0) (0.000426852, 0) (-0.288022, 0) (0.000429349, 0) (0.287489, 0) (-0.398483, 0) 
1 5.97432 0 (-0.196688, 0) (0.388414, 0) (-0.160501, 0) (-0.128092, 0) (-0.160498, 0) (-0.128092, 0) (0.33624, 0) (-0.336238, 0) (1.49529e-06, 0) (-6.71827e-07, 0) (0.336233, 0) (-0.336245, 0) (0.128091, 0) (0.160501, 0) (0.128091, 0) (0.160504, 0) (-0.388413, 0) (0.196686, 0) 
0 6.36362 0 (-0.310655, 0) (0.299674, 0) (-0.0883537, 0) (-0.168363, 0) (-0.0883552, 0) (-0.168363, 0) (0.347403, 0) (-0.347406, 0) (-2.35556e-06, 0) (-3.62914e-07, 0) (0.347411, 0) (-0.347401, 0) (0.168366, 0) (0.0883531, 0) (0.168368, 0) (0.0883503, 0) (-0.299677, 0) (0.310659, 0) 
1 7.05721 0 (1.43646e-06, 0) (-3.41281e-06, 0) (-0.145648, 0) (0.294651, 0) (0.145652, 0) (-0.294657, 0) (-0.376783, 0) (0.376784, 0) (3.32813e-06, 0) (1.67338e-06, 0) (0.376777, 0) (-0.376786, 0) (-0.294657, 0) (0.145656, 0) (0.294649, 0) (-0.145648, 0) (-6.33616e-06, 0) (2.6669e-06, 0) 
0 7.16966 0 (-2.21628e-06, 0) (2.79958e-06, 0) (-0.163272, 0) (0.291394, 0) (0.163269, 0) (-0.291389, 0) (-0.372067, 0) (0.372067, 0) (-2.79187e-06, 0) (-6.16141e-07, 0) (0.372072, 0) (-0.372062, 0) (-0.29139, 0) (0.163265, 0) (0.291395, 0) (-0.163271, 0) (5.57566e-06, 0) (-4.41398e-06, 0) 
1 7.66959 0 (0.136404, 0) (-0.355013, 0) (0.279837, 0) (-0.274571, 0) (0.279833, 0) (-0.274569, 0) (0.0913254, 0) (0.0911136, 0) (0.177941, 0) (0.177939, 0) (0.0913169, 0) (0.0911241, 0) (-0.274358, 0) (0.279625, 0) (-0.274366, 0) (0.279632, 0) (-0.354747, 0) (0.136301, 0) 
1 7.67679 0 (-0.123897, 0) (0.322791, 0) (-0.254931, 0) (0.251437, 0) (-0.254931, 0) (0.251443, 0) (-0.248653, 0) (0.248728, 0) (6.86147e-05, 0) (7.61955e-05, 0) (-0.248652, 0) (0.248733, 0) (-0.251664, 0) (0.25516, 0) (-0.251663, 0) (0.255163, 0) (-0.32308, 0) (0.124007, 0) 
0 7.98027 0 (-0.219483, 0) (0.343142, 0) (-0.272017, 0) (0.224001, 0) (-0.272016, 0) (0.223991, 0) (-0.20679, 0) (0.206825, 0) (4.28625e-05, 0) (2.87076e-05, 0) (-0.206789, 0) (0.206823, 0) (-0.224107, 0) (0.27215, 0) (-0.224114, 0) (0.27215, 0) (-0.343315, 0) (0.219594, 0) 
0 7.9964 0 (-0.230283, 0) (0.361402, -0) (-0.288009, 0) (0.240805, -0) (-0.288013, 0) (0.240805, -0) (-0.077976, 0) (-0.0778843, 0) (-0.150144, 0) (-0.150149, 0) (-0.0779817, 0) (-0.0778759, 0) (0.240705, -0) (-0.287884, 0) (0.240697, -0) (-0.287876, 0) (0.361242, -0) (-0.230181, 0) 
1 8.29412 0 (-8.71479e-07, 0) (2.46974e-06, 0) (-0.129756, 0) (0.32194, 0) (0.129752, 0) (-0.321937, 0) (-0.099361, 0) (-0.0993577, 0) (0.489177, 0) (-0.489181, 0) (0.0993557, 0) (0.0993616, 0) (0.321937, 0) (-0.129754, 0) (-0.321935, 0) (0.129756, 0) (-8.79428e-07, 0) (3.10317e-07, 0) 
0 8.32903 0 (3.39308e-06, 0) (-5.74308e-06, 0) (-0.14482, 0) (0.320657, 0) (0.144831, 0) (-0.320664, 0) (-0.0998114, 0) (-0.0998169, 0) (0.482162, 0) (-0.482157, 0) (0.0998193, 0) (0.0998111, 0) (0.320663, 0) (-0.144827, 0) (-0.320662, 0) (0.144822, 0) (2.4796e-06, 0) (-1.46498e-06, 0) 
