1 -4.80072 1 (0.0909707, 0) (0.180117, 0) (0.193891, 0) (0.291824, 0) (0.193891, 0) (0.291824, 0) (0.184932, 0) (0.184917, 0) (0.381317, 0) (0.381303, 0) (0.184931, 0) (0.184917, 0) (0.291816, 0) (0.193864, 0) (0.291816, 0) (0.193864, 0) (0.180099, 0) (0.0909632, 0) 
0 -4.66557 1 (-0.0525226, 0) (-0.16419, 0) (-0.174709, 0) (-0.302628, 0) (-0.174709, 0) (-0.302628, 0) (-0.198052, 0) (-0.198066, 0) (-0.384185, 0) (-0.384198, 0) (-0.198052, 0) (-0.198066, 0) (-0.302632, 0) (-0.174728, 0) (-0.302632, 0) (-0.174728, 0) (-0.164202, 0) (-0.0525258, 0) 
1 -3.71681 1 (0.229249, 0) (0.361869, 0) (0.293666, 0) (0.235038, 0) (0.293666, 0) (0.235038, 0) (0.0739901, 0) (-0.0739999, 0) (0.150214, 0) (-0.150253, 0) (0.0739898, 0) (-0.0740002, 0) (-0.235068, 0) (-0.293653, 0) (-0.235068, 0) (-0.293653, 0) (-0.361873, 0) (-0.229256, 0) 
0 -3.38783 1 (0.134556, 0) (0.356956, 0) (0.285177, 0) (0.270075, 0) (0.285177, 0) (0.270076, 0) (0.0884094, 0) (-0.0884062, 0) (0.174127, 0) (-0.174097, 0) (0.0884098, 0) (-0.0884058, 0) (-0.270051, 0) (-0.285194, 0) (-0.27005, 0) (-0.285194, 0) (-0.356958, 0) (-0.134555, 0) 
1 -2.72519 1 (1.80154e-07, 0) (2.18208e-07, 0) (-0.176703, 0) (-0.294271, 0) (0.176704, 0) (0.294271, 0) (-0.363601, 0) (-0.363563, 0) (9.48038e-09, 0) (-3.16713e-08, 0) (0.363601, 0) (0.363563, 0) (-0.294252, 0) (-0.17667, 0) (0.294252, 0) (0.17667, 0) (-1.8594e-07, 0) (-1.53517e-07, 0) 
0 -2.69155 1 (-1.10743e-07, 0) (-2.65227e-07, 0) (-0.152856, 0) (-0.296672, 0) (0.152855, 0) (0.296672, 0) (-0.37229, 0) (-0.372327, 0) (-7.65398e-08, 0) (8.22439e-08, 0) (0.37229, 0) (0.372327, 0) (-0.296685, 0) (-0.152879, 0) (0.296685, 0) (0.152879, 0) (2.58644e-07, 0) (1.07993e-07, 0) 
1 -2.59114 1 (-0.363459, 0) (-0.422188, 0) (-0.206609, 0) (0.0883715, 0) (-0.206609, 0) (0.0883715, 0) (0.11633, 0) (0.11632, 0) (0.248148, 0) (0.248139, 0) (0.11633, 0) (0.11632, 0) (0.0883703, 0) (-0.206602, 0) (0.0883703, 0) (-0.206602, 0) (-0.422218, 0) (-0.363495, 0) 
0 -2.03967 1 (-0.225861, 0) (-0.486399, 0) (-0.245902, 0) (0.068507, 0) (-0.245902, 0) (0.068507, 0) (0.123344, 0) (0.12336, 0) (0.227284, 0) (0.227301, 0) (0.123344, 0) (0.12336, 0) (0.0685181, 0) (-0.245909, 0) (0.0685181, 0) (-0.245909, 0) (-0.486371, 0) (-0.225845, 0) 
1 -1.36588 1 (-0.399394, 0) (-0.282684, 0) (0.00381808, 0) (0.28712, 0) (0.00381833, 0) (0.28712, 0) (0.124545, 0) (-0.124493, 0) (0.254261, 0) (-0.254276, 0) (0.124545, 0) (-0.124493, 0) (-0.287134, 0) (-0.0038385, 0) (-0.287134, 0) (-0.0038382, 0) (0.282674, 0) (0.399397, 0) 
1 -1.31266 1 (2.85238e-08, 0) (1.96264e-08, 0) (-0.312847, 0) (-0.357326, 0) (0.312847, 0) (0.357327, 0) (-0.156293, 0) (0.156325, 0) (4.88076e-07, 0) (4.71829e-07, 0) (0.156292, 0) (-0.156326, 0) (0.357374, 0) (0.312831, 0) (-0.357374, 0) (-0.312831, 0) (4.49666e-08, 0) (6.53548e-08, 0) 
0 -1.11903 1 (-2.00097e-09, 0) (-3.62686e-09, 0) (-0.278575, 0) (-0.37843, 0) (0.278575, 0) (0.37843, 0) (-0.170889, 0) (0.170874, 0) (-6.25683e-07, 0) (-6.39051e-07, 0) (0.17089, 0) (-0.170873, 0) (0.378386, 0) (0.278585, 0) (-0.378386, 0) (-0.278585, 0) (8.8889e-09, 0) (4.90399e-09, 0) 
0 -0.845345 1 (-0.232992, 0) (-0.398693, 0) (-0.089453, 0) (0.286243, 0) (-0.0894533, 0) (0.286243, 0) (0.135401, 0) (-0.135514, 0) (0.265011, 0) (-0.264925, 0) (0.135401, 0) (-0.135514, 0) (-0.286223, 0) (0.0894669, 0) (-0.286224, 0) (0.0894666, 0) (0.398672, 0) (0.232975, 0) 
1 -0.582385 1 (-0.00981043, 0) (-0.00409682, 0) (0.00266034, 0) (0.00641585, 0) (0.00266133, 0) (0.00641672, 0) (0.40952, 0) (0.409487, 0) (-0.405492, 0) (-0.40544, 0) (0.40952, 0) (0.409487, 0) (0.00644826, 0) (0.00267452, 0) (0.0064474, 0) (0.00267353, 0) (-0.00411631, 0) (-0.00985783, 0) 
0 -0.496828 1 (0.00481559, 0) (0.00761879, 0) (0.00103659, 0) (-0.00644951, 0) (0.00103551, 0) (-0.00645073, 0) (0.405742, 0) (0.40575, 0) (-0.412953, 0) (-0.413054, 0) (0.405742, 0) (0.40575, 0) (-0.00653326, 0) (0.00104916, 0) (-0.00653204, 0) (0.00105024, 0) (0.00771649, 0) (0.00487725, 0) 
1 0.749738 1 (-5.16804e-07, 0) (3.91633e-08, 0) (0.375768, 0) (0.142163, 0) (-0.375767, 0) (-0.142163, 0) (-0.297711, 0) (-0.297629, 0) (-3.68291e-09, 0) (8.10748e-08, 0) (0.29771, 0) (0.29763, 0) (0.142215, 0) (0.375697, 0) (-0.142215, 0) (-0.375698, 0) (-5.80564e-08, 0) (7.65806e-07, 0) 
1 0.817496 1 (-0.535918, 0) (0.0540609, 0) (0.283561, 0) (0.0461013, 0) (0.28356, 0) (0.0461014, 0) (-0.0917431, 0) (-0.0917079, 0) (-0.167662, 0) (-0.167609, 0) (-0.0917428, 0) (-0.091708, 0) (0.0461318, 0) (0.283483, 0) (0.0461317, 0) (0.283483, 0) (0.0540622, 0) (-0.535765, 0) 
0 1.15532 1 (2.06944e-07, 0) (2.00777e-07, 0) (0.358793, 0) (0.185172, 0) (-0.358793, 0) (-0.185172, 0) (-0.294842, 0) (-0.294916, 0) (-1.98078e-07, 0) (1.95475e-07, 0) (0.294843, 0) (0.294916, 0) (0.185141, 0) (0.358879, 0) (-0.185141, 0) (-0.358879, 0) (-2.09583e-07, 0) (-2.16013e-07, 0) 
1 1.43705 1 (0.483799, 0) (-0.159818, 0) (-0.269686, 0) (0.126441, 0) (-0.269687, 0) (0.12644, 0) (0.0997165, 0) (-0.0997518, 0) (0.207207, 0) (-0.207236, 0) (0.0997172, 0) (-0.0997511, 0) (-0.126439, 0) (0.269767, 0) (-0.126439, 0) (0.269766, 0) (0.159883, 0) (-0.48395, 0) 
0 2.88295 0 (0.483799, 0) (0.159818, 0) (-0.269686, 0) (-0.126441, 0) (-0.269687, 0) (-0.12644, 0) (0.0997165, 0) (0.0997518, 0) (0.207207, 0) (0.207236, 0) (0.0997172, 0) (0.0997511, 0) (-0.126439, 0) (-0.269767, 0) (-0.126439, 0) (-0.269766, 0) (0.159883, 0) (0.48395, 0) 
1 3.16468 0 (2.06944e-07, 0) (-2.00777e-07, 0) (0.358793, 0) (-0.185172, 0) (-0.358793, 0) (0.185172, 0) (-0.294842, 0) (0.294916, 0) (-1.98078e-07, 0) (-1.95475e-07, 0) (0.294843, 0) (-0.294916, 0) (0.185141, 0) (-0.358879, 0) (-0.185141, 0) (0.358879, 0) (-2.09583e-07, 0) (2.16013e-07, 0) 
0 3.5025 0 (-0.535918, 0) (-0.0540609, 0) (0.283561, 0) (-0.0461013, 0) (0.28356, 0) (-0.0461014, 0) (-0.0917431, 0) (0.0917079, 0) (-0.167662, 0) (0.167609, 0) (-0.0917428, 0) (0.091708, 0) (0.0461318, 0) (-0.283483, 0) (0.0461317, 0) (-0.283483, 0) (0.0540622, 0) (0.535765, 0) 
0 3.57026 0 (5.16804e-07, 0) (3.91633e-08, 0) (-0.375768, 0) (0.142163, 0) (0.375767, 0) (-0.142163, 0) (0.297711, 0) (-0.297629, 0) (3.68291e-09, 0) (8.10748e-08, 0) (-0.29771, 0) (0.29763, 0) (-0.142215, 0) (0.375697, 0) (0.142215, 0) (-0.375698, 0) (5.80564e-08, 0) (7.65806e-07, 0) 
1 4.81683 0 (-0.00481559, 0) (0.00761879, 0) (-0.00103659, 0) (-0.00644951, 0) (-0.00103551, 0) (-0.00645073, 0) (-0.405742, 0) (0.40575, 0) (0.412953, 0) (-0.413054, 0) (-0.405742, 0) (0.40575, 0) (0.00653326, 0) (0.00104916, 0) (0.00653204, 0) (0.00105024, 0) (-0.00771649, 0) (0.00487725, 0) 
0 4.90238 0 (0.00981043, 0) (-0.00409682, 0) (-0.00266034, 0) (0.00641585, 0) (-0.00266133, 0) (0.00641672, 0) (-0.40952, 0) (0.409487, 0) (0.405492, 0) (-0.40544, 0) (-0.40952, 0) (0.409487, 0) (-0.00644826, 0) (0.00267452, 0) (-0.0064474, 0) (0.00267353, 0) (0.00411631, 0) (-0.00985783, 0) 
1 5.16534 0 (0.232992, 0) (-0.398693, 0) (0.089453, 0) (0.286243, 0) (0.0894533, 0) (0.286243, 0) (-0.135401, 0) (-0.135514, 0) (-0.265011, 0) (-0.264925, 0) (-0.135401, 0) (-0.135514, 0) (0.286223, 0) (0.0894669, 0) (0.286224, 0) (0.0894666, 0) (-0.398672, 0) (0.232975, 0) 
1 5.43903 0 (2.00097e-09, 0) (-3.62686e-09, 0) (0.278575, 0) (-0.37843, 0) (-0.278575, 0) (0.37843, 0) (0.170889, 0) (0.170874, 0) (6.25683e-07, 0) (-6.39051e-07, 0) (-0.17089, 0) (-0.170873, 0) (-0.378386, 0) (0.278585, 0) (0.378386, 0) (-0.278585, 0) (-8.8889e-09, 0) (4.90399e-09, 0) 
0 5.63266 0 (-2.85238e-08, 0) (1.96264e-08, 0) (0.312847, 0) (-0.357326, 0) (-0.312847, 0) (0.357327, 0) (0.156293, 0) (0.156325, 0) (-4.88076e-07, 0) (4.71829e-07, 0) (-0.156292, 0) (-0.156326, 0) (-0.357374, 0) (0.312831, 0) (0.357374, 0) (-0.312831, 0) (-4.49666e-08, 0) (6.53548e-08, 0) 
0 5.68588 0 (0.399394, 0) (-0.282684, 0) (-0.00381808, 0) (0.28712, 0) (-0.00381833, 0) (0.28712, 0) (-0.124545, 0) (-0.124493, 0) (-0.254261, 0) (-0.254276, 0) (-0.124545, 0) (-0.124493, 0) (0.287134, 0) (-0.0038385, 0) (0.287134, 0) (-0.0038382, 0) (-0.282674, 0) (0.399397, 0) 
1 6.35967 0 (-0.225861, 0) (0.486399, 0) (-0.245902, 0) (-0.068507, 0) (-0.245902, 0) (-0.068507, 0) (0.123344, 0) (-0.12336, 0) (0.227284, 0) (-0.227301, 0) (0.123344, 0) (-0.12336, 0) (0.0685181, 0) (0.245909, 0) (0.0685181, 0) (0.245909, 0) (-0.486371, 0) (0.225845, 0) 
0 6.91114 0 (-0.363459, 0) (0.422188, 0) (-0.206609, 0) (-0.0883715, 0) (-0.206609, 0) (-0.0883715, 0) (0.11633, 0) (-0.11632, 0) (0.248148, 0) (-0.248139, 0) (0.11633, 0) (-0.11632, 0) (0.0883703, 0) (0.206602, 0) (0.0883703, 0) (0.206602, 0) (-0.422218, 0) (0.363495, 0) 
1 7.01155 0 (1.10743e-07, 0) (-2.65227e-07, 0) (0.152856, 0) (-0.296672, 0) (-0.152855, 0) (0.296672, 0) (0.37229, 0) (-0.372327, 0) (7.65398e-08, 0) (8.22439e-08, 0) (-0.37229, 0) (0.372327, 0) (0.296685, 0) (-0.152879, 0) (-0.296685, 0) (0.152879, 0) (-2.58644e-07, 0) (1.07993e-07, 0) 
0 7.04519 0 (1.80154e-07, 0) (-2.18208e-07, 0) (-0.176703, 0) (0.294271, 0) (0.176704, 0) (-0.294271, 0) (-0.363601, 0) (0.363563, 0) (9.48038e-09, 0) (3.16713e-08, 0) (0.363601, 0) (-0.363563, 0) (-0.294252, 0) (0.17667, 0) (0.294252, 0) (-0.17667, 0) (-1.8594e-07, 0) (1.53517e-07, 0) 
1 7.70783 0 (-0.134556, 0) (0.356956, 0) (-0.285177, 0) (0.270075, 0) (-0.285177, 0) (0.270076, 0) (-0.0884094, 0) (-0.0884062, 0) (-0.174127, 0) (-0.174097, 0) (-0.0884098, 0) (-0.0884058, 0) (0.270051, 0) (-0.285194, 0) (0.27005, 0) (-0.285194, 0) (0.356958, 0) (-0.134555, 0) 
0 8.03681 0 (0.229249, 0) (-0.361869, 0) (0.293666, 0) (-0.235038, 0) (0.293666, 0) (-0.235038, 0) (0.0739901, 0) (0.0739999, 0) (0.150214, 0) (0.150253, 0) (0.0739898, 0) (0.0740002, 0) (-0.235068, 0) (0.293653, 0) (-0.235068, 0) (0.293653, 0) (-0.361873, 0) (0.229256, 0) 
1 8.98557 0 (-0.0525226, 0) (0.16419, 0) (-0.174709, 0) (0.302628, 0) (-0.174709, 0) (0.302628, 0) (-0.198052, 0) (0.198066, 0) (-0.384185, 0) (0.384198, 0) (-0.198052, 0) (0.198066, 0) (-0.302632, 0) (0.174728, 0) (-0.302632, 0) (0.174728, 0) (-0.164202, 0) (0.0525258, 0) 
0 9.12072 0 (-0.0909707, 0) (0.180117, 0) (-0.193891, 0) (0.291824, 0) (-0.193891, 0) (0.291824, 0) (-0.184932, 0) (0.184917, 0) (-0.381317, 0) (0.381303, 0) (-0.184931, 0) (0.184917, 0) (-0.291816, 0) (0.193864, 0) (-0.291816, 0) (0.193864, 0) (-0.180099, 0) (0.0909632, 0) 
