1 -4.36071 1 (0.113661, 0) (0.211376, 0) (0.233623, 0) (0.309127, 0) (0.233623, 0) (0.309127, 0) (0.204178, 0) (0.173813, 0) (0.40019, 0) (0.352315, 0) (0.204177, 0) (0.173813, 0) (0.276391, 0) (0.142552, 0) (0.276391, 0) (0.142552, 0) (0.137322, 0) (0.0419887, 0) 
0 -4.36071 1 (0.0419887, 0) (0.137322, 0) (0.142552, 0) (0.276391, 0) (0.142552, 0) (0.276391, 0) (0.173813, 0) (0.204178, 0) (0.352315, 0) (0.40019, 0) (0.173813, 0) (0.204177, 0) (0.309127, 0) (0.233623, 0) (0.309127, 0) (0.233623, 0) (0.211376, 0) (0.113661, 0) 
1 -3.20357 1 (-0.273813, 0) (-0.39186, 0) (-0.317583, 0) (-0.179596, 0) (-0.317583, 0) (-0.179596, 0) (-0.0329194, 0) (0.115841, 0) (-0.0593835, 0) (0.240622, 0) (-0.0329187, 0) (0.115842, 0) (0.303557, 0) (0.247846, 0) (0.303558, 0) (0.247846, 0) (0.30952, 0) (0.108913, 0) 
0 -3.20357 1 (0.108913, 0) (0.30952, 0) (0.247846, 0) (0.303557, 0) (0.247846, 0) (0.303558, 0) (0.115841, 0) (-0.0329194, 0) (0.240622, 0) (-0.0593835, 0) (0.115842, 0) (-0.0329187, 0) (-0.179596, 0) (-0.317583, 0) (-0.179596, 0) (-0.317583, 0) (-0.39186, 0) (-0.273813, 0) 
1 -2.34201 1 (1.09883e-06, 0) (1.22193e-06, 0) (-0.208188, 0) (-0.308181, 0) (0.20819, 0) (0.308181, 0) (-0.396823, 0) (-0.33373, 0) (-1.76896e-07, 0) (-8.08918e-08, 0) (0.396821, 0) (0.33373, 0) (-0.276376, 0) (-0.128277, 0) (0.276376, 0) (0.128277, 0) (2.45696e-07, 0) (9.73902e-08, 0) 
0 -2.34201 1 (-9.74523e-08, 0) (-2.45852e-07, 0) (0.128277, 0) (0.276376, 0) (-0.128277, 0) (-0.276376, 0) (0.33373, 0) (0.396823, 0) (8.09098e-08, 0) (1.76978e-07, 0) (-0.33373, 0) (-0.396821, 0) (0.308181, 0) (0.208188, 0) (-0.308181, 0) (-0.20819, 0) (-1.222e-06, 0) (-1.0989e-06, 0) 
1 -1.9554 1 (-0.399814, 0) (-0.387355, 0) (-0.159823, 0) (0.173655, 0) (-0.159822, 0) (0.173656, 0) (0.163763, 0) (0.0678029, 0) (0.312108, 0) (0.131591, 0) (0.163764, 0) (0.0678043, 0) (-0.0366999, 0) (-0.255488, 0) (-0.0366985, 0) (-0.255488, 0) (-0.477173, 0) (-0.200526, 0) 
0 -1.9554 1 (-0.200526, 0) (-0.477173, 0) (-0.255488, 0) (-0.0366999, 0) (-0.255488, 0) (-0.0366985, 0) (0.0678029, 0) (0.163763, 0) (0.131591, 0) (0.312108, 0) (0.0678043, 0) (0.163764, 0) (0.173655, 0) (-0.159823, 0) (0.173656, 0) (-0.159822, 0) (-0.387355, 0) (-0.399814, 0) 
1 -0.859171 1 (4.41167e-08, 0) (2.48301e-08, 0) (-0.34203, 0) (-0.318463, 0) (0.34203, 0) (0.318463, 0) (-0.108267, 0) (0.202788, 0) (1.86228e-06, 0) (1.77096e-06, 0) (0.108263, 0) (-0.202791, 0) (0.405959, 0) (0.252882, 0) (-0.405958, 0) (-0.252882, 0) (-3.21777e-07, 0) (-1.63041e-07, 0) 
0 -0.859171 1 (1.63353e-07, 0) (3.22393e-07, 0) (-0.252882, 0) (-0.405959, 0) (0.252882, 0) (0.405958, 0) (-0.202788, 0) (0.108267, 0) (-1.77135e-06, 0) (-1.86206e-06, 0) (0.202791, 0) (-0.108263, 0) (0.318463, 0) (0.34203, 0) (-0.318463, 0) (-0.34203, 0) (-2.50421e-08, 0) (-4.44933e-08, 0) 
1 -0.719151 1 (-0.383133, 0) (-0.195769, 0) (0.0545768, 0) (0.243755, 0) (0.0545783, 0) (0.243756, 0) (0.117126, 0) (-0.124688, 0) (0.160317, 0) (-0.314923, 0) (0.117126, 0) (-0.124689, 0) (-0.293703, 0) (0.125174, 0) (-0.293702, 0) (0.125175, 0) (0.488157, 0) (0.254019, 0) 
0 -0.719151 1 (-0.254019, 0) (-0.488157, 0) (-0.125174, 0) (0.293703, 0) (-0.125175, 0) (0.293702, 0) (0.124688, 0) (-0.117126, 0) (0.314923, 0) (-0.160317, 0) (0.124689, 0) (-0.117126, 0) (-0.243755, 0) (-0.0545768, 0) (-0.243756, 0) (-0.0545783, 0) (0.195769, 0) (0.383133, 0) 
0 -0.177084 1 (0.0125012, 0) (0.0215141, 0) (0.00270302, 0) (-0.0178577, 0) (0.0027051, 0) (-0.0178549, 0) (-0.375729, 0) (-0.438793, 0) (0.357493, 0) (0.448759, 0) (-0.375729, 0) (-0.438792, 0) (0.0177615, 0) (0.0106618, 0) (0.017758, 0) (0.0106566, 0) (-0.0105278, 0) (-0.0339384, 0) 
1 -0.177084 1 (-0.0339384, 0) (-0.0105278, 0) (0.0106618, 0) (0.0177615, 0) (0.0106566, 0) (0.017758, 0) (-0.438793, 0) (-0.375729, 0) (0.448759, 0) (0.357493, 0) (-0.438792, 0) (-0.375729, 0) (-0.0178577, 0) (0.00270302, 0) (-0.0178549, 0) (0.0027051, 0) (0.0215141, 0) (0.0125012, 0) 
0 1.16927 1 (-0.10114, 0) (-0.123626, 0) (0.0299968, 0) (0.149245, 0) (0.0298778, 0) (0.149143, 0) (0.0160773, 0) (-0.137722, 0) (0.00932276, 0) (-0.292265, 0) (0.0161589, 0) (-0.137562, 0) (-0.0597557, 0) (0.390387, 0) (-0.0597878, 0) (0.390205, 0) (0.129955, 0) (-0.689613, 0) 
1 1.16927 1 (0.689613, 0) (-0.129955, 0) (-0.390387, 0) (0.0597557, 0) (-0.390205, 0) (0.0597878, 0) (0.137722, 0) (-0.0160773, 0) (0.292265, 0) (-0.00932275, 0) (0.137562, 0) (-0.0161589, 0) (-0.149245, 0) (-0.0299969, 0) (-0.149143, 0) (-0.0298778, 0) (0.123626, 0) (0.10114, 0) 
0 1.17914 1 (2.19307e-05, 0) (2.67262e-05, 0) (0.280277, 0) (0.23832, 0) (-0.28029, 0) (-0.238384, 0) (-0.192685, 0) (-0.375717, 0) (-3.31797e-06, 0) (6.21143e-05, 0) (0.19268, 0) (0.375776, 0) (0.0749003, 0) (0.425017, 0) (-0.0748738, 0) (-0.425183, 0) (-2.81137e-05, 0) (0.000146347, 0) 
1 1.17914 1 (-0.00014636, 0) (2.81163e-05, 0) (-0.425017, 0) (-0.0749003, 0) (0.425183, 0) (0.0748738, 0) (0.375717, 0) (0.192685, 0) (-6.212e-05, 0) (3.31813e-06, 0) (-0.375776, 0) (-0.19268, 0) (-0.23832, 0) (-0.280277, 0) (0.238384, 0) (0.28029, 0) (-2.67285e-05, 0) (-2.19326e-05, 0) 
0 3.95086 0 (0.00014636, 0) (2.81163e-05, 0) (0.425017, 0) (-0.0749003, 0) (-0.425183, 0) (0.0748738, 0) (-0.375717, 0) (0.192685, 0) (6.212e-05, 0) (3.31813e-06, 0) (0.375776, 0) (-0.19268, 0) (0.23832, 0) (-0.280277, 0) (-0.238384, 0) (0.28029, 0) (2.67285e-05, 0) (-2.19326e-05, 0) 
1 3.95086 0 (-2.19307e-05, 0) (2.67262e-05, 0) (-0.280277, 0) (0.23832, 0) (0.28029, 0) (-0.238384, 0) (0.192685, 0) (-0.375717, 0) (3.31797e-06, 0) (6.21143e-05, 0) (-0.19268, 0) (0.375776, 0) (-0.0749003, 0) (0.425017, 0) (0.0748738, 0) (-0.425183, 0) (2.81137e-05, 0) (0.000146347, 0) 
0 3.96073 0 (-0.689613, 0) (-0.129955, 0) (0.390387, 0) (0.0597557, 0) (0.390205, 0) (0.0597878, 0) (-0.137722, 0) (-0.0160773, 0) (-0.292265, 0) (-0.00932275, 0) (-0.137562, 0) (-0.0161589, 0) (0.149245, 0) (-0.0299969, 0) (0.149143, 0) (-0.0298778, 0) (-0.123626, 0) (0.10114, 0) 
1 3.96073 0 (0.10114, 0) (-0.123626, 0) (-0.0299968, 0) (0.149245, 0) (-0.0298778, 0) (0.149143, 0) (-0.0160773, 0) (-0.137722, 0) (-0.00932276, 0) (-0.292265, 0) (-0.0161589, 0) (-0.137562, 0) (0.0597557, 0) (0.390387, 0) (0.0597878, 0) (0.390205, 0) (-0.129955, 0) (-0.689613, 0) 
0 5.30708 0 (-0.0339384, 0) (0.0105278, 0) (0.0106618, 0) (-0.0177615, 0) (0.0106566, 0) (-0.017758, 0) (-0.438793, 0) (0.375729, 0) (0.448759, 0) (-0.357493, 0) (-0.438792, 0) (0.375729, 0) (-0.0178577, 0) (-0.00270302, 0) (-0.0178549, 0) (-0.0027051, 0) (0.0215141, 0) (-0.0125012, 0) 
1 5.30708 0 (-0.0125012, 0) (0.0215141, 0) (-0.00270302, 0) (-0.0178577, 0) (-0.0027051, 0) (-0.0178549, 0) (0.375729, 0) (-0.438793, 0) (-0.357493, 0) (0.448759, 0) (0.375729, 0) (-0.438792, 0) (-0.0177615, 0) (0.0106618, 0) (-0.017758, 0) (0.0106566, 0) (0.0105278, 0) (-0.0339384, 0) 
1 5.84915 0 (-0.254019, 0) (0.488157, 0) (-0.125174, 0) (-0.293703, 0) (-0.125175, 0) (-0.293702, 0) (0.124688, 0) (0.117126, 0) (0.314923, 0) (0.160317, 0) (0.124689, 0) (0.117126, 0) (-0.243755, 0) (0.0545768, 0) (-0.243756, 0) (0.0545783, 0) (0.195769, 0) (-0.383133, 0) 
0 5.84915 0 (0.383133, 0) (-0.195769, 0) (-0.0545768, 0) (0.243755, 0) (-0.0545783, 0) (0.243756, 0) (-0.117126, 0) (-0.124688, 0) (-0.160317, 0) (-0.314923, 0) (-0.117126, 0) (-0.124689, 0) (0.293703, 0) (0.125174, 0) (0.293702, 0) (0.125175, 0) (-0.488157, 0) (0.254019, 0) 
1 5.98917 0 (1.63353e-07, 0) (-3.22393e-07, 0) (-0.252882, 0) (0.405959, 0) (0.252882, 0) (-0.405958, 0) (-0.202788, 0) (-0.108267, 0) (-1.77135e-06, 0) (1.86206e-06, 0) (0.202791, 0) (0.108263, 0) (0.318463, 0) (-0.34203, 0) (-0.318463, 0) (0.34203, 0) (-2.50421e-08, 0) (4.44933e-08, 0) 
0 5.98917 0 (-4.41167e-08, 0) (2.48301e-08, 0) (0.34203, 0) (-0.318463, 0) (-0.34203, 0) (0.318463, 0) (0.108267, 0) (0.202788, 0) (-1.86228e-06, 0) (1.77096e-06, 0) (-0.108263, 0) (-0.202791, 0) (-0.405959, 0) (0.252882, 0) (0.405958, 0) (-0.252882, 0) (3.21777e-07, 0) (-1.63041e-07, 0) 
1 7.0854 0 (0.200526, 0) (-0.477173, 0) (0.255488, 0) (-0.0366999, 0) (0.255488, 0) (-0.0366985, 0) (-0.0678029, 0) (0.163763, 0) (-0.131591, 0) (0.312108, 0) (-0.0678043, 0) (0.163764, 0) (-0.173655, 0) (-0.159823, 0) (-0.173656, 0) (-0.159822, 0) (0.387355, 0) (-0.399814, 0) 
0 7.0854 0 (-0.399814, 0) (0.387355, 0) (-0.159823, 0) (-0.173655, 0) (-0.159822, 0) (-0.173656, 0) (0.163763, 0) (-0.0678029, 0) (0.312108, 0) (-0.131591, 0) (0.163764, 0) (-0.0678043, 0) (-0.0366999, 0) (0.255488, 0) (-0.0366985, 0) (0.255488, 0) (-0.477173, 0) (0.200526, 0) 
1 7.47201 0 (-9.74523e-08, 0) (2.45852e-07, 0) (0.128277, 0) (-0.276376, 0) (-0.128277, 0) (0.276376, 0) (0.33373, 0) (-0.396823, 0) (8.09098e-08, 0) (-1.76978e-07, 0) (-0.33373, 0) (0.396821, 0) (0.308181, 0) (-0.208188, 0) (-0.308181, 0) (0.20819, 0) (-1.222e-06, 0) (1.0989e-06, 0) 
0 7.47201 0 (1.09883e-06, 0) (-1.22193e-06, 0) (-0.208188, 0) (0.308181, 0) (0.20819, 0) (-0.308181, 0) (-0.396823, 0) (0.33373, 0) (-1.76896e-07, 0) (8.08918e-08, 0) (0.396821, 0) (-0.33373, 0) (-0.276376, 0) (0.128277, 0) (0.276376, 0) (-0.128277, 0) (2.45696e-07, 0) (-9.73902e-08, 0) 
1 8.33357 0 (0.108913, 0) (-0.30952, 0) (0.247846, 0) (-0.303557, 0) (0.247846, 0) (-0.303558, 0) (0.115841, 0) (0.0329194, 0) (0.240622, 0) (0.0593835, 0) (0.115842, 0) (0.0329187, 0) (-0.179596, 0) (0.317583, 0) (-0.179596, 0) (0.317583, 0) (-0.39186, 0) (0.273813, 0) 
0 8.33357 0 (-0.273813, 0) (0.39186, 0) (-0.317583, 0) (0.179596, 0) (-0.317583, 0) (0.179596, 0) (-0.0329194, 0) (-0.115841, 0) (-0.0593835, 0) (-0.240622, 0) (-0.0329187, 0) (-0.115842, 0) (0.303557, 0) (-0.247846, 0) (0.303558, 0) (-0.247846, 0) (0.30952, 0) (-0.108913, 0) 
1 9.49071 0 (-0.0419887, 0) (0.137322, 0) (-0.142552, 0) (0.276391, 0) (-0.142552, 0) (0.276391, 0) (-0.173813, 0) (0.204178, 0) (-0.352315, 0) (0.40019, 0) (-0.173813, 0) (0.204177, 0) (-0.309127, 0) (0.233623, 0) (-0.309127, 0) (0.233623, 0) (-0.211376, 0) (0.113661, 0) 
0 9.49071 0 (-0.113661, 0) (0.211376, 0) (-0.233623, 0) (0.309127, 0) (-0.233623, 0) (0.309127, 0) (-0.204178, 0) (0.173813, 0) (-0.40019, 0) (0.352315, 0) (-0.204177, 0) (0.173813, 0) (-0.276391, 0) (0.142552, 0) (-0.276391, 0) (0.142552, 0) (-0.137322, 0) (0.0419887, 0) 
