1 -4.40449 1 (-0.0986298, 0) (-0.182313, -0) (-0.197374, 0) (-0.289309, -0) (-0.197374, 0) (-0.289309, -0) (-0.182525, 0) (-0.182562, -0) (-0.380805, 0) (-0.380843, -0) (-0.182525, 0) (-0.182562, -0) (-0.28933, 0) (-0.197444, -0) (-0.28933, 0) (-0.197444, -0) (-0.182359, 0) (-0.0986513, -0) 
0 -4.26108 1 (0.0503882, 0) (0.164317, 0) (0.172254, 0) (0.304213, 0) (0.172254, 0) (0.304213, 0) (0.19956, 0) (0.199524, 0) (0.38266, 0) (0.38263, 0) (0.19956, 0) (0.199524, 0) (0.304206, 0) (0.17221, 0) (0.304206, 0) (0.17221, 0) (0.164291, 0) (0.0503815, 0) 
1 -3.35522 1 (-0.246991, 0) (-0.360568, 0) (-0.294328, 0) (-0.228343, 0) (-0.294328, 0) (-0.228343, 0) (-0.071441, 0) (0.0714147, 0) (-0.145894, 0) (0.145794, 0) (-0.0714411, 0) (0.0714146, 0) (0.228269, 0) (0.294358, 0) (0.228269, 0) (0.294358, 0) (0.360552, 0) (0.24697, 0) 
0 -2.97471 1 (0.129077, 0) (0.359426, 0) (0.281738, 0) (0.272669, 0) (0.281738, 0) (0.272669, 0) (0.0894627, 0) (-0.0894667, 0) (0.175133, 0) (-0.175198, 0) (0.0894625, 0) (-0.0894669, 0) (-0.272727, 0) (-0.281701, 0) (-0.272727, 0) (-0.281701, 0) (-0.359428, 0) (-0.129081, 0) 
1 -2.31164 1 (-6.27829e-08, 0) (-6.73869e-08, 0) (-0.181586, 0) (-0.293144, 0) (0.181586, 0) (0.293144, 0) (-0.361978, 0) (-0.362073, 0) (-3.59445e-09, 0) (8.21591e-10, 0) (0.361978, 0) (0.362073, 0) (-0.293195, 0) (-0.181674, 0) (0.293195, 0) (0.181674, 0) (7.17775e-08, 0) (6.68696e-08, 0) 
0 -2.30069 1 (3.84255e-08, 0) (9.74063e-08, 0) (-0.149335, 0) (-0.297762, 0) (0.149336, 0) (0.297762, 0) (-0.372944, 0) (-0.372853, 0) (2.8575e-08, 0) (-2.83141e-08, 0) (0.372944, 0) (0.372854, 0) (-0.297732, 0) (-0.149283, 0) (0.297732, 0) (0.149282, 0) (-9.75487e-08, 0) (-3.84826e-08, 0) 
1 -2.26996 1 (-0.385745, 0) (-0.408077, 0) (-0.197992, 0) (0.0915044, 0) (-0.197992, 0) (0.0915044, 0) (0.115179, 0) (0.115203, 0) (0.251073, 0) (0.251095, 0) (0.115179, 0) (0.115203, 0) (0.0915035, 0) (-0.198012, 0) (0.0915035, 0) (-0.198012, 0) (-0.408008, 0) (-0.385656, 0) 
0 -1.62415 1 (-0.21629, 0) (-0.494086, 0) (-0.244293, 0) (0.0681994, 0) (-0.244293, 0) (0.0681994, 0) (0.124475, 0) (0.124437, 0) (0.222352, 0) (0.222316, 0) (0.124475, 0) (0.124437, 0) (0.0681785, 0) (-0.244271, 0) (0.0681785, 0) (-0.244271, 0) (-0.494151, 0) (-0.216324, 0) 
1 -1.05187 1 (0.423747, 0) (0.257108, 0) (-0.0236079, 0) (-0.284204, 0) (-0.0236078, 0) (-0.284204, 0) (-0.121225, 0) (0.121337, 0) (-0.24955, 0) (0.249522, 0) (-0.121225, 0) (0.121337, 0) (0.28417, 0) (0.0235621, 0) (0.28417, 0) (0.0235622, 0) (-0.257138, 0) (-0.423754, 0) 
1 -0.92944 1 (-1.40873e-08, 0) (-7.90868e-09, 0) (-0.319755, 0) (-0.352507, 0) (0.319755, 0) (0.352507, 0) (-0.153425, 0) (0.153334, 0) (-1.69666e-07, 0) (-1.69722e-07, 0) (0.153426, 0) (-0.153334, 0) (0.352388, 0) (0.319794, 0) (-0.352388, 0) (-0.319794, 0) (-7.60142e-09, 0) (-1.35385e-08, 0) 
0 -0.709432 1 (-6.87188e-09, 0) (-1.33698e-08, 0) (-0.272059, 0) (-0.382123, 0) (0.272059, 0) (0.382123, 0) (-0.172985, 0) (0.173016, 0) (2.3779e-07, 0) (2.37438e-07, 0) (0.172984, 0) (-0.173017, 0) (0.382233, 0) (0.272039, 0) (-0.382233, 0) (-0.272039, 0) (-1.32224e-08, 0) (-6.79634e-09, 0) 
0 -0.452671 1 (0.219726, 0) (0.406601, 0) (0.0919625, 0) (-0.286179, 0) (0.0919624, 0) (-0.286179, 0) (-0.13552, 0) (0.135249, 0) (-0.26253, 0) (0.262733, 0) (-0.135519, 0) (0.135249, 0) (0.286229, 0) (-0.0919286, 0) (0.286229, 0) (-0.0919288, 0) (-0.406653, 0) (-0.219762, 0) 
1 -0.183719 1 (0.0158087, 0) (0.00450882, 0) (-0.00532783, 0) (-0.00891086, 0) (-0.00532747, 0) (-0.00891056, 0) (-0.409388, 0) (-0.409477, 0) (0.405216, 0) (0.405333, 0) (-0.409389, 0) (-0.409477, 0) (-0.00884502, 0) (-0.00528877, 0) (-0.00884532, 0) (-0.00528913, 0) (0.00447793, 0) (0.0156969, 0) 
0 -0.0849328 1 (-0.00630711, 0) (-0.0108122, 0) (-0.00147683, 0) (0.00907951, 0) (-0.00147722, 0) (0.00907905, 0) (-0.404822, 0) (-0.404801, 0) (0.414774, 0) (0.41453, 0) (-0.404822, 0) (-0.404801, 0) (0.00888019, 0) (-0.00144356, 0) (0.00888065, 0) (-0.00144317, 0) (-0.0105746, 0) (-0.00616873, 0) 
1 0.974279 1 (-0.525475, 0) (0.0754984, 0) (0.289693, 0) (0.0396101, 0) (0.289693, 0) (0.0396101, 0) (-0.0971186, 0) (-0.0972105, 0) (-0.167333, 0) (-0.167475, 0) (-0.0971187, 0) (-0.0972105, 0) (0.0395217, 0) (0.289882, 0) (0.0395217, 0) (0.289882, 0) (0.0755156, 0) (-0.525826, 0) 
1 1.08873 1 (2.58004e-07, 0) (-4.80057e-08, 0) (0.378072, 0) (0.1342, 0) (-0.378073, 0) (-0.1342, 0) (-0.298242, 0) (-0.298443, 0) (4.07876e-08, 0) (-4.2212e-08, 0) (0.298242, 0) (0.298443, 0) (0.134066, 0) (0.378234, 0) (-0.134066, 0) (-0.378234, 0) (4.87056e-08, 0) (-2.61855e-07, 0) 
0 1.61473 1 (6.55787e-08, 0) (7.11388e-08, 0) (-0.354299, 0) (-0.192654, 0) (0.354299, 0) (0.192654, 0) (0.295759, 0) (0.295583, 0) (-7.37451e-08, 0) (7.39761e-08, 0) (-0.295759, 0) (-0.295583, 0) (-0.192716, 0) (-0.354083, 0) (0.192716, 0) (0.354083, 0) (-7.07491e-08, 0) (-6.52233e-08, 0) 
1 1.65041 1 (-0.458511, 0) (0.180697, 0) (0.271146, 0) (-0.140857, 0) (0.271145, 0) (-0.140858, 0) (-0.104976, 0) (0.104885, 0) (-0.220658, 0) (0.220592, 0) (-0.104976, 0) (0.104885, 0) (0.140855, 0) (-0.270947, 0) (0.140855, 0) (-0.270948, 0) (-0.180528, 0) (0.458156, 0) 
0 3.47959 0 (0.458511, 0) (0.180697, 0) (-0.271146, 0) (-0.140857, 0) (-0.271145, 0) (-0.140858, 0) (0.104976, 0) (0.104885, 0) (0.220658, 0) (0.220592, 0) (0.104976, 0) (0.104885, 0) (-0.140855, 0) (-0.270947, 0) (-0.140855, 0) (-0.270948, 0) (0.180528, 0) (0.458156, 0) 
1 3.51527 0 (6.55787e-08, 0) (-7.11388e-08, 0) (-0.354299, 0) (0.192654, 0) (0.354299, 0) (-0.192654, 0) (0.295759, 0) (-0.295583, 0) (-7.37451e-08, 0) (-7.39761e-08, 0) (-0.295759, 0) (0.295583, 0) (-0.192716, 0) (0.354083, 0) (0.192716, 0) (-0.354083, 0) (-7.07491e-08, 0) (6.52233e-08, 0) 
0 4.04127 0 (-2.58004e-07, 0) (-4.80057e-08, 0) (-0.378072, 0) (0.1342, 0) (0.378073, 0) (-0.1342, 0) (0.298242, 0) (-0.298443, 0) (-4.07876e-08, 0) (-4.2212e-08, 0) (-0.298242, 0) (0.298443, 0) (-0.134066, 0) (0.378234, 0) (0.134066, 0) (-0.378234, 0) (-4.87056e-08, 0) (-2.61855e-07, 0) 
0 4.15572 0 (-0.525475, 0) (-0.0754984, 0) (0.289693, 0) (-0.0396101, 0) (0.289693, 0) (-0.0396101, 0) (-0.0971186, 0) (0.0972105, 0) (-0.167333, 0) (0.167475, 0) (-0.0971187, 0) (0.0972105, 0) (0.0395217, 0) (-0.289882, 0) (0.0395217, 0) (-0.289882, 0) (0.0755156, 0) (0.525826, 0) 
1 5.21493 0 (0.00630711, 0) (-0.0108122, 0) (0.00147683, 0) (0.00907951, 0) (0.00147722, 0) (0.00907905, 0) (0.404822, 0) (-0.404801, 0) (-0.414774, 0) (0.41453, 0) (0.404822, 0) (-0.404801, 0) (-0.00888019, 0) (-0.00144356, 0) (-0.00888065, 0) (-0.00144317, 0) (0.0105746, 0) (-0.00616873, 0) 
0 5.31372 0 (-0.0158087, 0) (0.00450882, 0) (0.00532783, 0) (-0.00891086, 0) (0.00532747, 0) (-0.00891056, 0) (0.409388, 0) (-0.409477, 0) (-0.405216, 0) (0.405333, 0) (0.409389, 0) (-0.409477, 0) (0.00884502, 0) (-0.00528877, 0) (0.00884532, 0) (-0.00528913, 0) (-0.00447793, 0) (0.0156969, 0) 
1 5.58267 0 (0.219726, 0) (-0.406601, 0) (0.0919625, 0) (0.286179, 0) (0.0919624, 0) (0.286179, 0) (-0.13552, 0) (-0.135249, 0) (-0.26253, 0) (-0.262733, 0) (-0.135519, 0) (-0.135249, 0) (0.286229, 0) (0.0919286, 0) (0.286229, 0) (0.0919288, 0) (-0.406653, 0) (0.219762, 0) 
1 5.83943 0 (-6.87188e-09, 0) (1.33698e-08, 0) (-0.272059, 0) (0.382123, 0) (0.272059, 0) (-0.382123, 0) (-0.172985, 0) (-0.173016, 0) (2.3779e-07, 0) (-2.37438e-07, 0) (0.172984, 0) (0.173017, 0) (0.382233, 0) (-0.272039, 0) (-0.382233, 0) (0.272039, 0) (-1.32224e-08, 0) (6.79634e-09, 0) 
0 6.05944 0 (-1.40873e-08, 0) (7.90868e-09, 0) (-0.319755, 0) (0.352507, 0) (0.319755, 0) (-0.352507, 0) (-0.153425, 0) (-0.153334, 0) (-1.69666e-07, 0) (1.69722e-07, 0) (0.153426, 0) (0.153334, 0) (0.352388, 0) (-0.319794, 0) (-0.352388, 0) (0.319794, 0) (-7.60142e-09, 0) (1.35385e-08, 0) 
0 6.18187 0 (0.423747, 0) (-0.257108, 0) (-0.0236079, 0) (0.284204, 0) (-0.0236078, 0) (0.284204, 0) (-0.121225, 0) (-0.121337, 0) (-0.24955, 0) (-0.249522, 0) (-0.121225, 0) (-0.121337, 0) (0.28417, 0) (-0.0235621, 0) (0.28417, 0) (-0.0235622, 0) (-0.257138, 0) (0.423754, 0) 
1 6.75415 0 (-0.21629, 0) (0.494086, 0) (-0.244293, 0) (-0.0681994, 0) (-0.244293, 0) (-0.0681994, 0) (0.124475, 0) (-0.124437, 0) (0.222352, 0) (-0.222316, 0) (0.124475, 0) (-0.124437, 0) (0.0681785, 0) (0.244271, 0) (0.0681785, 0) (0.244271, 0) (-0.494151, 0) (0.216324, 0) 
0 7.39996 0 (-0.385745, 0) (0.408077, 0) (-0.197992, 0) (-0.0915044, 0) (-0.197992, 0) (-0.0915044, 0) (0.115179, 0) (-0.115203, 0) (0.251073, 0) (-0.251095, 0) (0.115179, 0) (-0.115203, 0) (0.0915035, 0) (0.198012, 0) (0.0915035, 0) (0.198012, 0) (-0.408008, 0) (0.385656, 0) 
1 7.43069 0 (-3.84255e-08, 0) (9.74063e-08, 0) (0.149335, 0) (-0.297762, 0) (-0.149336, 0) (0.297762, 0) (0.372944, 0) (-0.372853, 0) (-2.8575e-08, 0) (-2.83141e-08, 0) (-0.372944, 0) (0.372854, 0) (0.297732, 0) (-0.149283, 0) (-0.297732, 0) (0.149282, 0) (9.75487e-08, 0) (-3.84826e-08, 0) 
0 7.44164 0 (6.27829e-08, 0) (-6.73868e-08, 0) (0.181586, 0) (-0.293144, 0) (-0.181586, 0) (0.293144, 0) (0.361978, 0) (-0.362073, 0) (3.59445e-09, 0) (8.21589e-10, 0) (-0.361978, 0) (0.362073, 0) (0.293195, 0) (-0.181674, 0) (-0.293195, 0) (0.181674, 0) (-7.17775e-08, 0) (6.68696e-08, 0) 
1 8.10471 0 (-0.129077, 0) (0.359426, 0) (-0.281738, 0) (0.272669, 0) (-0.281738, 0) (0.272669, 0) (-0.0894627, 0) (-0.0894667, 0) (-0.175133, 0) (-0.175198, 0) (-0.0894625, 0) (-0.0894669, 0) (0.272727, 0) (-0.281701, 0) (0.272727, 0) (-0.281701, 0) (0.359428, 0) (-0.129081, 0) 
0 8.48522 0 (0.246991, 0) (-0.360568, 0) (0.294328, 0) (-0.228343, 0) (0.294328, 0) (-0.228343, 0) (0.071441, 0) (0.0714147, 0) (0.145894, 0) (0.145794, 0) (0.0714411, 0) (0.0714146, 0) (-0.228269, 0) (0.294358, 0) (-0.228269, 0) (0.294358, 0) (-0.360552, 0) (0.24697, 0) 
1 9.39108 0 (0.0503882, 0) (-0.164317, 0) (0.172254, 0) (-0.304213, 0) (0.172254, 0) (-0.304213, 0) (0.19956, 0) (-0.199524, 0) (0.38266, 0) (-0.38263, 0) (0.19956, 0) (-0.199524, 0) (0.304206, 0) (-0.17221, 0) (0.304206, 0) (-0.17221, 0) (0.164291, 0) (-0.0503815, 0) 
0 9.53449 0 (-0.0986298, 0) (0.182313, 0) (-0.197374, 0) (0.289309, 0) (-0.197374, 0) (0.289309, 0) (-0.182525, 0) (0.182562, 0) (-0.380805, 0) (0.380843, 0) (-0.182525, 0) (0.182562, 0) (-0.28933, 0) (0.197444, 0) (-0.28933, 0) (0.197444, 0) (-0.182359, 0) (0.0986513, 0) 
