1 -4.97968 1 (-0.0890109, 0) (-0.184068, 0) (-0.21103, 0) (-0.288315, 0) (-0.211029, 0) (-0.288311, 0) (-0.193691, 0) (-0.193694, 0) (-0.357565, 0) (-0.357566, 0) (-0.193695, 0) (-0.193694, 0) (-0.288306, 0) (-0.211023, 0) (-0.288309, 0) (-0.211025, 0) (-0.184063, 0) (-0.0890083, 0) 
0 -4.51729 1 (-0.0526313, 0) (-0.160498, 0) (-0.161535, 0) (-0.304553, 0) (-0.161537, 0) (-0.304557, 0) (-0.186972, 0) (-0.18697, 0) (-0.404791, 0) (-0.404789, 0) (-0.186969, 0) (-0.186969, 0) (-0.304561, 0) (-0.16154, 0) (-0.304558, 0) (-0.161539, 0) (-0.160501, 0) (-0.0526325, 0) 
1 -3.95963 1 (0.204534, 0) (0.345689, 0) (0.312343, 0) (0.235475, 0) (0.312339, 0) (0.235469, 0) (0.0756956, 0) (-0.0757006, 0) (0.145581, 0) (-0.145592, 0) (0.0756942, 0) (-0.0757023, 0) (-0.235473, 0) (-0.312339, 0) (-0.235478, 0) (-0.312342, 0) (-0.345688, 0) (-0.204534, 0) 
0 -3.17796 1 (-0.145458, 0) (-0.371415, 0) (-0.269866, 0) (-0.271647, 0) (-0.26987, 0) (-0.271656, 0) (-0.086711, 0) (0.0867091, 0) (-0.180581, 0) (0.18057, 0) (-0.0867138, 0) (0.0867061, 0) (0.271653, 0) (0.269872, 0) (0.271647, 0) (0.269869, 0) (0.371419, 0) (0.145459, 0) 
1 -3.06691 1 (-1.49031e-06, 0) (-2.02606e-06, 0) (-0.186495, 0) (-0.28534, 0) (0.186493, 0) (0.28534, 0) (-0.365783, 0) (-0.365793, 0) (-1.42031e-07, 0) (-3.91781e-07, 0) (0.365797, 0) (0.365794, 0) (-0.285335, 0) (-0.186493, 0) (0.285334, 0) (0.186484, 0) (-6.56401e-06, 0) (-4.82827e-06, 0) 
1 -2.6864 1 (0.333748, 0) (0.406693, 0) (0.225007, 0) (-0.0941379, 0) (0.225011, 0) (-0.0941311, 0) (-0.147286, 0) (-0.147291, 0) (-0.246658, 0) (-0.24666, 0) (-0.147282, 0) (-0.147282, 0) (-0.0941358, 0) (0.225011, 0) (-0.0941292, 0) (0.225016, 0) (0.406699, 0) (0.333753, 0) 
0 -2.37141 1 (-4.12168e-07, 0) (-9.29316e-07, 0) (-0.146888, 0) (-0.306139, 0) (0.146887, 0) (0.306138, 0) (-0.367024, 0) (-0.367014, 0) (8.11165e-07, 0) (1.82145e-06, 0) (0.367011, 0) (0.367014, 0) (-0.306144, 0) (-0.146888, 0) (0.306147, 0) (0.146896, 0) (6.80854e-06, 0) (3.01971e-06, 0) 
0 -1.93889 1 (-0.241596, 0) (-0.506024, 0) (-0.229854, 0) (0.0637907, 0) (-0.229852, 0) (0.0637949, 0) (0.094657, 0) (0.0946549, 0) (0.232063, 0) (0.232062, 0) (0.0946588, 0) (0.09466, 0) (0.063794, 0) (-0.22985, 0) (0.0637978, 0) (-0.229848, 0) (-0.506017, 0) (-0.241592, 0) 
1 -1.68408 1 (4.81282e-06, 0) (4.07806e-06, 0) (-0.334266, 0) (-0.340241, 0) (0.334267, 0) (0.340235, 0) (-0.150007, 0) (0.15004, 0) (-7.45649e-06, 0) (-4.14188e-06, 0) (0.150025, 0) (-0.150021, 0) (0.340236, 0) (0.33426, 0) (-0.340234, 0) (-0.33426, 0) (-6.58495e-07, 0) (-7.77139e-07, 0) 
1 -1.36962 1 (0.399102, 0) (0.291689, 0) (0.0103872, 0) (-0.282326, 0) (0.0103883, 0) (-0.282325, 0) (-0.131218, 0) (0.131231, 0) (-0.248135, 0) (0.248133, 0) (-0.131229, 0) (0.131226, 0) (0.282316, 0) (-0.0103934, 0) (0.282325, 0) (-0.0103831, 0) (-0.291684, 0) (-0.399095, 0) 
1 -0.846357 1 (0.0260822, 0) (0.0140078, 0) (-0.00430232, 0) (-0.0170521, 0) (-0.00433077, 0) (-0.0170723, 0) (0.402679, 0) (0.402691, 0) (-0.417357, 0) (-0.417369, 0) (0.402685, 0) (0.402689, 0) (-0.0170682, 0) (-0.00432131, 0) (-0.0170625, 0) (-0.0043133, 0) (0.0140104, 0) (0.026087, 0) 
0 -0.830967 1 (0.239396, 0) (0.403183, 0) (0.0770414, 0) (-0.286571, 0) (0.0768927, 0) (-0.286796, 0) (-0.126606, 0) (0.126597, 0) (-0.268, 0) (0.267997, 0) (-0.126696, 0) (0.126701, 0) (0.286581, 0) (-0.0770389, 0) (0.286797, 0) (-0.0768957, 0) (-0.403188, 0) (-0.2394, 0) 
0 -0.821577 1 (-6.66929e-05, 0) (-0.00011209, 0) (0.258971, 0) (0.391198, 0) (-0.259013, 0) (-0.391038, 0) (0.17311, 0) (-0.173068, 0) (6.728e-05, 0) (-8.41988e-05, 0) (-0.173009, 0) (0.173022, 0) (-0.391204, 0) (-0.258975, 0) (0.391041, 0) (0.259018, 0) (0.000114233, 0) (6.79679e-05, 0) 
0 -0.228161 1 (0.0119237, 0) (0.0174194, 0) (0.000602709, 0) (-0.0166416, 0) (0.00057821, 0) (-0.0166732, 0) (-0.412889, 0) (-0.412881, 0) (0.39756, 0) (0.397551, 0) (-0.412891, 0) (-0.41288, 0) (-0.0166662, 0) (0.000583884, 0) (-0.0166493, 0) (0.000596991, 0) (0.0174196, 0) (0.0119239, 0) 
1 0.187792 1 (1.08209e-05, 0) (1.66693e-06, 0) (0.384882, 0) (0.124923, 0) (-0.384891, 0) (-0.124929, 0) (-0.293682, 0) (-0.293691, 0) (1.44974e-06, 0) (7.80504e-06, 0) (0.293679, 0) (0.293677, 0) (0.124937, 0) (0.384903, 0) (-0.124933, 0) (-0.384898, 0) (-8.57906e-07, 0) (-5.5691e-06, 0) 
1 0.621059 1 (0.549121, 0) (-0.00352679, 0) (-0.275799, 0) (-0.0417343, 0) (-0.275799, 0) (-0.0417346, 0) (0.0712401, 0) (0.0712415, 0) (0.180787, 0) (0.180787, 0) (0.0712385, 0) (0.0712365, 0) (-0.041739, 0) (-0.275806, 0) (-0.0417374, 0) (-0.275799, 0) (-0.00352644, 0) (0.549128, 0) 
1 1.24245 1 (-0.487452, 0) (0.115316, 0) (0.270947, 0) (-0.133208, 0) (0.270938, 0) (-0.133207, 0) (-0.112507, 0) (0.112501, 0) (-0.203656, 0) (0.203657, 0) (-0.112504, 0) (0.112508, 0) (0.133202, 0) (-0.270934, 0) (0.133204, 0) (-0.270944, 0) (-0.115314, 0) (0.487446, 0) 
0 1.66488 0 (-3.8257e-06, 0) (-2.90669e-06, 0) (0.341609, 0) (0.201296, 0) (-0.341605, 0) (-0.201287, 0) (-0.30462, 0) (-0.304612, 0) (3.17014e-06, 0) (-7.66451e-06, 0) (0.30462, 0) (0.304623, 0) (0.201278, 0) (0.341594, 0) (-0.201283, 0) (-0.341596, 0) (1.52227e-06, 0) (2.00356e-06, 0) 
1 2.65512 1 (-3.8257e-06, 0) (2.90669e-06, 0) (0.341609, 0) (-0.201296, 0) (-0.341605, 0) (0.201287, 0) (-0.30462, 0) (0.304612, 0) (3.17014e-06, 0) (7.66451e-06, 0) (0.30462, 0) (-0.304623, 0) (0.201278, 0) (-0.341594, 0) (-0.201283, 0) (0.341596, 0) (1.52227e-06, 0) (-2.00356e-06, 0) 
0 3.07755 0 (-0.487452, 0) (-0.115316, 0) (0.270947, 0) (0.133208, 0) (0.270938, 0) (0.133207, 0) (-0.112507, 0) (-0.112501, 0) (-0.203656, 0) (-0.203657, 0) (-0.112504, 0) (-0.112508, 0) (0.133202, 0) (0.270934, 0) (0.133204, 0) (0.270944, 0) (-0.115314, 0) (-0.487446, 0) 
0 3.69894 0 (0.549121, 0) (0.00352679, 0) (-0.275799, 0) (0.0417343, 0) (-0.275799, 0) (0.0417346, 0) (0.0712401, 0) (-0.0712415, 0) (0.180787, 0) (-0.180787, 0) (0.0712385, 0) (-0.0712365, 0) (-0.041739, 0) (0.275806, 0) (-0.0417374, 0) (0.275799, 0) (-0.00352644, 0) (-0.549128, 0) 
0 4.13221 0 (1.08209e-05, 0) (-1.66693e-06, 0) (0.384882, 0) (-0.124923, 0) (-0.384891, 0) (0.124929, 0) (-0.293682, 0) (0.293691, 0) (1.44974e-06, 0) (-7.80504e-06, 0) (0.293679, 0) (-0.293677, 0) (0.124937, 0) (-0.384903, 0) (-0.124933, 0) (0.384898, 0) (-8.57906e-07, 0) (5.5691e-06, 0) 
1 4.54816 0 (0.0119237, 0) (-0.0174194, 0) (0.000602709, 0) (0.0166416, 0) (0.00057821, 0) (0.0166732, 0) (-0.412889, 0) (0.412881, 0) (0.39756, 0) (-0.397551, 0) (-0.412891, 0) (0.41288, 0) (-0.0166662, 0) (-0.000583884, 0) (-0.0166493, 0) (-0.000596991, 0) (0.0174196, 0) (-0.0119239, 0) 
1 5.14158 0 (6.66929e-05, 0) (-0.00011209, 0) (-0.258971, 0) (0.391198, 0) (0.259013, 0) (-0.391038, 0) (-0.17311, 0) (-0.173068, 0) (-6.728e-05, 0) (-8.41988e-05, 0) (0.173009, 0) (0.173022, 0) (0.391204, 0) (-0.258975, 0) (-0.391041, 0) (0.259018, 0) (-0.000114233, 0) (6.79679e-05, 0) 
1 5.15097 0 (0.239396, 0) (-0.403183, 0) (0.0770414, 0) (0.286571, 0) (0.0768927, 0) (0.286796, 0) (-0.126606, 0) (-0.126597, 0) (-0.268, 0) (-0.267997, 0) (-0.126696, 0) (-0.126701, 0) (0.286581, 0) (0.0770389, 0) (0.286797, 0) (0.0768957, 0) (-0.403188, 0) (0.2394, 0) 
0 5.16636 0 (-0.0260822, 0) (0.0140078, 0) (0.00430232, 0) (-0.0170521, 0) (0.00433077, 0) (-0.0170723, 0) (-0.402679, 0) (0.402691, 0) (0.417357, 0) (-0.417369, 0) (-0.402685, 0) (0.402689, 0) (0.0170682, 0) (-0.00432131, 0) (0.0170625, 0) (-0.0043133, 0) (-0.0140104, 0) (0.026087, 0) 
0 5.68962 0 (-0.399102, 0) (0.291689, 0) (-0.0103872, 0) (-0.282326, 0) (-0.0103883, 0) (-0.282325, 0) (0.131218, 0) (0.131231, 0) (0.248135, 0) (0.248133, 0) (0.131229, 0) (0.131226, 0) (-0.282316, 0) (-0.0103934, 0) (-0.282325, 0) (-0.0103831, 0) (0.291684, 0) (-0.399095, 0) 
0 6.00408 0 (-4.81282e-06, 0) (4.07806e-06, 0) (0.334266, 0) (-0.340241, 0) (-0.334267, 0) (0.340235, 0) (0.150007, 0) (0.15004, 0) (7.45649e-06, 0) (-4.14188e-06, 0) (-0.150025, 0) (-0.150021, 0) (-0.340236, 0) (0.33426, 0) (0.340234, 0) (-0.33426, 0) (6.58495e-07, 0) (-7.77138e-07, 0) 
1 6.25889 0 (-0.241596, 0) (0.506024, 0) (-0.229854, 0) (-0.0637907, 0) (-0.229852, 0) (-0.0637949, 0) (0.094657, 0) (-0.0946549, 0) (0.232063, 0) (-0.232062, 0) (0.0946588, 0) (-0.09466, 0) (0.063794, 0) (0.22985, 0) (0.0637978, 0) (0.229848, 0) (-0.506017, 0) (0.241592, 0) 
1 6.69141 0 (-4.12169e-07, 0) (9.29316e-07, 0) (-0.146888, 0) (0.306139, 0) (0.146887, 0) (-0.306138, 0) (-0.367024, 0) (0.367014, 0) (8.11165e-07, 0) (-1.82145e-06, 0) (0.367011, 0) (-0.367014, 0) (-0.306144, 0) (0.146888, 0) (0.306147, 0) (-0.146896, 0) (6.80854e-06, 0) (-3.01971e-06, 0) 
0 7.0064 0 (-0.333748, 0) (0.406693, 0) (-0.225007, 0) (-0.0941379, 0) (-0.225011, 0) (-0.0941311, 0) (0.147286, 0) (-0.147291, 0) (0.246658, 0) (-0.24666, 0) (0.147282, 0) (-0.147282, 0) (0.0941358, 0) (0.225011, 0) (0.0941292, 0) (0.225016, 0) (-0.406699, 0) (0.333753, 0) 
0 7.38691 0 (-1.49031e-06, 0) (2.02606e-06, 0) (-0.186495, 0) (0.28534, 0) (0.186493, 0) (-0.28534, 0) (-0.365783, 0) (0.365793, 0) (-1.42031e-07, 0) (3.91781e-07, 0) (0.365797, 0) (-0.365794, 0) (-0.285335, 0) (0.186493, 0) (0.285334, 0) (-0.186484, 0) (-6.56401e-06, 0) (4.82827e-06, 0) 
1 7.49796 0 (0.145458, 0) (-0.371415, 0) (0.269866, 0) (-0.271647, 0) (0.26987, 0) (-0.271656, 0) (0.086711, 0) (0.0867091, 0) (0.180581, 0) (0.18057, 0) (0.0867138, 0) (0.0867061, 0) (-0.271653, 0) (0.269872, 0) (-0.271647, 0) (0.269869, 0) (-0.371419, 0) (0.145459, 0) 
0 8.27963 0 (-0.204534, 0) (0.345689, -0) (-0.312343, 0) (0.235475, -0) (-0.312339, 0) (0.235469, -0) (-0.0756956, 0) (-0.0757006, 0) (-0.145581, 0) (-0.145592, 0) (-0.0756942, 0) (-0.0757023, 0) (0.235473, -0) (-0.312339, 0) (0.235478, -0) (-0.312342, 0) (0.345688, -0) (-0.204534, 0) 
1 8.83729 0 (-0.0526313, 0) (0.160498, 0) (-0.161535, 0) (0.304553, 0) (-0.161537, 0) (0.304557, 0) (-0.186972, 0) (0.18697, 0) (-0.404791, 0) (0.404789, 0) (-0.186969, 0) (0.186969, 0) (-0.304561, 0) (0.16154, 0) (-0.304558, 0) (0.161539, 0) (-0.160501, 0) (0.0526325, 0) 
0 9.29968 0 (0.0890109, 0) (-0.184068, 0) (0.21103, 0) (-0.288315, 0) (0.211029, 0) (-0.288311, 0) (0.193691, 0) (-0.193694, 0) (0.357565, 0) (-0.357566, 0) (0.193695, 0) (-0.193694, 0) (0.288306, 0) (-0.211023, 0) (0.288309, 0) (-0.211025, 0) (0.184063, 0) (-0.0890083, 0) 
