1 -5.03217 1 (-0.0799152, 0) (-0.169211, 0) (-0.195266, 0) (-0.283615, 0) (-0.195266, 0) (-0.283615, 0) (-0.193596, 0) (-0.192987, 0) (-0.380883, 0) (-0.380883, 0) (-0.193596, 0) (-0.192987, 0) (-0.288991, 0) (-0.204272, 0) (-0.288991, 0) (-0.204272, 0) (-0.17579, 0) (-0.0828802, 0) 
0 -4.36072 1 (-0.065093, 0) (-0.194527, 0) (-0.191858, 0) (-0.312173, 0) (-0.191858, 0) (-0.312173, 0) (-0.197759, 0) (-0.197002, 0) (-0.363528, 0) (-0.363528, 0) (-0.197759, 0) (-0.197002, 0) (-0.298192, 0) (-0.170283, 0) (-0.298192, 0) (-0.170283, 0) (-0.173375, 0) (-0.0580477, 0) 
1 -3.72287 1 (1.07972e-16, 0) (3.40026e-16, 0) (0.169927, 0) (0.311663, 0) (-0.169927, 0) (-0.311663, 0) (0.316601, 0) (0.314231, 0) (-0.208205, 0) (0.208205, 0) (-0.316601, 0) (-0.314231, 0) (0.316791, 0) (0.17694, 0) (-0.316791, 0) (-0.17694, 0) (-4.23523e-16, 0) (-4.13839e-16, 0) 
1 -3.60811 1 (-0.249119, -0) (-0.396086, -0) (-0.321596, -0) (-0.180082, -0) (-0.321596, -0) (-0.180082, -0) (-0.0647768, -0) (0.0547768, -0) (-0.00739833, -0) (-0.00739833, -0) (-0.0647768, -0) (0.0547768, -0) (0.172862, -0) (0.326899, -0) (0.172862, -0) (0.326899, -0) (0.398521, -0) (0.250077, -0) 
0 -3.13899 1 (2.19423e-16, 0) (6.76138e-16, 0) (-0.156047, 0) (-0.341513, 0) (0.156047, 0) (0.341513, 0) (-0.305653, 0) (-0.307155, 0) (0.207697, 0) (-0.207697, 0) (0.305653, 0) (0.307155, 0) (-0.328623, 0) (-0.141842, 0) (0.328623, 0) (0.141842, 0) (-1.15747e-15, 0) (-6.1363e-16, 0) 
0 -2.85794 1 (-0.189451, 0) (-0.460717, 0) (-0.30854, 0) (-0.182413, 0) (-0.30854, 0) (-0.182413, 0) (-0.0512221, 0) (0.07904, 0) (0.0212034, 0) (0.0212034, 0) (-0.0512221, 0) (0.07904, 0) (0.206213, 0) (0.290369, 0) (0.206213, 0) (0.290369, 0) (0.436297, 0) (0.179533, 0) 
1 -2.69788 1 (0.336286, 0) (0.421308, 0) (0.235406, 0) (-0.0789173, 0) (0.235406, 0) (-0.0789173, 0) (-0.130464, 0) (-0.129472, 0) (-0.250899, 0) (-0.250899, 0) (-0.130464, 0) (-0.129472, 0) (-0.0813605, 0) (0.231639, 0) (-0.0813605, 0) (0.231639, 0) (0.408148, 0) (0.324837, 0) 
0 -1.91407 1 (-0.225008, 0) (-0.468528, 0) (-0.215705, 0) (0.094313, 0) (-0.215705, 0) (0.094313, 0) (0.135759, 0) (0.132209, 0) (0.222021, 0) (0.222021, 0) (0.135759, 0) (0.132209, 0) (0.0772736, 0) (-0.234869, 0) (0.0772736, 0) (-0.234869, 0) (-0.514872, 0) (-0.247463, 0) 
1 -1.59472 1 (1.24801e-16, 0) (1.42652e-16, 0) (-0.324507, 0) (-0.339399, 0) (0.324507, 0) (0.339399, 0) (-0.165157, 0) (0.143075, 0) (-0.000618848, 0) (0.000618848, 0) (0.165157, 0) (-0.143075, 0) (0.340779, 0) (0.340037, 0) (-0.340779, 0) (-0.340037, 0) (-4.85561e-17, 0) (-5.72671e-17, 0) 
1 -1.01345 1 (0.00528167, 0) (0.00332197, 0) (-0.000495122, 0) (-0.00373322, 0) (-0.000495122, 0) (-0.00373322, 0) (-0.414365, 0) (-0.399622, 0) (0.410284, 0) (0.410284, 0) (-0.414365, 0) (-0.399622, 0) (0.00986685, 0) (0.00121892, 0) (0.00986685, 0) (0.00121892, 0) (-0.00890769, 0) (-0.014081, 0) 
0 -0.894016 1 (8.3975e-17, 0) (1.94568e-16, 0) (0.28269, 0) (0.383625, 0) (-0.28269, 0) (-0.383625, 0) (0.150476, 0) (-0.189396, 0) (0.00019929, 0) (-0.00019929, 0) (-0.150476, 0) (0.189396, 0) (-0.384102, 0) (-0.258592, 0) (0.384102, 0) (0.258592, 0) (-2.2052e-16, 0) (-2.94935e-16, 0) 
1 -0.463226 1 (-0.466906, 0) (-0.198518, 0) (0.125455, 0) (0.277156, 0) (0.125455, 0) (0.277156, 0) (0.146279, 0) (-0.164573, 0) (0.0114756, 0) (0.0114756, 0) (0.146279, 0) (-0.164573, 0) (-0.279323, 0) (-0.126341, 0) (-0.279323, 0) (-0.126341, 0) (0.205652, 0) (0.479578, 0) 
0 -0.065614 1 (0.0266966, 0) (0.0373129, 0) (1.72714e-05, 0) (-0.0372947, 0) (1.72714e-05, 0) (-0.0372947, 0) (0.386403, 0) (0.417495, 0) (-0.417069, 0) (-0.417069, 0) (0.386403, 0) (0.417495, 0) (0.000497614, 0) (1.97629e-06, 0) (0.000497614, 0) (1.97629e-06, 0) (-0.000495285, 0) (-0.000354792, 0) 
1 -0.0133496 1 (7.25489e-17, 0) (2.94902e-17, 0) (-0.312904, 0) (-0.143998, 0) (0.312904, 0) (0.143998, 0) (0.352512, 0) (0.356571, 0) (0.162759, 0) (-0.162759, 0) (-0.352512, 0) (-0.356571, 0) (-0.123666, 0) (-0.296924, 0) (0.123666, 0) (0.296924, 0) (1.68702e-16, 0) (6.43417e-16, 0) 
0 0.381043 1 (-0.258917, 0) (-0.319046, 0) (0.0415649, 0) (0.355823, 0) (0.0415649, 0) (0.355823, 0) (0.219702, 0) (-0.175992, 0) (-0.0277132, 0) (-0.0277132, 0) (0.219702, 0) (-0.175992, 0) (-0.353683, 0) (-0.0419627, 0) (-0.353683, 0) (-0.0419627, 0) (0.31117, 0) (0.252869, 0) 
1 0.683875 1 (-0.551989, 0) (-0.000179463, 0) (0.275935, 0) (0.0559096, 0) (0.275935, 0) (0.0559096, 0) (-0.0772154, 0) (-0.0825328, 0) (-0.165342, 0) (-0.165342, 0) (-0.0772154, 0) (-0.0825328, 0) (0.0455587, 0) (0.274096, 0) (0.0455587, 0) (0.274096, 0) (-0.00217998, 0) (-0.549672, 0) 
0 1.04973 0 (-8.47501e-16, 0) (-6.80937e-16, 0) (0.237653, 0) (0.151419, 0) (-0.237653, 0) (-0.151419, 0) (-0.380111, 0) (-0.368409, 0) (-0.204345, 0) (0.204345, 0) (0.380111, 0) (0.368409, 0) (0.190886, 0) (0.249378, 0) (-0.190886, 0) (-0.249378, 0) (3.92302e-16, 0) (1.26421e-16, 0) 
1 1.8786 1 (-0.392548, 0) (0.173571, 0) (0.215428, 0) (-0.225386, 0) (0.215428, 0) (-0.225386, 0) (-0.245304, 0) (0.249352, 0) (-0.00494628, 0) (-0.00494628, 0) (-0.245304, 0) (0.249352, 0) (0.230611, 0) (-0.213719, 0) (0.230611, 0) (-0.213719, 0) (-0.169865, 0) (0.387356, 0) 
1 2.46725 1 (-1.17257e-16, 0) (2.32817e-17, 0) (0.271814, 0) (-0.124638, 0) (-0.271814, 0) (0.124638, 0) (0.173384, 0) (0.0698977, 0) (0.437282, 0) (-0.437282, 0) (-0.173384, 0) (-0.0698977, 0) (-0.192742, 0) (0.383757, 0) (0.192742, 0) (-0.383757, 0) (-1.35616e-16, 0) (2.06563e-16, 0) 
1 2.70049 0 (3.21206e-16, 0) (-2.44791e-16, 0) (0.392033, 0) (-0.213628, 0) (-0.392033, 0) (0.213628, 0) (-0.284625, 0) (0.328076, 0) (0.075385, 0) (-0.075385, 0) (0.284625, 0) (-0.328076, 0) (0.165425, 0) (-0.281034, 0) (-0.165425, 0) (0.281034, 0) (2.0748e-16, 0) (-2.79293e-16, 0) 
0 3.03379 0 (0.517457, 0) (0.129226, 0) (-0.286611, 0) (-0.101227, 0) (-0.286611, 0) (-0.101227, 0) (0.106298, 0) (0.0837962, 0) (0.213325, 0) (0.213325, 0) (0.106298, 0) (0.0837962, 0) (-0.124834, 0) (-0.261182, 0) (-0.124834, 0) (-0.261182, 0) (0.116838, 0) (0.471005, 0) 
0 3.758 0 (5.28486e-15, 0) (-4.47401e-16, 0) (-0.529944, 0) (0.193915, 0) (0.529944, 0) (-0.193915, 0) (0.086952, 0) (-0.231496, 0) (-0.327739, 0) (0.327739, 0) (-0.086952, 0) (0.231496, 0) (0.02635, 0) (-0.110896, 0) (-0.02635, 0) (0.110896, 0) (1.21482e-16, 0) (-6.12011e-15, 0) 
0 3.80929 0 (0.498181, 0) (-0.0186753, 0) (-0.242379, 0) (0.11197, 0) (-0.242379, 0) (0.11197, 0) (0.190253, 0) (-0.197812, 0) (-0.0165494, 0) (-0.0165494, 0) (0.190253, 0) (-0.197812, 0) (-0.0896792, 0) (0.265938, 0) (-0.0896792, 0) (0.265938, 0) (0.0214383, 0) (-0.547456, 0) 
0 4.00383 0 (-7.35767e-16, 0) (1.1639e-16, 0) (-0.103726, 0) (0.0473993, 0) (0.103726, 0) (-0.0473993, 0) (0.290909, 0) (-0.199619, 0) (0.21967, 0) (-0.21967, 0) (-0.290909, 0) (0.199619, 0) (-0.175033, 0) (0.532566, 0) (0.175033, 0) (-0.532566, 0) (1.01319e-16, 0) (1.09252e-15, 0) 
1 5.13974 0 (0.246698, 0) (-0.40705, 0) (0.0775564, 0) (0.294721, 0) (0.0775564, 0) (0.294721, 0) (-0.130641, 0) (-0.124165, 0) (-0.257353, 0) (-0.257353, 0) (-0.130641, 0) (-0.124165, 0) (0.287928, 0) (0.0720643, 0) (0.287928, 0) (0.0720643, 0) (-0.395452, 0) (0.240199, 0) 
1 5.71393 0 (-0.198509, 0) (0.369755, 0) (-0.12256, 0) (-0.166181, 0) (-0.12256, 0) (-0.166181, 0) (0.335245, 0) (-0.342786, 0) (-0.00230095, 0) (-0.00230095, 0) (0.335245, 0) (-0.342786, 0) (0.171879, 0) (0.123805, 0) (0.171879, 0) (0.123805, 0) (-0.382933, 0) (0.205986, 0) 
0 5.78799 0 (-0.38726, 0) (0.298323, 0) (-0.0228917, 0) (-0.272735, 0) (-0.0228917, 0) (-0.272735, 0) (0.12418, 0) (0.125699, 0) (0.265867, 0) (0.265867, 0) (0.12418, 0) (0.125699, 0) (-0.280208, 0) (-0.025061, 0) (-0.280208, 0) (-0.025061, 0) (0.305005, 0) (-0.395077, 0) 
0 6.4339 0 (-0.299562, 0) (0.302428, 0) (-0.105895, 0) (-0.158729, 0) (-0.105895, 0) (-0.158729, 0) (0.359315, 0) (-0.352677, 0) (-0.00176685, 0) (-0.00176685, 0) (0.359315, 0) (-0.352677, 0) (0.162827, 0) (0.102518, 0) (0.162827, 0) (0.102518, 0) (-0.288789, 0) (0.285579, 0) 
1 6.70411 0 (-2.03427e-16, 0) (-2.68877e-16, 0) (0.152908, 0) (-0.310059, 0) (-0.152908, 0) (0.310059, 0) (0.357159, 0) (-0.363158, 0) (0.00382616, 0) (-0.00382616, 0) (-0.357159, 0) (0.363158, 0) (0.313286, 0) (-0.15124, 0) (-0.313286, 0) (0.15124, 0) (-4.66024e-17, 0) (-1.9699e-16, 0) 
0 7.32477 0 (-7.85175e-16, 0) (1.18708e-15, 0) (0.172955, 0) (-0.291765, 0) (-0.172955, 0) (0.291765, 0) (0.37344, 0) (-0.362961, 0) (-0.0124453, 0) (0.0124453, 0) (-0.37344, 0) (0.362961, 0) (0.283688, 0) (-0.182011, 0) (-0.283688, 0) (0.182011, 0) (-9.60781e-16, 0) (6.35049e-16, 0) 
1 7.46521 0 (-0.108927, 0) (0.273545, 0) (-0.198349, 0) (0.184568, 0) (-0.198349, 0) (0.184568, 0) (-0.191096, 0) (0.229501, 0) (0.036068, 0) (0.036068, 0) (-0.191096, 0) (0.229501, 0) (-0.297292, 0) (0.31, 0) (-0.297292, 0) (0.31, 0) (-0.432246, 0) (0.172372, 0) 
1 7.53824 0 (-0.171813, 0) (0.436119, 0) (-0.323056, 0) (0.318761, 0) (-0.323056, 0) (0.318761, 0) (-0.126877, 0) (-0.0404097, 0) (-0.168993, 0) (-0.168993, 0) (-0.126877, 0) (-0.0404097, 0) (0.213964, 0) (-0.210628, 0) (0.213964, 0) (-0.210628, 0) (0.287414, 0) (-0.113392, 0) 
1 8.09433 0 (-1.48651e-16, 0) (-1.97588e-16, 0) (0.130221, 0) (-0.331105, 0) (-0.130221, 0) (0.331105, 0) (0.0979111, 0) (0.0961365, 0) (-0.482956, 0) (0.482956, 0) (-0.0979111, 0) (-0.0961365, 0) (-0.324894, 0) (0.125619, 0) (0.324894, 0) (-0.125619, 0) (-1.67629e-17, 0) (3.00068e-16, 0) 
0 8.11923 0 (-0.287124, 0) (0.469092, 0) (-0.399416, 0) (0.322226, 0) (-0.399416, 0) (0.322226, 0) (-0.219678, 0) (0.127559, 0) (-0.0929022, 0) (-0.0929022, 0) (-0.219678, 0) (0.127559, 0) (-0.0487965, 0) (0.0712996, 0) (-0.0487965, 0) (0.0712996, 0) (-0.083313, 0) (0.0509424, 0) 
0 8.25673 0 (-0.0582898, 0) (0.0982001, 0) (-0.0870229, 0) (0.0786403, 0) (-0.0870229, 0) (0.0786403, 0) (0.0444914, 0) (-0.172001, 0) (-0.135238, 0) (-0.135238, 0) (0.0444914, 0) (-0.172001, 0) (0.326279, 0) (-0.417857, 0) (0.326279, 0) (-0.417857, 0) (0.46924, 0) (-0.278256, 0) 
0 8.79304 0 (-5.67431e-16, 0) (7.97085e-16, 0) (-0.133205, 0) (0.297147, 0) (0.133205, 0) (-0.297147, 0) (-0.0883344, 0) (-0.0942401, 0) (0.509198, 0) (-0.509198, 0) (0.0883344, 0) (0.0942401, 0) (0.310201, 0) (-0.147543, 0) (-0.310201, 0) (0.147543, 0) (-4.90266e-16, 0) (5.03844e-16, 0) 
