0 -4.74771 1 (0.0912968, 0) (0.189308, 0) (0.207386, 0) (0.295003, 0) (0.207386, 0) (0.295003, 0) (0.189693, 0) (0.179338, 0) (0.386733, 0) (0.386733, 0) (0.189693, 0) (0.179338, 0) (0.294157, 0) (0.171374, 0) (0.294157, 0) (0.171374, 0) (0.160789, 0) (0.0518956, 0) 
1 -4.74771 1 (0.0518956, 0) (0.160789, 0) (0.171374, 0) (0.294157, 0) (0.171374, 0) (0.294157, 0) (0.179338, 0) (0.189692, 0) (0.386733, 0) (0.386733, 0) (0.179338, 0) (0.189693, 0) (0.295003, 0) (0.207385, 0) (0.295003, 0) (0.207386, 0) (0.189308, 0) (0.0912968, 0) 
0 -3.39343 1 (-1.8751e-06, 0) (-2.94758e-06, 0) (0.178603, 0) (0.327512, 0) (-0.178607, 0) (-0.327515, 0) (0.309599, 0) (0.291374, 0) (-0.217709, 0) (0.21771, 0) (-0.3096, 0) (-0.291373, 0) (0.330371, 0) (0.15344, 0) (-0.330369, 0) (-0.153436, 0) (2.33496e-06, 0) (8.99194e-07, 0) 
1 -3.39343 1 (-7.27974e-07, 0) (-1.89035e-06, 0) (-0.15344, 0) (-0.330371, 0) (0.153437, 0) (0.330368, 0) (-0.291374, 0) (-0.309599, 0) (0.217709, 0) (-0.21771, 0) (0.291372, 0) (0.3096, 0) (-0.327513, 0) (-0.178603, 0) (0.327514, 0) (0.178607, 0) (2.27992e-06, 0) (1.45037e-06, 0) 
1 -3.27372 1 (0.13871, 0) (0.354042, 0) (0.268488, 0) (0.212139, 0) (0.26849, 0) (0.212143, 0) (0.0828693, 0) (-0.0338002, 0) (0.0646613, 0) (0.0646588, 0) (0.0828723, 0) (-0.0337971, 0) (-0.148937, 0) (-0.34527, 0) (-0.148934, 0) (-0.345269, 0) (-0.468887, 0) (-0.30694, 0) 
0 -3.27372 1 (-0.30694, 0) (-0.468887, 0) (-0.345271, 0) (-0.148938, 0) (-0.345268, 0) (-0.148933, 0) (-0.0338007, 0) (0.082869, 0) (0.0646615, 0) (0.0646586, 0) (-0.0337966, 0) (0.0828726, 0) (0.212139, 0) (0.268488, 0) (0.212143, 0) (0.26849, 0) (0.354042, 0) (0.13871, 0) 
0 -2.2966 1 (-0.304791, 0) (-0.355303, 0) (-0.161237, 0) (0.125137, 0) (-0.161238, 0) (0.125137, 0) (0.13494, 0) (0.0897902, 0) (0.245179, 0) (0.24518, 0) (0.13494, 0) (0.08979, 0) (0.0257983, 0) (-0.293715, 0) (0.0257986, 0) (-0.293713, 0) (-0.538881, 0) (-0.246009, 0) 
1 -2.2966 1 (0.246009, 0) (0.538881, 0) (0.293714, 0) (-0.0257983, 0) (0.293714, 0) (-0.0257986, 0) (-0.0897901, 0) (-0.13494, 0) (-0.24518, 0) (-0.245179, 0) (-0.0897902, 0) (-0.13494, 0) (-0.125137, 0) (0.161237, 0) (-0.125137, 0) (0.161238, 0) (0.355303, 0) (0.304791, 0) 
1 -1.24112 1 (9.32178e-08, 0) (1.67752e-07, 0) (-0.279383, 0) (-0.378833, 0) (0.279383, 0) (0.378832, 0) (-0.162821, 0) (0.151007, 0) (0.0155197, 0) (-0.0155179, 0) (0.162818, 0) (-0.15101, 0) (0.344308, 0) (0.332158, 0) (-0.344307, 0) (-0.332158, 0) (6.0078e-07, 0) (7.75394e-07, 0) 
0 -1.24112 1 (-5.27687e-07, 0) (-4.08855e-07, 0) (-0.332158, 0) (-0.344307, 0) (0.332158, 0) (0.344308, 0) (-0.151007, 0) (0.162821, 0) (-0.0155196, 0) (0.015518, 0) (0.15101, 0) (-0.162819, 0) (0.378832, 0) (0.279383, 0) (-0.378833, 0) (-0.279383, 0) (-5.34277e-07, 0) (-2.96891e-07, 0) 
0 -0.517123 1 (-0.0852109, 0) (-0.0431728, 0) (0.0187242, 0) (0.057561, 0) (0.0187215, 0) (0.0575589, 0) (0.445722, 0) (0.358607, 0) (-0.401699, 0) (-0.4017, 0) (0.445721, 0) (0.358607, 0) (-0.040105, 0) (0.00539031, 0) (-0.0401034, 0) (0.00539177, 0) (0.0459686, 0) (0.0300169, 0) 
1 -0.517123 1 (0.0300169, 0) (0.0459686, 0) (0.00539028, 0) (-0.040105, 0) (0.0053918, 0) (-0.0401033, 0) (0.358606, 0) (0.445721, 0) (-0.4017, 0) (-0.401699, 0) (0.358608, 0) (0.445723, 0) (0.0575611, 0) (0.0187241, 0) (0.0575589, 0) (0.0187215, 0) (-0.0431728, 0) (-0.0852109, 0) 
0 -0.0521363 1 (0.540449, 0) (0.180748, 0) (-0.185802, 0) (-0.291526, 0) (-0.1858, 0) (-0.291525, 0) (-0.0610196, 0) (0.245061, 0) (-0.0207569, 0) (-0.0207583, 0) (-0.0610219, 0) (0.245058, 0) (0.296002, 0) (0.00299073, 0) (0.296003, 0) (0.00299189, 0) (-0.293264, 0) (-0.215761, 0) 
1 -0.0521363 1 (0.215761, 0) (0.293264, 0) (-0.00299072, 0) (-0.296002, 0) (-0.0029919, 0) (-0.296003, 0) (-0.245061, 0) (0.0610202, 0) (0.020757, 0) (0.0207581, 0) (-0.245059, 0) (0.0610214, 0) (0.291526, 0) (0.185801, 0) (0.291525, 0) (0.185801, 0) (-0.180748, 0) (-0.540449, 0) 
1 0.562383 1 (-1.03169e-07, 0) (-1.16747e-07, 0) (-0.241121, 0) (-0.16589, 0) (0.241121, 0) (0.16589, 0) (0.33064, 0) (0.407678, 0) (0.179144, 0) (-0.179146, 0) (-0.330638, 0) (-0.407678, 0) (-0.11299, 0) (-0.306524, 0) (0.11299, 0) (0.306527, 0) (-3.42542e-07, 0) (-3.20608e-06, 0) 
0 0.562383 1 (2.98972e-06, 0) (3.19425e-07, 0) (0.306524, 0) (0.112989, 0) (-0.306527, 0) (-0.112991, 0) (-0.407678, 0) (-0.330639, 0) (-0.179145, 0) (0.179145, 0) (0.407679, 0) (0.330639, 0) (0.16589, 0) (0.241121, 0) (-0.16589, 0) (-0.241121, 0) (-1.02038e-06, 0) (-9.01706e-07, 0) 
1 1.47885 1 (-0.258937, 0) (-0.205123, 0) (0.11426, 0) (0.24495, 0) (0.114259, 0) (0.24495, 0) (0.0857851, 0) (-0.211336, 0) (-0.150851, 0) (-0.150848, 0) (0.0857886, 0) (-0.211334, 0) (-0.126878, 0) (0.317672, 0) (-0.12688, 0) (0.317671, 0) (0.13615, 0) (-0.58536, 0) 
0 1.47885 1 (-0.58536, 0) (0.13615, 0) (0.317673, 0) (-0.126879, 0) (0.317671, 0) (-0.126879, 0) (-0.211336, 0) (0.0857862, 0) (-0.150849, 0) (-0.15085, 0) (-0.211334, 0) (0.0857875, 0) (0.24495, 0) (0.114261, 0) (0.24495, 0) (0.114258, 0) (-0.205123, 0) (-0.258936, 0) 
1 2.95934 0 (-2.57397e-06, 0) (-6.27656e-07, 0) (-0.181195, 0) (0.0361971, 0) (0.181198, 0) (-0.0361965, 0) (-0.231427, 0) (1.88055e-05, 0) (-0.400044, 0) (0.400044, 0) (0.231425, 0) (-1.76601e-05, 0) (0.23142, 0) (-0.445769, 0) (-0.231418, 0) (0.445767, 0) (-1.82322e-06, 0) (2.33471e-06, 0) 
0 2.95934 0 (1.07374e-06, 0) (-8.38505e-07, 0) (0.445768, 0) (-0.231418, 0) (-0.445769, 0) (0.23142, 0) (-1.82843e-05, 0) (0.231425, 0) (0.400045, 0) (-0.400044, 0) (1.81956e-05, 0) (-0.231427, 0) (-0.0361972, 0) (0.181197, 0) (0.0361964, 0) (-0.181195, 0) (-3.60321e-07, 0) (-1.47765e-06, 0) 
1 3.29704 0 (0.673437, 0) (0.0799857, 0) (-0.35772, 0) (0.036216, 0) (-0.357719, 0) (0.0362161, 0) (0.236733, 0) (-0.102871, 0) (0.103869, 0) (0.103873, 0) (0.236736, 0) (-0.102871, 0) (-0.187462, 0) (0.0594701, 0) (-0.187464, 0) (0.0594738, 0) (0.14915, 0) (-0.164626, 0) 
0 3.29704 0 (-0.164626, 0) (0.14915, 0) (0.0594786, 0) (-0.187467, 0) (0.0594653, 0) (-0.187459, 0) (-0.10288, 0) (0.236743, 0) (0.103867, 0) (0.103875, 0) (-0.102862, 0) (0.236726, 0) (0.0362222, 0) (-0.357734, 0) (0.0362099, 0) (-0.357704, 0) (0.0799857, 0) (0.673437, 0) 
1 3.42511 0 (3.08717e-07, 0) (2.20242e-08, 0) (-0.508708, 0) (0.189377, 0) (0.508707, 0) (-0.189378, 0) (0.258505, 0) (-0.274424, 0) (-0.151727, 0) (0.151728, 0) (-0.258505, 0) (0.274423, 0) (-0.114051, 0) (0.164896, 0) (0.11405, 0) (-0.164895, 0) (5.99661e-07, 0) (-6.28953e-07, 0) 
0 3.42511 0 (-4.47565e-06, 0) (4.2672e-06, 0) (-0.164894, 0) (0.114045, 0) (0.164897, 0) (-0.114056, 0) (0.274421, 0) (-0.258498, 0) (0.151731, 0) (-0.151725, 0) (-0.274426, 0) (0.258513, 0) (-0.189377, 0) (0.508696, 0) (0.189378, 0) (-0.508719, 0) (1.55913e-06, 0) (2.18547e-05, 0) 
0 5.41047 0 (0.275625, 0) (-0.46546, 0) (0.115638, 0) (0.300448, 0) (0.115638, 0) (0.300448, 0) (-0.201577, 0) (-0.0461155, 0) (-0.246155, 0) (-0.246154, 0) (-0.201577, 0) (-0.0461152, 0) (0.250659, 0) (-0.0223843, 0) (0.250658, 0) (-0.0223835, 0) (-0.225866, 0) (0.34017, 0) 
1 5.41047 0 (-0.34017, 0) (0.225866, 0) (0.0223839, 0) (-0.250658, 0) (0.0223839, 0) (-0.250658, 0) (0.046115, 0) (0.201577, 0) (0.246154, 0) (0.246155, 0) (0.0461157, 0) (0.201577, 0) (-0.300447, 0) (-0.115639, 0) (-0.300448, 0) (-0.115638, 0) (0.46546, 0) (-0.275625, 0) 
0 6.18974 0 (0.151479, 0) (-0.299529, 0) (0.130583, 0) (0.075501, 0) (0.130583, 0) (0.0755012, 0) (-0.29259, 0) (0.37811, 0) (0.0567623, 0) (0.0567625, 0) (-0.29259, 0) (0.378111, 0) (-0.218967, 0) (-0.0968035, 0) (-0.218967, 0) (-0.0968041, 0) (0.354125, 0) (-0.371747, 0) 
1 6.18974 0 (0.371747, 0) (-0.354125, 0) (0.0968036, 0) (0.218967, 0) (0.096804, 0) (0.218966, 0) (-0.37811, 0) (0.292591, 0) (-0.0567622, 0) (-0.0567625, 0) (-0.37811, 0) (0.292589, 0) (-0.0755015, 0) (-0.130583, 0) (-0.0755007, 0) (-0.130583, 0) (0.299529, 0) (-0.151479, 0) 
0 7.09931 0 (2.9919e-07, -0) (-6.92398e-07, 0) (-0.144389, 0) (0.296355, -0) (0.14439, -0) (-0.296356, 0) (-0.361287, 0) (0.385466, 0) (0.0072634, -0) (-0.00726284, 0) (0.361286, -0) (-0.385467, 0) (-0.290078, 0) (0.167377, 0) (0.290077, 0) (-0.167376, 0) (-6.22065e-07, 0) (4.82418e-07, -0) 
1 7.09931 0 (5.63604e-07, 0) (-7.26753e-07, 0) (0.167377, 0) (-0.290078, 0) (-0.167376, 0) (0.290078, 0) (0.385466, 0) (-0.361286, 0) (0.00726322, 0) (-0.00726301, 0) (-0.385467, 0) (0.361286, 0) (0.296355, 0) (-0.14439, 0) (-0.296356, 0) (0.14439, 0) (8.35588e-08, 0) (-3.61064e-08, 0) 
0 7.71687 0 (0.1909, 0) (-0.485452, 0) (0.376229, 0) (-0.3728, 0) (0.376229, 0) (-0.372799, 0) (0.232889, 0) (-0.119978, 0) (0.121402, 0) (0.121402, 0) (0.232888, 0) (-0.119978, 0) (-0.00270644, 0) (0.00428565, 0) (-0.00270642, 0) (0.00428566, 0) (-0.00570123, 0) (0.00375525, 0) 
1 7.71687 0 (-0.00375526, 0) (0.00570124, 0) (-0.0042854, 0) (0.00270591, 0) (-0.00428592, 0) (0.00270695, 0) (0.119978, 0) (-0.232889, 0) (-0.121402, 0) (-0.121401, 0) (0.119978, 0) (-0.232889, 0) (0.372799, 0) (-0.376229, 0) (0.3728, 0) (-0.376229, 0) (0.485452, 0) (-0.1909, 0) 
1 7.94326 0 (-0.309194, 0) (0.495345, 0) (-0.401659, 0) (0.326314, 0) (-0.401659, 0) (0.326315, 0) (-0.20338, 0) (0.0809304, 0) (-0.110694, 0) (-0.110693, 0) (-0.203381, 0) (0.0809304, 0) (0.0253505, 0) (-0.0220387, 0) (0.0253512, 0) (-0.0220389, 0) (0.0267719, 0) (-0.0101917, 0) 
0 7.94326 0 (0.0101917, 0) (-0.0267719, 0) (0.0220394, 0) (-0.0253523, 0) (0.0220382, 0) (-0.0253494, 0) (-0.0809297, 0) (0.20338, 0) (0.110692, 0) (0.110695, 0) (-0.080931, 0) (0.20338, 0) (-0.326316, 0) (0.401659, 0) (-0.326314, 0) (0.401659, 0) (-0.495345, 0) (0.309194, 0) 
0 8.31947 0 (-1.06359e-07, 0) (2.94206e-07, 0) (0.130633, 0) (-0.327156, 0) (-0.130634, 0) (0.327157, 0) (0.0964716, 0) (0.101498, -0) (-0.486991, 0) (0.486989, 0) (-0.0964711, 0) (-0.101499, 0) (-0.313851, 0) (0.143638, -0) (0.313853, -0) (-0.143641, 0) (1.53096e-06, 0) (-8.79163e-07, 0) 
1 8.31947 0 (-3.19179e-07, 0) (5.55813e-07, 0) (-0.14364, 0) (0.313853, 0) (0.143639, 0) (-0.313852, 0) (-0.101498, 0) (-0.0964716, 0) (0.48699, 0) (-0.486991, 0) (0.101498, 0) (0.0964711, 0) (0.327157, 0) (-0.130634, 0) (-0.327156, 0) (0.130633, 0) (5.85578e-07, 0) (-2.11694e-07, 0) 
