0 -5.13685 1 (-0.0929989, 0) (-0.128817, 0) (-0.0929989, 0) (-0.0757324, 0) (-0.108513, 0) (-0.183227, 0) (-0.267085, 0) (-0.183227, 0) (-0.267085, 0) (-0.0757324, 0) (-0.108513, 0) (-0.225619, 0) (-0.320716, 0) (-0.225619, 0) (-0.225625, 0) (-0.317396, 0) (-0.225625, 0) (-0.116621, 0) (-0.080852, 0) (-0.27604, 0) (-0.194973, 0) (-0.27604, 0) (-0.194973, 0) (-0.116621, 0) (-0.080852, 0) (-0.105255, 0) (-0.152304, 0) (-0.105255, 0) 
1 -5.13685 1 (-0.105255, 0) (-0.152304, 0) (-0.105255, 0) (-0.080852, 0) (-0.116621, 0) (-0.194973, 0) (-0.27604, 0) (-0.194973, 0) (-0.27604, 0) (-0.080852, 0) (-0.116621, 0) (-0.225625, 0) (-0.317396, 0) (-0.225625, 0) (-0.225619, 0) (-0.320716, 0) (-0.225619, 0) (-0.108513, 0) (-0.0757324, 0) (-0.267085, 0) (-0.183227, 0) (-0.267085, 0) (-0.183227, 0) (-0.108513, 0) (-0.0757324, 0) (-0.0929989, 0) (-0.128817, 0) (-0.0929989, 0) 
1 -4.02739 1 (-0.18862, 0) (-0.274826, 0) (-0.18862, 0) (-0.121422, 0) (-0.0946962, 0) (-0.295357, 0) (-0.223516, 0) (-0.295357, 0) (-0.223516, 0) (-0.121422, 0) (-0.0946962, 0) (-0.0885264, 0) (-0.121843, 0) (-0.0885264, 0) (0.112001, 0) (0.162046, 0) (0.112001, 0) (0.0981993, 0) (0.120356, 0) (0.242762, 0) (0.28932, 0) (0.242762, 0) (0.28932, 0) (0.0981993, 0) (0.120356, 0) (0.172595, 0) (0.237747, 0) (0.172595, 0) 
0 -4.02739 1 (-0.172595, 0) (-0.237747, 0) (-0.172595, 0) (-0.120356, 0) (-0.0981993, 0) (-0.28932, 0) (-0.242762, 0) (-0.28932, 0) (-0.242762, 0) (-0.120356, 0) (-0.0981993, 0) (-0.112001, 0) (-0.162046, 0) (-0.112001, 0) (0.0885264, 0) (0.121843, 0) (0.0885264, 0) (0.0946962, 0) (0.121422, 0) (0.223516, 0) (0.295357, 0) (0.223516, 0) (0.295357, 0) (0.0946962, 0) (0.121422, 0) (0.18862, 0) (0.274826, 0) (0.18862, 0) 
0 -3.99389 1 (-0.12144, 0) (-1.26311e-09, 0) (0.12144, 0) (-0.142591, 0) (-0.197611, 0) (-0.144156, 0) (-0.202186, 0) (0.144156, 0) (0.202186, 0) (0.14259, 0) (0.197611, 0) (-0.32254, 0) (-8.40868e-10, 0) (0.32254, 0) (-0.323164, 0) (7.46123e-10, 0) (0.323164, 0) (-0.215678, 0) (-0.152333, 0) (-0.210547, 0) (-0.150605, 0) (0.210547, 0) (0.150605, 0) (0.215678, 0) (0.152333, 0) (-0.137874, 0) (1.50244e-09, 0) (0.137874, 0) 
1 -3.99389 1 (-0.137874, 0) (1.50697e-09, 0) (0.137874, 0) (-0.152333, 0) (-0.215678, 0) (-0.150605, 0) (-0.210547, 0) (0.150605, 0) (0.210547, 0) (0.152333, 0) (0.215678, 0) (-0.323164, 0) (7.46936e-10, 0) (0.323164, 0) (-0.32254, 0) (-8.45867e-10, 0) (0.32254, 0) (-0.197611, 0) (-0.142591, 0) (-0.202186, 0) (-0.144156, 0) (0.202186, 0) (0.144156, 0) (0.197611, 0) (0.14259, 0) (-0.12144, 0) (-1.26887e-09, 0) (0.12144, 0) 
0 -2.94856 1 (-0.232906, 0) (4.09175e-10, 0) (0.232906, 0) (-0.228835, 0) (-0.190523, 0) (-0.230937, 0) (-0.196132, 0) (0.230937, 0) (0.196132, 0) (0.228835, 0) (0.190523, 0) (-0.14585, 0) (-5.0874e-10, 0) (0.14585, 0) (0.116205, 0) (-6.07911e-10, 0) (-0.116205, 0) (0.18791, 0) (0.225324, 0) (0.182193, 0) (0.223227, 0) (-0.182193, 0) (-0.223227, 0) (-0.18791, 0) (-0.225324, 0) (0.24781, 0) (2.80271e-10, 0) (-0.24781, 0) 
1 -2.94856 1 (0.24781, 0) (2.79234e-10, 0) (-0.24781, 0) (0.225324, 0) (0.18791, 0) (0.223227, 0) (0.182193, 0) (-0.223227, 0) (-0.182193, 0) (-0.225324, 0) (-0.18791, 0) (0.116205, 0) (-6.08781e-10, 0) (-0.116205, 0) (-0.14585, 0) (-5.0904e-10, 0) (0.14585, 0) (-0.190523, 0) (-0.228835, 0) (-0.196132, 0) (-0.230937, 0) (0.196132, 0) (0.230937, 0) (0.190523, 0) (0.228835, 0) (-0.232906, 0) (4.09984e-10, 0) (0.232906, 0) 
1 -2.42865 1 (-0.217103, 0) (-0.334167, 0) (-0.217103, 0) (-0.090967, 0) (0.0587125, 0) (-0.260197, 0) (0.100156, 0) (-0.260197, 0) (0.100156, 0) (-0.090967, 0) (0.0587125, 0) (0.186372, 0) (0.241132, 0) (0.186372, 0) (0.164907, 0) (0.220904, 0) (0.164907, 0) (0.0257411, 0) (-0.119241, 0) (0.0619196, 0) (-0.278781, 0) (0.0619196, 0) (-0.278781, 0) (0.0257411, 0) (-0.119241, 0) (-0.223419, 0) (-0.302741, 0) (-0.223419, 0) 
0 -2.42865 1 (0.223419, 0) (0.302741, 0) (0.223419, 0) (0.119241, 0) (-0.0257411, 0) (0.278781, 0) (-0.0619196, 0) (0.278781, 0) (-0.0619196, 0) (0.119241, 0) (-0.0257411, 0) (-0.164907, 0) (-0.220904, 0) (-0.164907, 0) (-0.186372, 0) (-0.241132, 0) (-0.186372, 0) (-0.0587125, 0) (0.090967, 0) (-0.100156, 0) (0.260197, 0) (-0.100156, 0) (0.260197, 0) (-0.0587125, 0) (0.090967, 0) (0.217103, 0) (0.334167, 0) (0.217103, 0) 
0 -2.32023 1 (0.0740071, 0) (-0.0750112, 0) (0.0740071, 0) (0.19644, 0) (0.243765, 0) (-0.0675685, 0) (-0.108801, 0) (-0.0675685, 0) (-0.108801, 0) (0.19644, 0) (0.243765, 0) (0.226223, 0) (-0.342352, 0) (0.226223, 0) (0.231876, 0) (-0.334273, 0) (0.231876, 0) (0.281365, 0) (0.214029, 0) (-0.114072, 0) (-0.0835747, 0) (-0.114072, 0) (-0.0835747, 0) (0.281365, 0) (0.214029, 0) (0.0827052, 0) (-0.110175, 0) (0.0827052, 0) 
1 -2.32023 1 (-0.0827052, 0) (0.110175, 0) (-0.0827052, 0) (-0.214029, 0) (-0.281365, 0) (0.0835747, 0) (0.114072, 0) (0.0835747, 0) (0.114072, 0) (-0.214029, 0) (-0.281365, 0) (-0.231876, 0) (0.334273, 0) (-0.231876, 0) (-0.226223, 0) (0.342352, 0) (-0.226223, 0) (-0.243765, 0) (-0.19644, 0) (0.108801, 0) (0.0675685, 0) (0.108801, 0) (0.0675685, 0) (-0.243765, 0) (-0.19644, 0) (-0.0740071, 0) (0.0750112, 0) (-0.0740071, 0) 
0 -1.47861 1 (0.121382, 0) (-0.186737, 0) (0.121382, 0) (0.312637, 0) (0.286905, 0) (-0.139105, 0) (-0.117344, 0) (-0.139105, 0) (-0.117344, 0) (0.312637, 0) (0.286905, 0) (0.0953948, 0) (-0.117832, 0) (0.0953948, 0) (-0.0446056, 0) (0.081469, 0) (-0.0446056, 0) (-0.27293, 0) (-0.302857, 0) (0.115739, 0) (0.115751, 0) (0.115739, 0) (0.115751, 0) (-0.27293, 0) (-0.302857, 0) (-0.147836, 0) (0.192051, 0) (-0.147836, 0) 
1 -1.47861 1 (0.147836, 0) (-0.192051, 0) (0.147836, 0) (0.302857, 0) (0.27293, 0) (-0.115751, 0) (-0.115739, 0) (-0.115751, 0) (-0.115739, 0) (0.302857, 0) (0.27293, 0) (0.0446056, 0) (-0.081469, 0) (0.0446056, 0) (-0.0953948, 0) (0.117832, 0) (-0.0953948, 0) (-0.286905, 0) (-0.312637, 0) (0.117344, 0) (0.139105, 0) (0.117344, 0) (0.139105, 0) (-0.286905, 0) (-0.312637, 0) (-0.121382, 0) (0.186737, 0) (-0.121382, 0) 
0 -1.40078 1 (-0.301125, 0) (1.1056e-11, 0) (0.301125, 0) (-0.213267, 0) (0.0287586, 0) (-0.208552, 0) (0.0332283, 0) (0.208552, 0) (-0.0332283, 0) (0.213267, 0) (-0.0287586, 0) (0.253338, 0) (-3.73742e-10, 0) (-0.253338, 0) (0.262551, 0) (2.05078e-10, 0) (-0.262551, 0) (0.054645, 0) (-0.194559, 0) (0.0481846, 0) (-0.200404, 0) (-0.0481846, 0) (0.200404, 0) (-0.054645, 0) (0.194559, 0) (-0.319342, 0) (2.68126e-10, 0) (0.319342, 0) 
1 -1.40078 1 (-0.319342, 0) (2.67235e-10, 0) (0.319342, 0) (-0.194559, 0) (0.054645, 0) (-0.200404, 0) (0.0481846, 0) (0.200404, 0) (-0.0481846, 0) (0.194559, 0) (-0.054645, 0) (0.262551, 0) (2.05629e-10, 0) (-0.262551, 0) (0.253338, 0) (-3.72781e-10, 0) (-0.253338, 0) (0.0287586, 0) (-0.213267, 0) (0.0332283, 0) (-0.208552, 0) (-0.0332283, 0) (0.208552, 0) (-0.0287586, 0) (0.213267, 0) (-0.301125, 0) (1.30414e-11, 0) (0.301125, 0) 
1 -0.83836 1 (-0.169828, 0) (-0.258755, 0) (-0.169828, 0) (-0.0493934, 0) (0.112917, 0) (-0.125275, 0) (0.285174, 0) (-0.125275, 0) (0.285174, 0) (-0.0493935, 0) (0.112917, 0) (0.16637, 0) (0.267313, 0) (0.16637, 0) (-0.207055, 0) (-0.260845, 0) (-0.207055, 0) (-0.116169, 0) (0.0693884, 0) (-0.272319, 0) (0.157584, 0) (-0.272319, 0) (0.157584, 0) (-0.116169, 0) (0.0693884, 0) (0.190332, 0) (0.251587, 0) (0.190332, 0) 
0 -0.83836 1 (0.190332, 0) (0.251587, 0) (0.190332, 0) (0.0693884, 0) (-0.116169, 0) (0.157584, 0) (-0.272319, 0) (0.157584, 0) (-0.272319, 0) (0.0693884, 0) (-0.116169, 0) (-0.207055, 0) (-0.260845, 0) (-0.207055, 0) (0.16637, 0) (0.267313, 0) (0.16637, 0) (0.112917, 0) (-0.0493934, 0) (0.285174, 0) (-0.125275, 0) (0.285174, 0) (-0.125275, 0) (0.112917, 0) (-0.0493935, 0) (-0.169828, 0) (-0.258755, 0) (-0.169828, 0) 
0 -0.561844 1 (-0.00974073, 0) (-1.62328e-10, 0) (0.00974074, 0) (-0.00976765, 0) (0.000301272, 0) (-0.000850647, 0) (0.00891234, 0) (0.000850647, 0) (-0.00891234, 0) (0.00976765, 0) (-0.000301271, 0) (0.0100938, 0) (1.37261e-10, 0) (-0.0100938, 0) (0.000580764, 0) (1.40379e-09, 0) (-0.000580764, 0) (-0.365984, 0) (-0.342241, 0) (0.356498, 0) (0.348452, 0) (-0.356498, 0) (-0.348452, 0) (0.365984, 0) (0.342241, 0) (0.00670633, 0) (-1.72075e-09, 0) (-0.00670633, 0) 
1 -0.561844 1 (0.00670633, 0) (-1.72768e-09, 0) (-0.00670633, 0) (-0.342241, 0) (-0.365984, 0) (0.348452, 0) (0.356498, 0) (-0.348452, 0) (-0.356498, 0) (0.342241, 0) (0.365984, 0) (0.000580763, 0) (1.41166e-09, 0) (-0.000580764, 0) (0.0100938, 0) (1.42162e-10, 0) (-0.0100938, 0) (0.000301272, 0) (-0.00976765, 0) (0.00891234, 0) (-0.000850647, 0) (-0.00891234, 0) (0.000850647, 0) (-0.000301271, 0) (0.00976765, 0) (-0.00974073, 0) (-1.67094e-10, 0) (0.00974074, 0) 
0 -0.524498 1 (0.00667749, 0) (-1.60467e-09, 0) (-0.00667749, 0) (0.364807, 0) (0.340826, 0) (-0.35762, 0) (-0.349997, 0) (0.35762, 0) (0.349997, 0) (-0.364807, 0) (-0.340826, 0) (-0.000528266, 0) (1.68112e-09, 0) (0.000528265, 0) (0.00866568, 0) (3.71503e-10, 0) (-0.00866569, 0) (7.78874e-05, 0) (-0.00859405, 0) (0.0093935, 0) (0.000401181, 0) (-0.0093935, 0) (-0.000401182, 0) (-7.78872e-05, 0) (0.00859405, 0) (-0.00898088, 0) (-3.596e-10, 0) (0.00898089, 0) 
1 -0.524498 1 (0.00898088, 0) (3.53341e-10, 0) (-0.00898089, 0) (0.00859405, 0) (-7.78874e-05, 0) (-0.000401181, 0) (-0.0093935, 0) (0.000401182, 0) (0.0093935, 0) (-0.00859405, 0) (7.78872e-05, 0) (-0.00866568, 0) (-3.65432e-10, 0) (0.00866569, 0) (0.000528266, 0) (-1.67101e-09, 0) (-0.000528265, 0) (-0.340826, 0) (-0.364807, 0) (0.349997, 0) (0.35762, 0) (-0.349997, 0) (-0.35762, 0) (0.340826, 0) (0.364807, 0) (-0.00667749, 0) (1.59767e-09, 0) (0.00667749, 0) 
0 -0.185507 1 (0.162952, 0) (-0.247018, 0) (0.162952, 0) (0.279777, 0) (0.0684287, 0) (-0.124858, 0) (-0.0201226, 0) (-0.124858, 0) (-0.0201226, 0) (0.279777, 0) (0.0684287, 0) (-0.215231, 0) (0.322024, 0) (-0.215231, 0) (-0.227152, 0) (0.304749, 0) (-0.227152, 0) (0.030758, 0) (0.251579, 0) (-0.0214319, 0) (-0.0955924, 0) (-0.0214319, 0) (-0.0955924, 0) (0.030758, 0) (0.251579, 0) (0.198279, 0) (-0.263162, 0) (0.198279, 0) 
1 -0.185507 1 (-0.198279, 0) (0.263162, 0) (-0.198279, 0) (-0.251579, 0) (-0.030758, 0) (0.0955924, 0) (0.0214319, 0) (0.0955924, 0) (0.0214319, 0) (-0.251579, 0) (-0.030758, 0) (0.227152, 0) (-0.304749, 0) (0.227152, 0) (0.215231, 0) (-0.322024, 0) (0.215231, 0) (-0.0684287, 0) (-0.279777, 0) (0.0201226, 0) (0.124858, 0) (0.0201226, 0) (0.124858, 0) (-0.0684287, 0) (-0.279777, 0) (-0.162952, 0) (0.247018, 0) (-0.162952, 0) 
1 0.253329 1 (0.284332, 0) (-1.26614e-09, 0) (-0.284332, 0) (0.0988403, 0) (-0.210413, 0) (0.0786321, 0) (-0.226112, 0) (-0.0786321, 0) (0.226112, 0) (-0.0988403, 0) (0.210413, 0) (-0.231742, 0) (2.89645e-10, 0) (0.231742, 0) (0.264125, 0) (4.64843e-11, 0) (-0.264125, 0) (0.211258, 0) (-0.0991897, 0) (0.197029, 0) (-0.119268, 0) (-0.197029, 0) (0.119268, 0) (-0.211258, 0) (0.0991897, 0) (-0.277168, 0) (-7.7718e-10, 0) (0.277168, 0) 
0 0.253329 1 (0.277168, 0) (7.84111e-10, 0) (-0.277168, 0) (0.0991897, 0) (-0.211258, 0) (0.119268, 0) (-0.197029, 0) (-0.119268, 0) (0.197029, 0) (-0.0991897, 0) (0.211258, 0) (-0.264125, 0) (-5.11197e-11, 0) (0.264125, 0) (0.231742, 0) (-2.88131e-10, 0) (-0.231742, 0) (0.210413, 0) (-0.0988403, 0) (0.226112, 0) (-0.0786321, 0) (-0.226112, 0) (0.0786321, 0) (-0.210413, 0) (0.0988403, 0) (-0.284332, 0) (1.26023e-09, 0) (0.284332, 0) 
1 1.62692 1 (0.311855, 0) (-0.439637, 0) (0.311855, 0) (0.048137, 0) (-0.300344, 0) (-0.0121384, 0) (0.12497, 0) (-0.0121384, 0) (0.12497, 0) (0.048137, 0) (-0.300344, 0) (-0.0850443, 0) (0.118228, 0) (-0.0850443, 0) (0.155372, 0) (-0.221002, 0) (0.155372, 0) (0.185555, 0) (-0.104903, 0) (-0.0757012, 0) (0.0484864, 0) (-0.0757012, 0) (0.0484864, 0) (0.185555, 0) (-0.104903, 0) (-0.201893, 0) (0.285507, 0) (-0.201893, 0) 
0 1.62692 1 (0.201893, 0) (-0.285507, 0) (0.201893, 0) (0.104903, 0) (-0.185555, 0) (-0.0484864, 0) (0.0757012, 0) (-0.0484864, 0) (0.0757012, 0) (0.104903, 0) (-0.185555, 0) (-0.155372, 0) (0.221002, 0) (-0.155372, 0) (0.0850443, 0) (-0.118228, 0) (0.0850443, 0) (0.300344, 0) (-0.048137, 0) (-0.12497, 0) (0.0121384, 0) (-0.12497, 0) (0.0121384, 0) (0.300344, 0) (-0.048137, 0) (-0.311855, 0) (0.439637, 0) (-0.311855, 0) 
1 2.69308 0 (0.201893, 0) (-0.285507, 0) (0.201893, 0) (-0.104903, 0) (-0.185555, 0) (0.0484864, 0) (0.0757012, 0) (0.0484864, 0) (0.0757012, 0) (-0.104903, 0) (-0.185555, 0) (0.155372, 0) (-0.221002, 0) (0.155372, 0) (0.0850443, 0) (-0.118228, 0) (0.0850443, 0) (-0.300344, 0) (-0.048137, 0) (0.12497, 0) (0.0121384, 0) (0.12497, 0) (0.0121384, 0) (-0.300344, 0) (-0.048137, 0) (0.311855, 0) (-0.439637, 0) (0.311855, 0) 
0 2.69308 0 (-0.311855, 0) (0.439637, 0) (-0.311855, 0) (0.048137, 0) (0.300344, 0) (-0.0121384, 0) (-0.12497, 0) (-0.0121384, 0) (-0.12497, 0) (0.048137, 0) (0.300344, 0) (-0.0850443, 0) (0.118228, 0) (-0.0850443, 0) (-0.155372, 0) (0.221002, 0) (-0.155372, 0) (0.185555, 0) (0.104903, 0) (-0.0757012, 0) (-0.0484864, 0) (-0.0757012, 0) (-0.0484864, 0) (0.185555, 0) (0.104903, 0) (-0.201893, 0) (0.285507, 0) (-0.201893, 0) 
1 4.06667 0 (-0.277168, 0) (-7.8411e-10, 0) (0.277168, 0) (0.0991897, 0) (0.211258, 0) (0.119268, 0) (0.197029, 0) (-0.119268, 0) (-0.197029, 0) (-0.0991897, 0) (-0.211258, 0) (-0.264125, 0) (-5.11185e-11, 0) (0.264125, 0) (-0.231742, 0) (2.8813e-10, 0) (0.231742, 0) (0.210413, 0) (0.0988403, 0) (0.226112, 0) (0.0786321, 0) (-0.226112, 0) (-0.0786321, 0) (-0.210413, 0) (-0.0988403, 0) (-0.284332, 0) (1.26023e-09, 0) (0.284332, 0) 
0 4.06667 0 (-0.284332, 0) (1.26614e-09, 0) (0.284332, 0) (0.0988403, 0) (0.210413, 0) (0.0786321, 0) (0.226112, 0) (-0.0786321, 0) (-0.226112, 0) (-0.0988403, 0) (-0.210413, 0) (-0.231742, 0) (2.89644e-10, 0) (0.231742, 0) (-0.264125, 0) (-4.64835e-11, 0) (0.264125, 0) (0.211258, 0) (0.0991897, 0) (0.197029, 0) (0.119268, 0) (-0.197029, 0) (-0.119268, 0) (-0.211258, 0) (-0.0991897, 0) (-0.277168, 0) (-7.7718e-10, 0) (0.277168, 0) 
0 4.50551 0 (-0.198279, 0) (0.263162, 0) (-0.198279, 0) (0.251579, 0) (-0.030758, 0) (-0.0955924, 0) (0.0214319, 0) (-0.0955924, 0) (0.0214319, 0) (0.251579, 0) (-0.030758, 0) (-0.227152, 0) (0.304749, 0) (-0.227152, 0) (0.215231, 0) (-0.322024, 0) (0.215231, 0) (0.0684287, 0) (-0.279777, 0) (-0.0201226, 0) (0.124858, 0) (-0.0201226, 0) (0.124858, 0) (0.0684287, 0) (-0.279777, 0) (0.162952, 0) (-0.247018, 0) (0.162952, 0) 
1 4.50551 0 (0.162952, 0) (-0.247018, 0) (0.162952, 0) (-0.279777, 0) (0.0684287, 0) (0.124858, 0) (-0.0201226, 0) (0.124858, 0) (-0.0201226, 0) (-0.279777, 0) (0.0684287, 0) (0.215231, 0) (-0.322024, 0) (0.215231, 0) (-0.227152, 0) (0.304749, 0) (-0.227152, 0) (-0.030758, 0) (0.251579, 0) (0.0214319, 0) (-0.0955924, 0) (0.0214319, 0) (-0.0955924, 0) (-0.030758, 0) (0.251579, 0) (-0.198279, 0) (0.263162, 0) (-0.198279, 0) 
0 4.8445 0 (0.00898088, 0) (3.53342e-10, 0) (-0.00898089, 0) (-0.00859405, 0) (-7.78874e-05, 0) (0.000401181, 0) (-0.0093935, 0) (-0.000401182, 0) (0.0093935, 0) (0.00859405, 0) (7.78872e-05, 0) (0.00866568, 0) (3.65432e-10, 0) (-0.00866569, 0) (0.000528266, 0) (-1.67101e-09, 0) (-0.000528265, 0) (0.340826, 0) (-0.364807, 0) (-0.349997, 0) (0.35762, 0) (0.349997, 0) (-0.35762, 0) (-0.340826, 0) (0.364807, 0) (0.00667749, 0) (-1.59767e-09, 0) (-0.00667749, 0) 
1 4.8445 0 (-0.00667749, 0) (1.60467e-09, 0) (0.00667749, 0) (0.364807, 0) (-0.340826, 0) (-0.35762, 0) (0.349997, 0) (0.35762, 0) (-0.349997, 0) (-0.364807, 0) (0.340826, 0) (-0.000528266, 0) (1.68112e-09, 0) (0.000528265, 0) (-0.00866568, 0) (-3.71503e-10, 0) (0.00866569, 0) (7.78874e-05, 0) (0.00859405, 0) (0.0093935, 0) (-0.000401181, 0) (-0.0093935, 0) (0.000401182, 0) (-7.78872e-05, 0) (-0.00859405, 0) (-0.00898088, 0) (-3.596e-10, 0) (0.00898089, 0) 
0 4.88184 0 (-0.00670633, 0) (1.72769e-09, 0) (0.00670633, 0) (-0.342241, 0) (0.365984, 0) (0.348452, 0) (-0.356498, 0) (-0.348452, 0) (0.356498, 0) (0.342241, 0) (-0.365984, 0) (0.000580764, 0) (1.41166e-09, 0) (-0.000580764, 0) (-0.0100938, 0) (-1.4216e-10, 0) (0.0100938, 0) (0.000301272, 0) (0.00976765, 0) (0.00891234, 0) (0.000850647, 0) (-0.00891234, 0) (-0.000850647, 0) (-0.000301271, 0) (-0.00976765, 0) (-0.00974073, 0) (-1.67092e-10, 0) (0.00974074, 0) 
1 4.88184 0 (0.00974073, 0) (1.62327e-10, 0) (-0.00974074, 0) (-0.00976765, 0) (-0.000301272, 0) (-0.000850647, 0) (-0.00891234, 0) (0.000850647, 0) (0.00891234, 0) (0.00976765, 0) (0.000301271, 0) (0.0100938, 0) (1.37259e-10, 0) (-0.0100938, 0) (-0.000580764, 0) (-1.40379e-09, 0) (0.000580764, 0) (-0.365984, 0) (0.342241, 0) (0.356498, 0) (-0.348452, 0) (-0.356498, 0) (0.348452, 0) (0.365984, 0) (-0.342241, 0) (0.00670633, 0) (-1.72075e-09, 0) (-0.00670633, 0) 
1 5.15836 0 (0.190332, 0) (0.251587, 0) (0.190332, 0) (-0.0693884, 0) (-0.116169, 0) (-0.157584, 0) (-0.272319, 0) (-0.157584, 0) (-0.272319, 0) (-0.0693884, 0) (-0.116169, 0) (0.207055, 0) (0.260845, 0) (0.207055, 0) (0.16637, 0) (0.267313, 0) (0.16637, 0) (-0.112917, 0) (-0.0493934, 0) (-0.285174, 0) (-0.125275, 0) (-0.285174, 0) (-0.125275, 0) (-0.112917, 0) (-0.0493935, 0) (0.169828, 0) (0.258755, 0) (0.169828, 0) 
0 5.15836 0 (0.169828, 0) (0.258755, 0) (0.169828, 0) (-0.0493934, 0) (-0.112917, 0) (-0.125275, 0) (-0.285174, 0) (-0.125275, 0) (-0.285174, 0) (-0.0493935, 0) (-0.112917, 0) (0.16637, 0) (0.267313, 0) (0.16637, 0) (0.207055, 0) (0.260845, 0) (0.207055, 0) (-0.116169, 0) (-0.0693884, 0) (-0.272319, 0) (-0.157584, 0) (-0.272319, 0) (-0.157584, 0) (-0.116169, 0) (-0.0693884, 0) (0.190332, 0) (0.251587, 0) (0.190332, 0) 
0 5.72078 0 (0.319342, 0) (-2.67242e-10, 0) (-0.319342, 0) (-0.194559, 0) (-0.054645, 0) (-0.200404, 0) (-0.0481846, 0) (0.200404, 0) (0.0481846, 0) (0.194559, 0) (0.054645, 0) (0.262551, 0) (2.05634e-10, 0) (-0.262551, 0) (-0.253338, 0) (3.72788e-10, 0) (0.253338, 0) (0.0287586, 0) (0.213267, 0) (0.0332283, 0) (0.208552, 0) (-0.0332283, 0) (-0.208552, 0) (-0.0287586, 0) (-0.213267, 0) (-0.301125, 0) (1.30352e-11, 0) (0.301125, 0) 
1 5.72078 0 (-0.301125, 0) (1.10588e-11, 0) (0.301125, 0) (0.213267, 0) (0.0287586, 0) (0.208552, 0) (0.0332283, 0) (-0.208552, 0) (-0.0332283, 0) (-0.213267, 0) (-0.0287586, 0) (-0.253338, 0) (3.7374e-10, 0) (0.253338, 0) (0.262551, 0) (2.05079e-10, 0) (-0.262551, 0) (-0.054645, 0) (-0.194559, 0) (-0.0481846, 0) (-0.200404, 0) (0.0481846, 0) (0.200404, 0) (0.054645, 0) (0.194559, 0) (0.319342, 0) (-2.68125e-10, 0) (-0.319342, 0) 
0 5.79861 0 (-0.147836, 0) (0.192051, 0) (-0.147836, 0) (0.302857, 0) (-0.27293, 0) (-0.115751, 0) (0.115739, 0) (-0.115751, 0) (0.115739, 0) (0.302857, 0) (-0.27293, 0) (0.0446056, 0) (-0.081469, 0) (0.0446056, 0) (0.0953948, 0) (-0.117832, 0) (0.0953948, 0) (-0.286905, 0) (0.312637, 0) (0.117344, 0) (-0.139105, 0) (0.117344, 0) (-0.139105, 0) (-0.286905, 0) (0.312637, 0) (-0.121382, 0) (0.186737, 0) (-0.121382, 0) 
1 5.79861 0 (-0.121382, 0) (0.186737, 0) (-0.121382, 0) (0.312637, 0) (-0.286905, 0) (-0.139105, 0) (0.117344, 0) (-0.139105, 0) (0.117344, 0) (0.312637, 0) (-0.286905, 0) (0.0953948, 0) (-0.117832, 0) (0.0953948, 0) (0.0446056, 0) (-0.081469, 0) (0.0446056, 0) (-0.27293, 0) (0.302857, 0) (0.115739, 0) (-0.115751, 0) (0.115739, 0) (-0.115751, 0) (-0.27293, 0) (0.302857, 0) (-0.147836, 0) (0.192051, 0) (-0.147836, 0) 
0 6.64023 0 (-0.0827052, 0) (0.110175, 0) (-0.0827052, 0) (0.214029, 0) (-0.281365, 0) (-0.0835747, 0) (0.114072, 0) (-0.0835747, 0) (0.114072, 0) (0.214029, 0) (-0.281365, 0) (0.231876, 0) (-0.334273, 0) (0.231876, 0) (-0.226223, 0) (0.342352, 0) (-0.226223, 0) (0.243765, 0) (-0.19644, 0) (-0.108801, 0) (0.0675685, 0) (-0.108801, 0) (0.0675685, 0) (0.243765, 0) (-0.19644, 0) (0.0740071, 0) (-0.0750112, 0) (0.0740071, 0) 
1 6.64023 0 (-0.0740071, 0) (0.0750112, 0) (-0.0740071, 0) (0.19644, 0) (-0.243765, 0) (-0.0675685, 0) (0.108801, 0) (-0.0675685, 0) (0.108801, 0) (0.19644, 0) (-0.243765, 0) (0.226223, 0) (-0.342352, 0) (0.226223, 0) (-0.231876, 0) (0.334273, 0) (-0.231876, 0) (0.281365, 0) (-0.214029, 0) (-0.114072, 0) (0.0835747, 0) (-0.114072, 0) (0.0835747, 0) (0.281365, 0) (-0.214029, 0) (0.0827052, 0) (-0.110175, 0) (0.0827052, 0) 
1 6.74865 0 (-0.223419, 0) (-0.302741, 0) (-0.223419, 0) (0.119241, 0) (0.0257411, 0) (0.278781, 0) (0.0619196, 0) (0.278781, 0) (0.0619196, 0) (0.119241, 0) (0.0257411, 0) (-0.164907, 0) (-0.220904, 0) (-0.164907, 0) (0.186372, 0) (0.241132, 0) (0.186372, 0) (-0.0587125, 0) (-0.090967, 0) (-0.100156, 0) (-0.260197, 0) (-0.100156, 0) (-0.260197, 0) (-0.0587125, 0) (-0.090967, 0) (0.217103, 0) (0.334167, 0) (0.217103, 0) 
0 6.74865 0 (0.217103, 0) (0.334167, 0) (0.217103, 0) (-0.090967, 0) (-0.0587125, 0) (-0.260197, 0) (-0.100156, 0) (-0.260197, 0) (-0.100156, 0) (-0.090967, 0) (-0.0587125, 0) (0.186372, 0) (0.241132, 0) (0.186372, 0) (-0.164907, 0) (-0.220904, 0) (-0.164907, 0) (0.0257411, 0) (0.119241, 0) (0.0619196, 0) (0.278781, 0) (0.0619196, 0) (0.278781, 0) (0.0257411, 0) (0.119241, 0) (-0.223419, 0) (-0.302741, 0) (-0.223419, 0) 
0 7.26856 0 (-0.24781, 0) (-2.79232e-10, 0) (0.24781, 0) (0.225324, 0) (-0.18791, 0) (0.223227, 0) (-0.182193, 0) (-0.223227, 0) (0.182193, 0) (-0.225324, 0) (0.18791, 0) (0.116205, 0) (-6.08779e-10, 0) (-0.116205, 0) (0.14585, 0) (5.09039e-10, 0) (-0.14585, 0) (-0.190523, 0) (0.228835, 0) (-0.196132, 0) (0.230937, 0) (0.196132, 0) (-0.230937, 0) (0.190523, 0) (-0.228835, 0) (-0.232906, 0) (4.09982e-10, 0) (0.232906, 0) 
1 7.26856 0 (0.232906, 0) (-4.09174e-10, 0) (-0.232906, 0) (-0.228835, 0) (0.190523, 0) (-0.230937, 0) (0.196132, 0) (0.230937, 0) (-0.196132, 0) (0.228835, 0) (-0.190523, 0) (-0.14585, 0) (-5.0874e-10, 0) (0.14585, 0) (-0.116205, 0) (6.07911e-10, 0) (0.116205, 0) (0.18791, 0) (-0.225324, 0) (0.182193, 0) (-0.223227, 0) (-0.182193, 0) (0.223227, 0) (-0.18791, 0) (0.225324, 0) (0.24781, 0) (2.80269e-10, 0) (-0.24781, 0) 
0 8.31389 0 (-0.137874, 0) (1.507e-09, 0) (0.137874, 0) (0.152333, 0) (-0.215678, 0) (0.150605, 0) (-0.210547, 0) (-0.150605, 0) (0.210547, 0) (-0.152333, 0) (0.215678, 0) (0.323164, 0) (-7.4695e-10, 0) (-0.323164, 0) (-0.32254, 0) (-8.45885e-10, 0) (0.32254, 0) (0.197611, 0) (-0.142591, 0) (0.202186, 0) (-0.144156, 0) (-0.202186, 0) (0.144156, 0) (-0.197611, 0) (0.14259, 0) (0.12144, 0) (1.2689e-09, 0) (-0.12144, 0) 
1 8.31389 0 (-0.12144, 0) (-1.2631e-09, 0) (0.12144, 0) (0.142591, 0) (-0.197611, 0) (0.144156, 0) (-0.202186, 0) (-0.144156, 0) (0.202186, 0) (-0.14259, 0) (0.197611, 0) (0.32254, 0) (8.40857e-10, 0) (-0.32254, 0) (-0.323164, 0) (7.46115e-10, 0) (0.323164, 0) (0.215678, 0) (-0.152333, 0) (0.210547, 0) (-0.150605, 0) (-0.210547, 0) (0.150605, 0) (-0.215678, 0) (0.152333, 0) (0.137874, 0) (-1.50242e-09, 0) (-0.137874, 0) 
1 8.34739 0 (-0.172595, 0) (-0.237747, 0) (-0.172595, 0) (0.120356, 0) (-0.0981993, 0) (0.28932, 0) (-0.242762, 0) (0.28932, 0) (-0.242762, 0) (0.120356, 0) (-0.0981993, 0) (0.112001, 0) (0.162046, 0) (0.112001, 0) (0.0885264, 0) (0.121843, 0) (0.0885264, 0) (-0.0946962, 0) (0.121422, 0) (-0.223516, 0) (0.295357, 0) (-0.223516, 0) (0.295357, 0) (-0.0946962, 0) (0.121422, 0) (-0.18862, 0) (-0.274826, 0) (-0.18862, 0) 
0 8.34739 0 (-0.18862, 0) (-0.274826, 0) (-0.18862, 0) (0.121422, 0) (-0.0946962, 0) (0.295357, 0) (-0.223516, 0) (0.295357, 0) (-0.223516, 0) (0.121422, 0) (-0.0946962, 0) (0.0885264, 0) (0.121843, 0) (0.0885264, 0) (0.112001, 0) (0.162046, 0) (0.112001, 0) (-0.0981993, 0) (0.120356, 0) (-0.242762, 0) (0.28932, 0) (-0.242762, 0) (0.28932, 0) (-0.0981993, 0) (0.120356, 0) (-0.172595, 0) (-0.237747, 0) (-0.172595, 0) 
0 9.45685 0 (-0.105255, 0) (-0.152304, 0) (-0.105255, 0) (0.080852, -0) (-0.116621, 0) (0.194973, -0) (-0.27604, 0) (0.194973, -0) (-0.27604, 0) (0.080852, -0) (-0.116621, 0) (0.225625, -0) (0.317396, -0) (0.225625, -0) (-0.225619, 0) (-0.320716, 0) (-0.225619, 0) (0.108513, -0) (-0.0757324, 0) (0.267085, -0) (-0.183227, 0) (0.267085, -0) (-0.183227, 0) (0.108513, -0) (-0.0757324, 0) (0.0929989, -0) (0.128817, -0) (0.0929989, -0) 
1 9.45685 0 (-0.0929989, 0) (-0.128817, 0) (-0.0929989, 0) (0.0757324, 0) (-0.108513, 0) (0.183227, 0) (-0.267085, 0) (0.183227, 0) (-0.267085, 0) (0.0757324, 0) (-0.108513, 0) (0.225619, 0) (0.320716, 0) (0.225619, 0) (-0.225625, 0) (-0.317396, 0) (-0.225625, 0) (0.116621, 0) (-0.080852, 0) (0.27604, 0) (-0.194973, 0) (0.27604, 0) (-0.194973, 0) (0.116621, 0) (-0.080852, 0) (0.105255, 0) (0.152304, 0) (0.105255, 0) 
