1 -3.95338 1 (-0.214983, 0) (-0.304106, 0) (-0.214977, 0) (-0.151937, 0) (-0.151953, 0) (-0.366857, 0) (-0.3668, 0) (-0.366857, 0) (-0.3668, 0) (-0.151938, 0) (-0.151952, 0) (-0.214783, 0) (-0.303675, 0) (-0.214789, 0) 
0 -3.95338 1 (-0.214783, 0) (-0.303675, 0) (-0.214789, 0) (-0.151953, 0) (-0.151937, 0) (-0.3668, 0) (-0.366857, 0) (-0.3668, 0) (-0.366857, 0) (-0.151952, 0) (-0.151938, 0) (-0.214983, 0) (-0.304106, 0) (-0.214977, 0) 
1 -2.835 1 (-0.288795, 0) (-1.79919e-06, 0) (0.288784, 0) (-0.288635, 0) (-0.288716, 0) (-0.288658, 0) (-0.288692, 0) (0.288655, 0) (0.288695, 0) (0.288636, 0) (0.288714, 0) (-0.288555, 0) (1.82012e-06, 0) (0.288566, 0) 
0 -2.835 1 (0.288555, -0) (-1.8201e-06, 0) (-0.288566, 0) (0.288716, -0) (0.288635, -0) (0.288692, -0) (0.288658, -0) (-0.288695, 0) (-0.288655, 0) (-0.288714, 0) (-0.288636, 0) (0.288795, -0) (1.79921e-06, 0) (-0.288784, 0) 
1 -1.25376 1 (0.079442, 0) (0.449211, 0) (0.0794446, 0) (-0.205049, 0) (-0.369626, 0) (0.317327, 0) (-0.0796517, 0) (0.317332, 0) (-0.0796502, 0) (-0.205045, 0) (-0.369612, 0) (-0.317424, 0) (-0.112511, 0) (-0.317429, 0) 
0 -1.25376 1 (-0.317424, 0) (-0.112511, 0) (-0.317429, 0) (-0.369626, 0) (-0.205048, 0) (-0.079652, 0) (0.317327, 0) (-0.0796505, 0) (0.317332, 0) (-0.369611, 0) (-0.205045, 0) (0.0794423, 0) (0.449211, 0) (0.0794449, 0) 
1 -1.25299 1 (0.317609, 0) (0.112449, 0) (0.317605, 0) (0.369377, 0) (0.205025, 0) (0.0794191, 0) (-0.317707, 0) (0.0794205, 0) (-0.317701, 0) (0.369391, 0) (0.205028, 0) (-0.0796285, 0) (-0.448863, 0) (-0.0796258, 0) 
0 -1.25299 1 (-0.0796282, 0) (-0.448863, 0) (-0.0796255, 0) (0.205025, 0) (0.369377, 0) (-0.317707, 0) (0.0794188, 0) (-0.317701, 0) (0.0794202, 0) (0.205029, 0) (0.369391, 0) (0.317609, 0) (0.112449, 0) (0.317605, 0) 
1 -0.135173 1 (-0.288928, 0) (8.76676e-06, 0) (0.288916, 0) (0.105454, 0) (0.394477, 0) (-0.394103, 0) (-0.105444, 0) (0.394112, 0) (0.105441, 0) (-0.105454, 0) (-0.394459, 0) (0.288718, 0) (-2.35094e-06, 0) (-0.288723, 0) 
0 -0.135173 1 (-0.288719, 0) (2.35111e-06, 0) (0.288724, 0) (-0.394477, 0) (-0.105453, 0) (0.105443, 0) (0.394103, 0) (-0.10544, 0) (-0.394112, 0) (0.394459, 0) (0.105453, 0) (0.288929, 0) (-8.76678e-06, 0) (-0.288917, 0) 
1 -0.134829 1 (-0.288632, 0) (-2.3312e-06, 0) (0.288627, 0) (-0.394198, 0) (-0.105871, 0) (0.105881, 0) (0.394572, 0) (-0.105883, 0) (-0.394563, 0) (0.394216, 0) (0.105871, 0) (0.288423, 0) (8.70715e-06, 0) (-0.288434, 0) 
0 -0.134829 1 (0.288422, 0) (8.70713e-06, 0) (-0.288433, 0) (-0.105872, 0) (-0.394198, 0) (0.394572, 0) (0.105882, 0) (-0.394563, 0) (-0.105884, 0) (0.105872, 0) (0.394216, 0) (-0.288631, 0) (-2.33103e-06, 0) (0.288626, 0) 
0 1.44662 1 (0.310541, 0) (-0.439161, 0) (0.310552, 0) (0.220228, 0) (-0.219504, 0) (-0.0912782, 0) (0.0908647, 0) (-0.0912987, 0) (0.0908441, 0) (0.220232, 0) (-0.219501, 0) (-0.311334, 0) (0.440304, 0) (-0.311323, 0) 
1 1.44662 1 (0.311334, 0) (-0.440304, 0) (0.311323, 0) (0.219504, 0) (-0.220228, 0) (-0.0908647, 0) (0.0912782, 0) (-0.0908441, 0) (0.0912987, 0) (0.219501, 0) (-0.220232, 0) (-0.310541, 0) (0.439161, 0) (-0.310552, 0) 
0 3.68338 0 (0.311334, 0) (-0.440304, 0) (0.311323, 0) (-0.219504, 0) (-0.220228, 0) (0.0908647, 0) (0.0912782, 0) (0.0908441, 0) (0.0912987, 0) (-0.219501, 0) (-0.220232, 0) (0.310541, 0) (-0.439161, 0) (0.310552, 0) 
1 3.68338 0 (0.310541, 0) (-0.439161, 0) (0.310552, 0) (-0.220228, 0) (-0.219504, 0) (0.0912782, 0) (0.0908647, 0) (0.0912987, 0) (0.0908441, 0) (-0.220232, 0) (-0.219501, 0) (0.311334, 0) (-0.440304, 0) (0.311323, 0) 
1 5.26483 0 (-0.288422, 0) (-8.70713e-06, 0) (0.288433, 0) (-0.105872, 0) (0.394198, 0) (0.394572, 0) (-0.105882, 0) (-0.394563, 0) (0.105884, 0) (0.105872, 0) (-0.394216, 0) (-0.288631, 0) (-2.33103e-06, 0) (0.288626, 0) 
0 5.26483 0 (0.288632, 0) (2.3312e-06, 0) (-0.288627, 0) (-0.394198, 0) (0.105871, 0) (0.105881, 0) (-0.394572, 0) (-0.105883, 0) (0.394563, 0) (0.394216, 0) (-0.105871, 0) (0.288423, 0) (8.70715e-06, 0) (-0.288434, 0) 
1 5.26517 0 (0.288719, 0) (-2.35111e-06, 0) (-0.288724, 0) (-0.394477, 0) (0.105453, 0) (0.105443, 0) (-0.394103, 0) (-0.10544, 0) (0.394112, 0) (0.394459, 0) (-0.105453, 0) (0.288929, 0) (-8.76678e-06, 0) (-0.288917, 0) 
0 5.26517 0 (-0.288928, 0) (8.76676e-06, 0) (0.288916, 0) (-0.105454, 0) (0.394477, 0) (0.394103, 0) (-0.105444, 0) (-0.394112, 0) (0.105441, 0) (0.105454, 0) (-0.394459, 0) (-0.288718, 0) (2.35094e-06, 0) (0.288723, 0) 
1 6.38299 0 (-0.0796282, 0) (-0.448863, 0) (-0.0796255, 0) (-0.205025, 0) (0.369377, 0) (0.317707, 0) (0.0794188, 0) (0.317701, 0) (0.0794202, 0) (-0.205029, 0) (0.369391, 0) (-0.317609, 0) (-0.112449, 0) (-0.317605, 0) 
0 6.38299 0 (-0.317609, 0) (-0.112449, 0) (-0.317605, 0) (0.369377, 0) (-0.205025, 0) (0.0794191, 0) (0.317707, 0) (0.0794205, 0) (0.317701, 0) (0.369391, 0) (-0.205028, 0) (-0.0796285, 0) (-0.448863, 0) (-0.0796258, 0) 
1 6.38376 0 (0.317424, 0) (0.112511, 0) (0.317429, 0) (-0.369626, 0) (0.205048, 0) (-0.079652, 0) (-0.317327, 0) (-0.0796505, 0) (-0.317332, 0) (-0.369611, 0) (0.205045, 0) (0.0794423, 0) (0.449211, 0) (0.0794449, 0) 
0 6.38376 0 (-0.079442, 0) (-0.449211, 0) (-0.0794446, 0) (-0.205049, 0) (0.369626, 0) (0.317327, 0) (0.0796517, 0) (0.317332, 0) (0.0796502, 0) (-0.205045, 0) (0.369612, 0) (-0.317424, 0) (-0.112511, 0) (-0.317429, 0) 
1 7.965 0 (-0.288555, 0) (1.8201e-06, 0) (0.288566, 0) (0.288716, 0) (-0.288635, 0) (0.288692, 0) (-0.288658, 0) (-0.288695, 0) (0.288655, 0) (-0.288714, 0) (0.288636, 0) (0.288795, 0) (1.79921e-06, 0) (-0.288784, 0) 
0 7.965 0 (-0.288795, 0) (-1.79919e-06, 0) (0.288784, 0) (0.288635, 0) (-0.288716, 0) (0.288658, 0) (-0.288692, 0) (-0.288655, 0) (0.288695, 0) (-0.288636, 0) (0.288714, 0) (0.288555, 0) (-1.82012e-06, 0) (-0.288566, 0) 
1 9.08338 0 (-0.214783, 0) (-0.303675, 0) (-0.214789, 0) (0.151953, 0) (-0.151937, 0) (0.3668, 0) (-0.366857, 0) (0.3668, 0) (-0.366857, 0) (0.151952, 0) (-0.151938, 0) (0.214983, 0) (0.304106, 0) (0.214977, 0) 
0 9.08338 0 (-0.214983, 0) (-0.304106, 0) (-0.214977, 0) (0.151937, 0) (-0.151953, 0) (0.366857, 0) (-0.3668, 0) (0.366857, 0) (-0.3668, 0) (0.151938, 0) (-0.151952, 0) (0.214783, 0) (0.303675, 0) (0.214789, 0) 
