1 -5.22593 1 (-0.104559, 0) (-0.157128, 0) (-0.104556, 0) (-0.0790439, 0) (-0.115587, 0) (-0.189692, 0) (-0.268501, 0) (-0.189693, 0) (-0.2685, 0) (-0.0790438, 0) (-0.115584, 0) (-0.221102, 0) (-0.316713, 0) (-0.221102, 0) (-0.221101, 0) (-0.316712, 0) (-0.221102, 0) (-0.115587, 0) (-0.0790435, 0) (-0.268502, 0) (-0.189691, 0) (-0.268501, 0) (-0.189692, 0) (-0.115584, 0) (-0.0790434, 0) (-0.104558, 0) (-0.157127, 0) (-0.104556, 0) 
0 -5.05296 1 (-0.0941588, 0) (-0.126646, 0) (-0.0941605, 0) (-0.0776149, 0) (-0.109339, 0) (-0.189495, 0) (-0.274157, 0) (-0.189493, 0) (-0.274157, 0) (-0.0776142, 0) (-0.109342, 0) (-0.229659, 0) (-0.320379, 0) (-0.229658, 0) (-0.22966, 0) (-0.320381, 0) (-0.229659, 0) (-0.109339, 0) (-0.0776154, 0) (-0.274156, 0) (-0.189496, 0) (-0.274156, 0) (-0.189494, 0) (-0.109341, 0) (-0.0776147, 0) (-0.0941589, 0) (-0.126646, 0) (-0.0941606, 0) 
1 -4.17974 1 (-0.18623, 0) (-0.284637, 0) (-0.186224, 0) (-0.118007, 0) (-0.0967063, 0) (-0.288481, 0) (-0.223657, 0) (-0.288482, 0) (-0.223656, 0) (-0.118006, 0) (-0.0967021, 0) (-0.0956403, 0) (-0.135219, 0) (-0.0956392, 0) (0.0956407, 0) (0.135219, 0) (0.0956396, 0) (0.096707, 0) (0.118007, 0) (0.223659, 0) (0.288481, 0) (0.223658, 0) (0.288481, 0) (0.0967028, 0) (0.118006, 0) (0.186231, 0) (0.284636, 0) (0.186224, 0) 
1 -4.07459 1 (-0.136177, 0) (1.30463e-06, 0) (0.136174, 0) (-0.149107, 0) (-0.215518, 0) (-0.142826, 0) (-0.202118, 0) (0.142829, 0) (0.20212, 0) (0.149107, 0) (0.215511, 0) (-0.318629, 0) (1.87331e-06, 0) (0.318631, 0) (-0.318628, 0) (1.87005e-06, 0) (0.318629, 0) (-0.215518, 0) (-0.149106, 0) (-0.202119, 0) (-0.142826, 0) (0.202122, 0) (0.142829, 0) (0.215512, 0) (0.149107, 0) (-0.136178, 0) (1.30435e-06, 0) (0.136174, 0) 
0 -3.91748 1 (-0.123468, 0) (-6.39255e-07, 0) (0.123471, 0) (-0.145957, 0) (-0.197833, 0) (-0.152374, 0) (-0.210452, 0) (0.152372, 0) (0.210452, 0) (0.145955, 0) (0.197838, 0) (-0.326811, 0) (-1.04051e-07, 0) (0.32681, 0) (-0.326813, 0) (-1.05474e-07, 0) (0.326812, 0) (-0.197832, 0) (-0.145957, 0) (-0.210451, 0) (-0.152374, 0) (0.210451, 0) (0.152373, 0) (0.197838, 0) (0.145956, 0) (-0.123468, 0) (-6.50494e-07, 0) (0.123471, 0) 
0 -3.893 1 (-0.174543, 0) (-0.231765, 0) (-0.174547, 0) (-0.123162, 0) (-0.0954618, 0) (-0.296995, 0) (-0.24185, 0) (-0.296993, 0) (-0.24185, 0) (-0.123161, 0) (-0.0954645, 0) (-0.104101, 0) (-0.147387, 0) (-0.104101, 0) (0.104101, 0) (0.147387, 0) (0.104101, 0) (0.0954613, 0) (0.123162, 0) (0.241848, 0) (0.296996, 0) (0.241848, 0) (0.296993, 0) (0.095464, 0) (0.123161, 0) (0.174543, 0) (0.231766, 0) (0.174547, 0) 
1 -3.06039 1 (0.250629, 0) (-4.59692e-06, 0) (-0.250624, 0) (0.226328, 0) (0.198191, 0) (0.21682, 0) (0.181485, 0) (-0.216827, 0) (-0.181489, 0) (-0.22633, 0) (-0.198183, 0) (0.129358, 0) (-1.38279e-06, 0) (-0.129357, 0) (-0.129357, 0) (1.41852e-06, 0) (0.129357, 0) (-0.198191, 0) (-0.226327, 0) (-0.181487, 0) (-0.21682, 0) (0.181491, 0) (0.216827, 0) (0.198184, 0) (0.226329, 0) (-0.25063, 0) (4.45465e-06, 0) (0.250624, 0) 
0 -2.84839 1 (-0.230297, 0) (-1.77583e-06, 0) (0.230301, 0) (-0.227464, 0) (-0.180363, 0) (-0.237803, 0) (-0.196676, 0) (0.2378, 0) (0.196675, 0) (0.22746, 0) (0.180368, 0) (-0.132139, 0) (-2.3796e-07, 0) (0.13214, 0) (0.13214, 0) (2.41161e-07, 0) (-0.13214, 0) (0.180362, 0) (0.227465, 0) (0.196674, 0) (0.237804, 0) (-0.196674, 0) (-0.2378, 0) (-0.180368, 0) (-0.227462, 0) (0.230296, 0) (1.73394e-06, 0) (-0.230301, 0) 
1 -2.67031 1 (0.207755, 0) (0.355649, 0) (0.207745, 0) (0.076285, 0) (-0.0674996, 0) (0.26104, 0) (-0.0808795, 0) (0.26104, 0) (-0.0808785, 0) (0.0762845, 0) (-0.067496, 0) (-0.187672, 0) (-0.215958, 0) (-0.187671, 0) (-0.18767, 0) (-0.215955, 0) (-0.187668, 0) (-0.0674989, 0) (0.0762851, 0) (-0.0808779, 0) (0.261039, 0) (-0.0808767, 0) (0.261039, 0) (-0.0674951, 0) (0.0762847, 0) (0.207756, 0) (0.355647, 0) (0.207746, 0) 
1 -2.4504 1 (0.100774, 0) (-0.0767556, 0) (0.100775, 0) (0.208629, 0) (0.265814, 0) (-0.0532128, 0) (-0.118047, 0) (-0.0532103, 0) (-0.118041, 0) (0.208635, 0) (0.265808, 0) (0.208364, 0) (-0.353651, 0) (0.208369, 0) (0.208362, 0) (-0.353648, 0) (0.208368, 0) (0.265815, 0) (0.208627, 0) (-0.118047, 0) (-0.0532127, 0) (-0.118041, 0) (-0.0532104, 0) (0.265809, 0) (0.208633, 0) (0.100774, 0) (-0.0767555, 0) (0.100774, 0) 
0 -2.22209 1 (-0.233819, 0) (-0.233572, 0) (-0.233825, 0) (-0.191109, 0) (-0.066876, 0) (-0.227036, 0) (0.112413, 0) (-0.227034, 0) (0.112414, 0) (-0.191104, 0) (-0.0668764, 0) (0.0732859, 0) (0.33912, 0) (0.0732855, 0) (0.0732874, 0) (0.339125, 0) (0.0732872, 0) (-0.0668755, 0) (-0.19111, 0) (0.112415, 0) (-0.227037, 0) (0.112416, 0) (-0.227035, 0) (-0.0668758, 0) (-0.191106, 0) (-0.233819, 0) (-0.233572, 0) (-0.233825, 0) 
0 -2.18549 1 (0.0220563, 0) (0.191112, 0) (0.0220607, 0) (-0.145324, 0) (-0.248742, 0) (0.184469, 0) (0.0727539, 0) (0.184469, 0) (0.072756, 0) (-0.145318, 0) (-0.248749, 0) (-0.289542, 0) (0.224059, 0) (-0.28954, 0) (-0.289545, 0) (0.224061, 0) (-0.289542, 0) (-0.248743, 0) (-0.145326, 0) (0.0727533, 0) (0.18447, 0) (0.0727553, 0) (0.18447, 0) (-0.248749, 0) (-0.14532, 0) (0.0220558, 0) (0.191114, 0) (0.02206, 0) 
1 -1.65805 1 (0.123735, 0) (-0.243523, 0) (0.123743, 0) (0.28761, 0) (0.29723, 0) (-0.133095, 0) (-0.0763348, 0) (-0.13309, 0) (-0.0763324, 0) (0.287625, 0) (0.297223, 0) (0.0914412, 0) (-0.0643053, 0) (0.0914392, 0) (-0.0914409, 0) (0.0643051, 0) (-0.0914405, 0) (-0.297232, 0) (-0.287609, 0) (0.0763356, 0) (0.133094, 0) (0.0763331, 0) (0.133091, 0) (-0.297226, 0) (-0.287623, 0) (-0.123735, 0) (0.243523, 0) (-0.123742, 0) 
1 -1.53215 1 (0.323787, 0) (-7.49012e-06, 0) (-0.323778, 0) (0.192911, 0) (-0.0504265, 0) (0.196323, 0) (-0.0436413, 0) (-0.196331, 0) (0.0436417, 0) (-0.192915, 0) (0.0504243, 0) (-0.254867, 0) (1.39833e-06, 0) (0.254873, 0) (-0.254865, 0) (1.46002e-06, 0) (0.25487, 0) (-0.050428, 0) (0.192908, 0) (-0.0436402, 0) (0.196323, 0) (0.0436407, 0) (-0.19633, 0) (0.0504235, 0) (-0.192914, 0) (0.323788, 0) (-6.52793e-06, 0) (-0.323779, 0) 
0 -1.33789 1 (-0.14078, 0) (0.147449, 0) (-0.140775, 0) (-0.32484, 0) (-0.263952, 0) (0.119181, 0) (0.140645, 0) (0.119178, 0) (0.14064, 0) (-0.324819, 0) (-0.263955, 0) (-0.053754, 0) (0.120439, 0) (-0.0537589, 0) (0.0537546, 0) (-0.120437, 0) (0.0537552, 0) (0.263949, 0) (0.324839, 0) (-0.140643, 0) (-0.119184, 0) (-0.140638, 0) (-0.119177, 0) (0.263951, 0) (0.324822, 0) (0.140777, 0) (-0.14745, 0) (0.140777, 0) 
0 -1.28283 1 (-0.296272, 0) (-2.45886e-06, 0) (0.296281, 0) (-0.214272, 0) (0.0336708, 0) (-0.212496, 0) (0.0379527, 0) (0.212492, 0) (-0.0379547, 0) (0.214267, 0) (-0.0336705, 0) (0.261881, 0) (-3.39662e-06, 0) (-0.261872, 0) (0.261884, 0) (-2.45452e-06, 0) (-0.261876, 0) (0.0336687, 0) (-0.214278, 0) (0.0379559, 0) (-0.212495, 0) (-0.0379557, 0) (0.212493, 0) (-0.0336729, 0) (0.214267, 0) (-0.296273, 0) (-1.18612e-06, 0) (0.29628, 0) 
1 -1.04638 1 (-0.190882, 0) (-0.239377, 0) (-0.190865, 0) (-0.0914049, 0) (0.0778035, 0) (-0.103717, 0) (0.300922, 0) (-0.103705, 0) (0.300923, 0) (-0.0914133, 0) (0.0777822, 0) (0.173, 0) (0.280248, 0) (0.172992, 0) (-0.173001, 0) (-0.280245, 0) (-0.172993, 0) (-0.0778035, 0) (0.091407, 0) (-0.300926, 0) (0.103717, 0) (-0.300926, 0) (0.103706, 0) (-0.0777826, 0) (0.0914153, 0) (0.190886, 0) (0.239377, 0) (0.190869, 0) 
0 -0.625219 1 (0.172192, 0) (0.255235, 0) (0.172207, 0) (0.033492, 0) (-0.139303, 0) (0.172604, 0) (-0.259639, 0) (0.172626, 0) (-0.259627, 0) (0.033475, 0) (-0.139333, 0) (-0.196529, 0) (-0.250663, 0) (-0.196536, 0) (0.196527, 0) (0.250666, 0) (0.196534, 0) (0.139303, 0) (-0.0334879, 0) (0.259635, 0) (-0.172604, 0) (0.259625, 0) (-0.172625, 0) (0.139331, 0) (-0.0334725, 0) (-0.172187, 0) (-0.255234, 0) (-0.172202, 0) 
1 -0.589451 1 (-0.0363555, 0) (1.10996e-05, 0) (0.0363541, 0) (0.223953, 0) (0.275512, 0) (-0.254963, 0) (-0.23845, 0) (0.254971, 0) (0.23843, 0) (-0.223959, 0) (-0.275501, 0) (0.0183599, 0) (-1.0299e-05, 0) (-0.0183647, 0) (-0.0183362, 0) (1.0416e-05, 0) (0.0183407, 0) (-0.27595, 0) (-0.224357, 0) (0.238888, 0) (0.25537, 0) (-0.238868, 0) (-0.255377, 0) (0.275939, 0) (0.224364, 0) (0.0363578, 0) (-1.10518e-05, 0) (-0.0363563, 0) 
1 -0.583927 1 (0.00202246, 0) (-3.06067e-05, 0) (-0.00197598, 0) (-0.240541, 0) (-0.258401, 0) (0.242262, 0) (0.258617, 0) (-0.242283, 0) (-0.258618, 0) (0.240601, 0) (0.258401, 0) (0.0138058, 0) (2.92649e-05, 0) (-0.0138464, 0) (0.0138363, 0) (2.90457e-05, 0) (-0.0138771, 0) (-0.257937, 0) (-0.24016, 0) (0.258216, 0) (0.241829, 0) (-0.258216, 0) (-0.24185, 0) (0.257937, 0) (0.240221, 0) (0.00196043, 0) (-3.0237e-05, 0) (-0.00191389, 0) 
0 -0.510963 1 (0.0224994, 0) (-9.35834e-06, 0) (-0.022513, 0) (0.270867, 0) (0.232027, 0) (-0.24489, 0) (-0.250184, 0) (0.244877, 0) (0.250212, 0) (-0.270869, 0) (-0.232035, 0) (-0.00912641, 0) (1.4146e-05, 0) (0.00913669, 0) (0.00914321, 0) (-1.41118e-05, 0) (-0.00915335, 0) (-0.231672, 0) (-0.270488, 0) (0.249829, 0) (0.244517, 0) (-0.249857, 0) (-0.244505, 0) (0.231681, 0) (0.270489, 0) (-0.022493, 0) (9.22138e-06, 0) (0.0225066, 0) 
0 -0.508624 1 (0.00293738, 0) (-1.43622e-05, 0) (-0.00291937, 0) (0.259832, 0) (0.240995, 0) (-0.256444, 0) (-0.241137, 0) (0.256425, 0) (0.241138, 0) (-0.259793, 0) (-0.240995, 0) (0.0118158, 0) (1.94007e-05, 0) (-0.0118371, 0) (0.0118015, 0) (1.85723e-05, 0) (-0.0118242, 0) (0.241331, 0) (0.260229, 0) (-0.241502, 0) (-0.256803, 0) (0.241502, 0) (0.256786, 0) (-0.241332, 0) (-0.26019, 0) (0.00296977, 0) (-1.33925e-05, 0) (-0.00295073, 0) 
1 -0.353589 1 (0.213036, 0) (-0.282119, 0) (0.213034, 0) (0.249169, 0) (0.0312814, 0) (-0.0860628, 0) (-0.0161563, 0) (-0.0860078, 0) (-0.0160964, 0) (0.249128, 0) (0.0312253, 0) (-0.224389, 0) (0.295832, 0) (-0.22439, 0) (-0.224385, 0) (0.295829, 0) (-0.224385, 0) (0.0312842, 0) (0.249166, 0) (-0.0161553, 0) (-0.0860633, 0) (-0.0160947, 0) (-0.0860084, 0) (0.0312286, 0) (0.249125, 0) (0.213035, 0) (-0.28212, 0) (0.213032, 0) 
0 -0.0523086 1 (-0.151883, 0) (0.227227, 0) (-0.151893, 0) (-0.279113, 0) (-0.0629777, 0) (0.129552, 0) (0.0231035, 0) (0.12958, 0) (0.0231388, 0) (-0.279139, 0) (-0.0630095, 0) (0.218768, 0) (-0.328788, 0) (0.218769, 0) (0.218773, 0) (-0.328791, 0) (0.218775, 0) (-0.0629733, 0) (-0.279115, 0) (0.0231045, 0) (0.129551, 0) (0.0231402, 0) (0.129579, 0) (-0.0630046, 0) (-0.279141, 0) (-0.151885, 0) (0.227226, 0) (-0.151895, 0) 
1 0.0482707 1 (-0.287813, 0) (2.24788e-05, 0) (0.287792, 0) (-0.11708, 0) (0.190438, 0) (-0.0604392, 0) (0.236926, 0) (0.0604495, 0) (-0.236943, 0) (0.117078, 0) (-0.190427, 0) (0.23959, 0) (-1.00387e-05, 0) (-0.239596, 0) (-0.239588, 0) (9.78257e-06, 0) (0.239594, 0) (-0.19044, 0) (0.117079, 0) (-0.236928, 0) (0.0604394, 0) (0.236946, 0) (-0.0604496, 0) (0.190429, 0) (-0.117078, 0) (0.287816, 0) (-2.21437e-05, 0) (-0.287796, 0) 
0 0.461323 1 (0.270316, 0) (1.56369e-05, 0) (-0.270329, 0) (0.0881072, 0) (-0.219252, 0) (0.126652, 0) (-0.198181, 0) (-0.126637, 0) (0.198167, 0) (-0.0881121, 0) (0.219255, 0) (-0.256483, 0) (-8.46899e-06, 0) (0.256473, 0) (0.256484, 0) (8.25827e-06, 0) (-0.256474, 0) (0.219249, 0) (-0.0881074, 0) (0.198179, 0) (-0.126651, 0) (-0.198165, 0) (0.126636, 0) (-0.219252, 0) (0.0881116, 0) (-0.270311, 0) (-1.5431e-05, 0) (0.270324, 0) 
1 1.20395 1 (0.276535, 0) (-0.378975, 0) (0.276554, 0) (0.0584728, 0) (-0.252932, 0) (-0.00627514, 0) (0.0998445, 0) (-0.00625175, 0) (0.0998354, 0) (0.0584738, 0) (-0.252955, 0) (-0.112923, 0) (0.151954, 0) (-0.112948, 0) (0.11292, 0) (-0.151951, 0) (0.112945, 0) (0.252939, 0) (-0.0584722, 0) (-0.0998476, 0) (0.00627557, 0) (-0.0998384, 0) (0.00625224, 0) (0.252962, 0) (-0.0584734, 0) (-0.276543, 0) (0.378986, 0) (-0.276562, 0) 
0 2.12325 0 (0.245837, 0) (-0.350351, 0) (0.245832, 0) (0.102603, 0) (-0.249527, 0) (-0.0586116, 0) (0.107201, 0) (-0.0586323, 0) (0.107205, 0) (0.102605, 0) (-0.249514, 0) (-0.140638, 0) (0.203497, 0) (-0.140618, 0) (0.140639, 0) (-0.203498, 0) (0.140619, 0) (0.24952, 0) (-0.102602, 0) (-0.107198, 0) (0.0586093, 0) (-0.107202, 0) (0.05863, 0) (0.249507, 0) (-0.102603, 0) (-0.245829, 0) (0.350339, 0) (-0.245823, 0) 
1 2.19675 1 (0.245837, 0) (-0.350351, 0) (0.245832, 0) (-0.102603, 0) (-0.249527, 0) (0.0586116, 0) (0.107201, 0) (0.0586323, 0) (0.107205, 0) (-0.102605, 0) (-0.249514, 0) (0.140638, 0) (-0.203497, 0) (0.140618, 0) (0.140639, 0) (-0.203498, 0) (0.140619, 0) (-0.24952, 0) (-0.102602, 0) (0.107198, 0) (0.0586093, 0) (0.107202, 0) (0.05863, 0) (-0.249507, 0) (-0.102603, 0) (0.245829, 0) (-0.350339, 0) (0.245823, 0) 
0 3.11605 0 (-0.276535, 0) (0.378975, 0) (-0.276554, 0) (0.0584728, 0) (0.252932, 0) (-0.00627514, 0) (-0.0998445, 0) (-0.00625175, 0) (-0.0998354, 0) (0.0584738, 0) (0.252955, 0) (-0.112923, 0) (0.151954, 0) (-0.112948, 0) (-0.11292, 0) (0.151951, 0) (-0.112945, 0) (0.252939, 0) (0.0584722, 0) (-0.0998476, 0) (-0.00627557, 0) (-0.0998384, 0) (-0.00625224, 0) (0.252962, 0) (0.0584734, 0) (-0.276543, 0) (0.378986, 0) (-0.276562, 0) 
1 3.85868 0 (0.270316, 0) (1.56369e-05, 0) (-0.270329, 0) (-0.0881072, 0) (-0.219252, 0) (-0.126652, 0) (-0.198181, 0) (0.126637, 0) (0.198167, 0) (0.0881121, 0) (0.219255, 0) (0.256483, 0) (8.46899e-06, 0) (-0.256473, 0) (0.256484, 0) (8.25827e-06, 0) (-0.256474, 0) (-0.219249, 0) (-0.0881074, 0) (-0.198179, 0) (-0.126651, 0) (0.198165, 0) (0.126636, 0) (0.219252, 0) (0.0881116, 0) (0.270311, 0) (1.5431e-05, 0) (-0.270324, 0) 
0 4.27173 0 (-0.287813, 0) (2.24788e-05, 0) (0.287792, 0) (0.11708, 0) (0.190438, 0) (0.0604392, 0) (0.236926, 0) (-0.0604495, 0) (-0.236943, 0) (-0.117078, 0) (-0.190427, 0) (-0.23959, 0) (1.00387e-05, 0) (0.239596, 0) (-0.239588, 0) (9.78257e-06, 0) (0.239594, 0) (0.19044, 0) (0.117079, 0) (0.236928, 0) (0.0604394, 0) (-0.236946, 0) (-0.0604496, 0) (-0.190429, 0) (-0.117078, 0) (-0.287816, 0) (2.21437e-05, 0) (0.287796, 0) 
1 4.37231 0 (-0.151883, 0) (0.227227, 0) (-0.151893, 0) (0.279113, 0) (-0.0629777, 0) (-0.129552, 0) (0.0231035, 0) (-0.12958, 0) (0.0231388, 0) (0.279139, 0) (-0.0630095, 0) (-0.218768, 0) (0.328788, 0) (-0.218769, 0) (0.218773, 0) (-0.328791, 0) (0.218775, 0) (0.0629733, 0) (-0.279115, 0) (-0.0231045, 0) (0.129551, 0) (-0.0231402, 0) (0.129579, 0) (0.0630046, 0) (-0.279141, 0) (0.151885, 0) (-0.227226, 0) (0.151895, 0) 
0 4.67359 0 (-0.213036, 0) (0.282119, 0) (-0.213034, 0) (0.249169, 0) (-0.0312814, 0) (-0.0860628, 0) (0.0161563, 0) (-0.0860078, 0) (0.0160964, 0) (0.249128, 0) (-0.0312253, 0) (-0.224389, 0) (0.295832, 0) (-0.22439, 0) (0.224385, 0) (-0.295829, 0) (0.224385, 0) (0.0312842, 0) (-0.249166, 0) (-0.0161553, 0) (0.0860633, 0) (-0.0160947, 0) (0.0860084, 0) (0.0312286, 0) (-0.249125, 0) (0.213035, 0) (-0.28212, 0) (0.213032, 0) 
1 4.82862 0 (0.00293738, 0) (-1.43622e-05, 0) (-0.00291937, 0) (-0.259832, 0) (0.240995, 0) (0.256444, 0) (-0.241137, 0) (-0.256425, 0) (0.241138, 0) (0.259793, 0) (-0.240995, 0) (-0.0118158, 0) (-1.94007e-05, 0) (0.0118371, 0) (0.0118015, 0) (1.85723e-05, 0) (-0.0118242, 0) (-0.241331, 0) (0.260229, 0) (0.241502, 0) (-0.256803, 0) (-0.241502, 0) (0.256786, 0) (0.241332, 0) (-0.26019, 0) (-0.00296977, 0) (1.33925e-05, 0) (0.00295073, 0) 
1 4.83096 0 (-0.0224994, 0) (9.35834e-06, 0) (0.022513, 0) (0.270867, 0) (-0.232027, 0) (-0.24489, 0) (0.250184, 0) (0.244877, 0) (-0.250212, 0) (-0.270869, 0) (0.232035, 0) (-0.00912641, 0) (1.4146e-05, 0) (0.00913669, 0) (-0.00914321, 0) (1.41118e-05, 0) (0.00915335, 0) (-0.231672, 0) (0.270488, 0) (0.249829, 0) (-0.244517, 0) (-0.249857, 0) (0.244505, 0) (0.231681, 0) (-0.270489, 0) (-0.022493, 0) (9.22138e-06, 0) (0.0225066, 0) 
0 4.90393 0 (-0.00202246, 0) (3.06067e-05, 0) (0.00197598, 0) (-0.240541, 0) (0.258401, 0) (0.242262, 0) (-0.258617, 0) (-0.242283, 0) (0.258618, 0) (0.240601, 0) (-0.258401, 0) (0.0138058, 0) (2.92649e-05, 0) (-0.0138464, 0) (-0.0138363, 0) (-2.90457e-05, 0) (0.0138771, 0) (-0.257937, 0) (0.24016, 0) (0.258216, 0) (-0.241829, 0) (-0.258216, 0) (0.24185, 0) (0.257937, 0) (-0.240221, 0) (0.00196043, 0) (-3.0237e-05, 0) (-0.00191389, 0) 
0 4.90945 0 (0.0363555, 0) (-1.10996e-05, 0) (-0.0363541, 0) (0.223953, 0) (-0.275512, 0) (-0.254963, 0) (0.23845, 0) (0.254971, 0) (-0.23843, 0) (-0.223959, 0) (0.275501, 0) (0.0183599, 0) (-1.0299e-05, 0) (-0.0183647, 0) (0.0183362, 0) (-1.0416e-05, 0) (-0.0183407, 0) (-0.27595, 0) (0.224357, 0) (0.238888, 0) (-0.25537, 0) (-0.238868, 0) (0.255377, 0) (0.275939, 0) (-0.224364, 0) (0.0363578, 0) (-1.10518e-05, 0) (-0.0363563, 0) 
1 4.94522 0 (0.172192, 0) (0.255235, 0) (0.172207, 0) (-0.033492, 0) (-0.139303, 0) (-0.172604, 0) (-0.259639, 0) (-0.172626, 0) (-0.259627, 0) (-0.033475, 0) (-0.139333, 0) (0.196529, 0) (0.250663, 0) (0.196536, 0) (0.196527, 0) (0.250666, 0) (0.196534, 0) (-0.139303, 0) (-0.0334879, 0) (-0.259635, 0) (-0.172604, 0) (-0.259625, 0) (-0.172625, 0) (-0.139331, 0) (-0.0334725, 0) (0.172187, 0) (0.255234, 0) (0.172202, 0) 
0 5.36638 0 (0.190882, 0) (0.239377, 0) (0.190865, 0) (-0.0914049, 0) (-0.0778035, 0) (-0.103717, 0) (-0.300922, 0) (-0.103705, 0) (-0.300923, 0) (-0.0914133, 0) (-0.0777822, 0) (0.173, 0) (0.280248, 0) (0.172992, 0) (0.173001, 0) (0.280245, 0) (0.172993, 0) (-0.0778035, 0) (-0.091407, 0) (-0.300926, 0) (-0.103717, 0) (-0.300926, 0) (-0.103706, 0) (-0.0777826, 0) (-0.0914153, 0) (0.190886, 0) (0.239377, 0) (0.190869, 0) 
1 5.60283 0 (-0.296272, 0) (-2.45886e-06, 0) (0.296281, 0) (0.214272, 0) (0.0336708, 0) (0.212496, 0) (0.0379527, 0) (-0.212492, 0) (-0.0379547, 0) (-0.214267, 0) (-0.0336705, 0) (-0.261881, 0) (3.39662e-06, 0) (0.261872, 0) (0.261884, 0) (-2.45452e-06, 0) (-0.261876, 0) (-0.0336687, 0) (-0.214278, 0) (-0.0379559, 0) (-0.212495, 0) (0.0379557, 0) (0.212493, 0) (0.0336729, 0) (0.214267, 0) (0.296273, 0) (1.18612e-06, 0) (-0.29628, 0) 
1 5.65789 0 (-0.14078, 0) (0.147449, 0) (-0.140775, 0) (0.32484, 0) (-0.263952, 0) (-0.119181, 0) (0.140645, 0) (-0.119178, 0) (0.14064, 0) (0.324819, 0) (-0.263955, 0) (0.053754, 0) (-0.120439, 0) (0.0537589, 0) (0.0537546, 0) (-0.120437, 0) (0.0537552, 0) (-0.263949, 0) (0.324839, 0) (0.140643, 0) (-0.119184, 0) (0.140638, 0) (-0.119177, 0) (-0.263951, 0) (0.324822, 0) (-0.140777, 0) (0.14745, 0) (-0.140777, 0) 
0 5.85215 0 (-0.323787, 0) (7.49012e-06, 0) (0.323778, 0) (0.192911, 0) (0.0504265, 0) (0.196323, 0) (0.0436413, 0) (-0.196331, 0) (-0.0436417, 0) (-0.192915, 0) (-0.0504243, 0) (-0.254867, 0) (1.39833e-06, 0) (0.254873, 0) (0.254865, 0) (-1.46002e-06, 0) (-0.25487, 0) (-0.050428, 0) (-0.192908, 0) (-0.0436402, 0) (-0.196323, 0) (0.0436407, 0) (0.19633, 0) (0.0504235, 0) (0.192914, 0) (0.323788, 0) (-6.52793e-06, 0) (-0.323779, 0) 
0 5.97805 0 (-0.123735, 0) (0.243523, 0) (-0.123743, 0) (0.28761, 0) (-0.29723, 0) (-0.133095, 0) (0.0763348, 0) (-0.13309, 0) (0.0763324, 0) (0.287625, 0) (-0.297223, 0) (0.0914412, 0) (-0.0643053, 0) (0.0914392, 0) (0.0914409, 0) (-0.0643051, 0) (0.0914405, 0) (-0.297232, 0) (0.287609, 0) (0.0763356, 0) (-0.133094, 0) (0.0763331, 0) (-0.133091, 0) (-0.297226, 0) (0.287623, 0) (-0.123735, 0) (0.243523, 0) (-0.123742, 0) 
1 6.50549 0 (0.0220563, 0) (0.191112, 0) (0.0220607, 0) (0.145324, 0) (-0.248742, 0) (-0.184469, 0) (0.0727539, 0) (-0.184469, 0) (0.072756, 0) (0.145318, 0) (-0.248749, 0) (0.289542, 0) (-0.224059, 0) (0.28954, 0) (-0.289545, 0) (0.224061, 0) (-0.289542, 0) (0.248743, 0) (-0.145326, 0) (-0.0727533, 0) (0.18447, 0) (-0.0727553, 0) (0.18447, 0) (0.248749, 0) (-0.14532, 0) (-0.0220558, 0) (-0.191114, 0) (-0.02206, 0) 
1 6.54209 0 (-0.233819, 0) (-0.233572, 0) (-0.233825, 0) (0.191109, 0) (-0.066876, 0) (0.227036, 0) (0.112413, 0) (0.227034, 0) (0.112414, 0) (0.191104, 0) (-0.0668764, 0) (-0.0732859, 0) (-0.33912, 0) (-0.0732855, 0) (0.0732874, 0) (0.339125, 0) (0.0732872, 0) (0.0668755, 0) (-0.19111, 0) (-0.112415, 0) (-0.227037, 0) (-0.112416, 0) (-0.227035, 0) (0.0668758, 0) (-0.191106, 0) (0.233819, 0) (0.233572, 0) (0.233825, 0) 
0 6.7704 0 (0.100774, 0) (-0.0767556, 0) (0.100775, 0) (-0.208629, 0) (0.265814, 0) (0.0532128, 0) (-0.118047, 0) (0.0532103, 0) (-0.118041, 0) (-0.208635, 0) (0.265808, 0) (-0.208364, 0) (0.353651, 0) (-0.208369, 0) (0.208362, 0) (-0.353648, 0) (0.208368, 0) (-0.265815, 0) (0.208627, 0) (0.118047, 0) (-0.0532127, 0) (0.118041, 0) (-0.0532104, 0) (-0.265809, 0) (0.208633, 0) (-0.100774, 0) (0.0767555, 0) (-0.100774, 0) 
0 6.99031 0 (0.207755, 0) (0.355649, 0) (0.207745, 0) (-0.076285, 0) (-0.0674996, 0) (-0.26104, 0) (-0.0808795, 0) (-0.26104, 0) (-0.0808785, 0) (-0.0762845, 0) (-0.067496, 0) (0.187672, 0) (0.215958, 0) (0.187671, 0) (-0.18767, 0) (-0.215955, 0) (-0.187668, 0) (0.0674989, 0) (0.0762851, 0) (0.0808779, 0) (0.261039, 0) (0.0808767, 0) (0.261039, 0) (0.0674951, 0) (0.0762847, 0) (-0.207756, 0) (-0.355647, 0) (-0.207746, 0) 
1 7.16839 0 (0.230297, 0) (1.77583e-06, 0) (-0.230301, 0) (-0.227464, 0) (0.180363, 0) (-0.237803, 0) (0.196676, 0) (0.2378, 0) (-0.196675, 0) (0.22746, 0) (-0.180368, 0) (-0.132139, 0) (-2.3796e-07, 0) (0.13214, 0) (-0.13214, 0) (-2.41161e-07, 0) (0.13214, 0) (0.180362, 0) (-0.227465, 0) (0.196674, 0) (-0.237804, 0) (-0.196674, 0) (0.2378, 0) (-0.180368, 0) (0.227462, 0) (0.230296, 0) (1.73394e-06, 0) (-0.230301, 0) 
0 7.38039 0 (-0.250629, 0) (4.59692e-06, 0) (0.250624, 0) (0.226328, 0) (-0.198191, 0) (0.21682, 0) (-0.181485, 0) (-0.216827, 0) (0.181489, 0) (-0.22633, 0) (0.198183, 0) (0.129358, 0) (-1.38278e-06, 0) (-0.129357, 0) (0.129357, 0) (-1.41852e-06, 0) (-0.129357, 0) (-0.198191, 0) (0.226327, 0) (-0.181487, 0) (0.21682, 0) (0.181491, 0) (-0.216827, 0) (0.198184, 0) (-0.226329, 0) (-0.25063, 0) (4.45465e-06, 0) (0.250624, 0) 
1 8.213 0 (-0.174543, 0) (-0.231765, 0) (-0.174547, 0) (0.123162, 0) (-0.0954618, 0) (0.296995, 0) (-0.24185, 0) (0.296993, 0) (-0.24185, 0) (0.123161, 0) (-0.0954645, 0) (0.104101, 0) (0.147387, 0) (0.104101, 0) (0.104101, 0) (0.147387, 0) (0.104101, 0) (-0.0954613, 0) (0.123162, 0) (-0.241848, 0) (0.296996, 0) (-0.241848, 0) (0.296993, 0) (-0.095464, 0) (0.123161, 0) (-0.174543, 0) (-0.231766, 0) (-0.174547, 0) 
1 8.23748 0 (-0.123468, 0) (-6.39253e-07, 0) (0.123471, 0) (0.145957, 0) (-0.197833, 0) (0.152374, 0) (-0.210452, 0) (-0.152372, 0) (0.210452, 0) (-0.145955, 0) (0.197838, 0) (0.326811, 0) (1.0405e-07, 0) (-0.32681, 0) (-0.326813, 0) (-1.05475e-07, 0) (0.326812, 0) (0.197832, 0) (-0.145957, 0) (0.210451, 0) (-0.152374, 0) (-0.210451, 0) (0.152373, 0) (-0.197838, 0) (0.145956, 0) (0.123468, 0) (6.50496e-07, 0) (-0.123471, 0) 
0 8.39459 0 (0.136177, 0) (-1.30463e-06, 0) (-0.136174, 0) (-0.149107, 0) (0.215518, 0) (-0.142826, 0) (0.202118, 0) (0.142829, 0) (-0.20212, 0) (0.149107, 0) (-0.215511, 0) (-0.318629, 0) (1.87331e-06, 0) (0.318631, 0) (0.318628, 0) (-1.87005e-06, 0) (-0.318629, 0) (-0.215518, 0) (0.149106, 0) (-0.202119, 0) (0.142826, 0) (0.202122, 0) (-0.142829, 0) (0.215512, 0) (-0.149107, 0) (-0.136178, 0) (1.30435e-06, 0) (0.136174, 0) 
0 8.49974 0 (-0.18623, 0) (-0.284637, 0) (-0.186224, 0) (0.118007, 0) (-0.0967063, 0) (0.288481, 0) (-0.223657, 0) (0.288482, 0) (-0.223656, 0) (0.118006, 0) (-0.0967021, 0) (0.0956403, 0) (0.135219, 0) (0.0956392, 0) (0.0956407, 0) (0.135219, 0) (0.0956396, 0) (-0.096707, 0) (0.118007, 0) (-0.223659, 0) (0.288481, 0) (-0.223658, 0) (0.288481, 0) (-0.0967028, 0) (0.118006, 0) (-0.186231, 0) (-0.284636, 0) (-0.186224, 0) 
1 9.37296 0 (0.0941588, 0) (0.126646, 0) (0.0941605, 0) (-0.0776149, 0) (0.109339, 0) (-0.189495, 0) (0.274157, 0) (-0.189493, 0) (0.274157, 0) (-0.0776142, 0) (0.109342, 0) (-0.229659, 0) (-0.320379, 0) (-0.229658, 0) (0.22966, 0) (0.320381, 0) (0.229659, 0) (-0.109339, 0) (0.0776154, 0) (-0.274156, 0) (0.189496, 0) (-0.274156, 0) (0.189494, 0) (-0.109341, 0) (0.0776147, 0) (-0.0941589, 0) (-0.126646, 0) (-0.0941606, 0) 
0 9.54593 0 (-0.104559, 0) (-0.157128, 0) (-0.104556, 0) (0.0790439, 0) (-0.115587, 0) (0.189692, 0) (-0.268501, 0) (0.189693, 0) (-0.2685, 0) (0.0790438, 0) (-0.115584, 0) (0.221102, 0) (0.316713, 0) (0.221102, 0) (-0.221101, 0) (-0.316712, 0) (-0.221102, 0) (0.115587, 0) (-0.0790435, 0) (0.268502, 0) (-0.189691, 0) (0.268501, 0) (-0.189692, 0) (0.115584, 0) (-0.0790434, 0) (0.104558, 0) (0.157127, 0) (0.104556, 0) 
