1 -4.7297 1 (-0.0989278, 0) (-0.139904, 0) (-0.0989278, 0) (-0.0782881, 0) (-0.112577, 0) (-0.189001, 0) (-0.271784, 0) (-0.189001, 0) (-0.271784, 0) (-0.0782881, 0) (-0.112577, 0) (-0.225872, 0) (-0.319431, 0) (-0.225872, 0) (-0.225872, 0) (-0.319431, 0) (-0.225872, 0) (-0.112577, 0) (-0.0782881, 0) (-0.271784, 0) (-0.189001, 0) (-0.271784, 0) (-0.189001, 0) (-0.112577, 0) (-0.0782881, 0) (-0.0989278, 0) (-0.139904, 0) (-0.0989278, 0) 
0 -4.72963 1 (-0.0989375, 0) (-0.139919, 0) (-0.0989375, 0) (-0.0782861, 0) (-0.112579, 0) (-0.189002, 0) (-0.27179, 0) (-0.189002, 0) (-0.27179, 0) (-0.0782861, 0) (-0.112579, 0) (-0.225863, 0) (-0.319419, 0) (-0.225863, 0) (-0.225863, 0) (-0.319419, 0) (-0.225863, 0) (-0.112579, 0) (-0.0782861, 0) (-0.27179, 0) (-0.189002, 0) (-0.27179, 0) (-0.189002, 0) (-0.112579, 0) (-0.0782861, 0) (-0.0989375, 0) (-0.139919, 0) (-0.0989375, 0) 
0 -3.61746 1 (0.180793, 0) (0.255681, 0) (0.180793, 0) (0.121243, 0) (0.0968446, 0) (0.292713, 0) (0.233806, 0) (0.292713, 0) (0.233806, 0) (0.121243, 0) (0.0968446, 0) (0.100506, 0) (0.142137, 0) (0.100506, 0) (-0.100506, 0) (-0.142137, 0) (-0.100506, 0) (-0.0968446, 0) (-0.121243, 0) (-0.233806, 0) (-0.292713, 0) (-0.233806, 0) (-0.292713, 0) (-0.0968446, 0) (-0.121243, 0) (-0.180793, 0) (-0.255681, 0) (-0.180793, 0) 
1 -3.61743 1 (0.180782, 0) (0.255662, 0) (0.180782, 0) (0.121252, 0) (0.0968457, 0) (0.292723, 0) (0.233804, 0) (0.292723, 0) (0.233804, 0) (0.121252, 0) (0.0968457, 0) (0.10051, 0) (0.142142, 0) (0.10051, 0) (-0.10051, 0) (-0.142142, 0) (-0.10051, 0) (-0.0968457, 0) (-0.121252, 0) (-0.233804, 0) (-0.292723, 0) (-0.233804, 0) (-0.292723, 0) (-0.0968457, 0) (-0.121252, 0) (-0.180782, 0) (-0.255662, 0) (-0.180782, 0) 
1 -3.58676 1 (0.129445, 0) (1.48432e-14, 0) (-0.129445, 0) (0.147475, 0) (0.206549, 0) (0.147473, 0) (0.206548, 0) (-0.147473, 0) (-0.206548, 0) (-0.147475, 0) (-0.206549, 0) (0.323144, 0) (8.75935e-15, 0) (-0.323144, 0) (0.323144, 0) (-8.25976e-15, 0) (-0.323144, 0) (0.206549, 0) (0.147475, 0) (0.206548, 0) (0.147473, 0) (-0.206548, 0) (-0.147473, 0) (-0.206549, 0) (-0.147475, 0) (0.129445, 0) (-1.52457e-14, 0) (-0.129445, 0) 
0 -3.58667 1 (-0.129459, 0) (3.68261e-15, 0) (0.129459, 0) (-0.147471, 0) (-0.206555, 0) (-0.147473, 0) (-0.206556, 0) (0.147473, 0) (0.206556, 0) (0.147471, 0) (0.206555, 0) (-0.323132, 0) (2.00266e-15, 0) (0.323132, 0) (-0.323132, 0) (-2.39351e-15, 0) (0.323132, 0) (-0.206555, 0) (-0.147471, 0) (-0.206556, 0) (-0.147473, 0) (0.206556, 0) (0.147473, 0) (0.206555, 0) (0.147471, 0) (-0.129459, 0) (-4.09504e-15, 0) (0.129459, 0) 
1 -2.5413 1 (-0.240309, 0) (-7.71242e-16, 0) (0.240309, 0) (-0.227257, 0) (-0.189456, 0) (-0.227251, 0) (-0.189454, 0) (0.227251, 0) (0.189454, 0) (0.227257, 0) (0.189456, 0) (-0.131058, 0) (2.6032e-16, 0) (0.131058, 0) (0.131058, 0) (3.47222e-16, 0) (-0.131058, 0) (0.189456, 0) (0.227257, 0) (0.189454, 0) (0.227251, 0) (-0.189454, 0) (-0.227251, 0) (-0.189456, 0) (-0.227257, 0) (0.240309, 0) (-8.63227e-16, 0) (-0.240309, 0) 
0 -2.54129 1 (0.240328, 0) (-2.48703e-16, 0) (-0.240328, 0) (0.227239, 0) (0.189458, 0) (0.227244, 0) (0.18946, 0) (-0.227244, 0) (-0.18946, 0) (-0.227239, 0) (-0.189458, 0) (0.131055, 0) (6.05262e-16, 0) (-0.131055, 0) (-0.131055, 0) (6.18906e-16, 0) (0.131055, 0) (-0.189458, 0) (-0.227239, 0) (-0.18946, 0) (-0.227244, 0) (0.18946, 0) (0.227244, 0) (0.189458, 0) (0.227239, 0) (-0.240328, 0) (-7.18064e-16, 0) (0.240328, 0) 
0 -2.01924 1 (-0.22329, 0) (-0.315798, 0) (-0.22329, 0) (-0.111018, 0) (0.0347838, 0) (-0.268071, 0) (0.0839158, 0) (-0.268071, 0) (0.0839158, 0) (-0.111018, 0) (0.0347838, 0) (0.170074, 0) (0.240471, 0) (0.170074, 0) (0.170074, 0) (0.240471, 0) (0.170074, 0) (0.0347838, 0) (-0.111018, 0) (0.0839158, 0) (-0.268071, 0) (0.0839158, 0) (-0.268071, 0) (0.0347838, 0) (-0.111018, 0) (-0.22329, 0) (-0.315798, 0) (-0.22329, 0) 
1 -2.0192 1 (0.22329, 0) (0.315762, 0) (0.22329, 0) (0.111063, 0) (-0.0347348, 0) (0.268079, 0) (-0.0839171, 0) (0.268079, 0) (-0.0839171, 0) (0.111063, 0) (-0.0347348, 0) (-0.17004, 0) (-0.240523, 0) (-0.17004, 0) (-0.17004, 0) (-0.240523, 0) (-0.17004, 0) (-0.0347348, 0) (0.111063, 0) (-0.0839171, 0) (0.268079, 0) (-0.0839171, 0) (0.268079, 0) (-0.0347348, 0) (0.111063, 0) (0.22329, 0) (0.315762, 0) (0.22329, 0) 
1 -1.91054 1 (-0.0714398, 0) (0.101083, 0) (-0.0714398, 0) (-0.202212, 0) (-0.263725, 0) (0.0837843, 0) (0.109231, 0) (0.0837843, 0) (0.109231, 0) (-0.202212, 0) (-0.263725, 0) (-0.234955, 0) (0.33224, 0) (-0.234955, 0) (-0.234955, 0) (0.33224, 0) (-0.234955, 0) (-0.263725, 0) (-0.202212, 0) (0.109231, 0) (0.0837843, 0) (0.109231, 0) (0.0837843, 0) (-0.263725, 0) (-0.202212, 0) (-0.0714398, 0) (0.101083, 0) (-0.0714398, 0) 
0 -1.9104 1 (-0.0714877, 0) (0.101047, 0) (-0.0714877, 0) (-0.202225, 0) (-0.263736, 0) (0.0837393, 0) (0.10925, 0) (0.0837393, 0) (0.10925, 0) (-0.202225, 0) (-0.263736, 0) (-0.234917, 0) (0.33226, 0) (-0.234917, 0) (-0.234917, 0) (0.33226, 0) (-0.234917, 0) (-0.263736, 0) (-0.202225, 0) (0.10925, 0) (0.0837393, 0) (0.10925, 0) (0.0837393, 0) (-0.263736, 0) (-0.202225, 0) (-0.0714877, 0) (0.101047, 0) (-0.0714877, 0) 
1 -1.07088 1 (-0.134183, 0) (0.18976, 0) (-0.134183, 0) (-0.30849, 0) (-0.281199, 0) (0.12778, 0) (0.116482, 0) (0.12778, 0) (0.116482, 0) (-0.30849, 0) (-0.281199, 0) (-0.0701952, 0) (0.0992791, 0) (-0.0701952, 0) (0.0701952, 0) (-0.0992791, 0) (0.0701952, 0) (0.281199, 0) (0.30849, 0) (-0.116482, 0) (-0.12778, 0) (-0.116482, 0) (-0.12778, 0) (0.281199, 0) (0.30849, 0) (0.134183, 0) (-0.18976, 0) (0.134183, 0) 
0 -1.0708 1 (0.134198, 0) (-0.189788, 0) (0.134198, 0) (0.308465, 0) (0.281216, 0) (-0.127771, 0) (-0.116478, 0) (-0.127771, 0) (-0.116478, 0) (0.308465, 0) (0.281216, 0) (0.0702011, 0) (-0.0992712, 0) (0.0702011, 0) (-0.0702011, 0) (0.0992712, 0) (-0.0702011, 0) (-0.281216, 0) (-0.308465, 0) (0.116478, 0) (0.127771, 0) (0.116478, 0) (0.127771, 0) (-0.281216, 0) (-0.308465, 0) (-0.134198, 0) (0.189788, 0) (-0.134198, 0) 
1 -0.99207 1 (-0.310286, 0) (3.94561e-15, 0) (0.310286, 0) (-0.204416, 0) (0.041006, 0) (-0.204404, 0) (0.0410154, 0) (0.204404, 0) (-0.0410154, 0) (0.204416, 0) (-0.041006, 0) (0.258441, 0) (2.92443e-15, 0) (-0.258441, 0) (0.258441, 0) (-2.18705e-15, 0) (-0.258441, 0) (0.041006, 0) (-0.204416, 0) (0.0410154, 0) (-0.204404, 0) (-0.0410154, 0) (0.204404, 0) (-0.041006, 0) (0.204416, 0) (-0.310286, 0) (-4.34485e-15, 0) (0.310286, 0) 
0 -0.992055 1 (-0.310315, 0) (3.58549e-15, 0) (0.310315, 0) (-0.204383, 0) (0.0410301, 0) (-0.204395, 0) (0.0410208, 0) (0.204395, 0) (-0.0410208, 0) (0.204383, 0) (-0.0410301, 0) (0.258435, 0) (9.93754e-16, 0) (-0.258435, 0) (0.258435, 0) (-2.4048e-15, 0) (-0.258435, 0) (0.0410301, 0) (-0.204383, 0) (0.0410208, 0) (-0.204395, 0) (-0.0410208, 0) (0.204395, 0) (-0.0410301, 0) (0.204383, 0) (-0.310315, 0) (-3.23785e-15, 0) (0.310315, 0) 
0 -0.431512 1 (-0.180755, 0) (-0.255621, 0) (-0.180755, 0) (-0.058752, 0) (0.115543, 0) (-0.14183, 0) (0.278957, 0) (-0.14183, 0) (0.278957, 0) (-0.058752, 0) (0.115543, 0) (0.186977, 0) (0.264429, 0) (0.186977, 0) (-0.186977, 0) (-0.264429, 0) (-0.186977, 0) (-0.115543, 0) (0.058752, 0) (-0.278957, 0) (0.14183, 0) (-0.278957, 0) (0.14183, 0) (-0.115543, 0) (0.058752, 0) (0.180755, 0) (0.255621, 0) (0.180755, 0) 
1 -0.431365 1 (0.180741, 0) (0.255612, 0) (0.180741, 0) (0.0587524, 0) (-0.115547, 0) (0.141851, 0) (-0.278945, 0) (0.141851, 0) (-0.278945, 0) (0.0587524, 0) (-0.115547, 0) (-0.186989, 0) (-0.26444, 0) (-0.186989, 0) (0.186989, 0) (0.26444, 0) (0.186989, 0) (0.115547, 0) (-0.0587524, 0) (0.278945, 0) (-0.141851, 0) (0.278945, 0) (-0.141851, 0) (0.115547, 0) (-0.0587524, 0) (-0.180741, 0) (-0.255612, 0) (-0.180741, 0) 
1 -0.135063 1 (-8.05096e-07, 0) (2.10577e-17, 0) (8.05096e-07, 0) (-0.250002, 0) (-0.249977, 0) (0.250001, 0) (0.249986, 0) (-0.250001, 0) (-0.249986, 0) (0.250002, 0) (0.249977, 0) (4.51738e-06, 0) (-1.50174e-16, 0) (-4.51738e-06, 0) (-4.51708e-06, 0) (-5.43327e-16, 0) (4.51708e-06, 0) (0.249994, 0) (0.250019, 0) (-0.250003, 0) (-0.250018, 0) (0.250003, 0) (0.250018, 0) (-0.249994, 0) (-0.250019, 0) (8.04537e-07, 0) (4.25788e-16, 0) (-8.04537e-07, 0) 
1 -0.135063 1 (-8.22987e-06, 0) (-5.48435e-16, 0) (8.22987e-06, 0) (0.250015, 0) (0.249998, 0) (-0.250023, 0) (-0.249998, 0) (0.250023, 0) (0.249998, 0) (-0.250015, 0) (-0.249998, 0) (4.51807e-06, 0) (6.25061e-16, 0) (-4.51807e-06, 0) (4.51837e-06, 0) (9.92262e-17, 0) (-4.51837e-06, 0) (0.249981, 0) (0.249998, 0) (-0.249981, 0) (-0.250006, 0) (0.249981, 0) (0.250006, 0) (-0.249981, 0) (-0.249998, 0) (-8.22993e-06, 0) (-8.83835e-17, 0) (8.22993e-06, 0) 
0 -0.134937 1 (8.05962e-07, 0) (5.79635e-17, 0) (-8.05962e-07, 0) (-0.249998, 0) (-0.250023, 0) (0.249998, 0) (0.250014, 0) (-0.249998, 0) (-0.250014, 0) (0.249998, 0) (0.250023, 0) (-4.51733e-06, 0) (-3.14951e-17, 0) (4.51733e-06, 0) (4.51762e-06, 0) (-4.14366e-16, 0) (-4.51762e-06, 0) (0.250007, 0) (0.249981, 0) (-0.249998, 0) (-0.249982, 0) (0.249998, 0) (0.249982, 0) (-0.250007, 0) (-0.249981, 0) (-8.06493e-07, 0) (1.09519e-17, 0) (8.06493e-07, 0) 
0 -0.134937 1 (-8.22849e-06, 0) (1.87628e-16, -0) (8.22849e-06, -0) (-0.249986, 0) (-0.250002, 0) (0.249978, -0) (0.250002, -0) (-0.249978, 0) (-0.250002, 0) (0.249986, -0) (0.250002, -0) (4.51663e-06, -0) (-5.50489e-16, 0) (-4.51663e-06, 0) (4.51634e-06, -0) (1.10774e-15, -0) (-4.51634e-06, 0) (-0.250018, 0) (-0.250002, 0) (0.250018, -0) (0.249994, -0) (-0.250018, 0) (-0.249994, 0) (0.250018, -0) (0.250002, -0) (-8.22844e-06, 0) (-9.15815e-16, 0) (8.22844e-06, -0) 
1 0.225499 1 (-0.180081, 0) (0.254678, 0) (-0.180081, 0) (-0.266412, 0) (-0.0507283, 0) (0.110353, 0) (0.0210125, 0) (0.110353, 0) (0.0210125, 0) (-0.266412, 0) (-0.0507283, 0) (0.222454, 0) (-0.314599, 0) (0.222454, 0) (0.222454, 0) (-0.314599, 0) (0.222454, 0) (-0.0507283, 0) (-0.266412, 0) (0.0210125, 0) (0.110353, 0) (0.0210125, 0) (0.110353, 0) (-0.0507283, 0) (-0.266412, 0) (-0.180081, 0) (0.254678, 0) (-0.180081, 0) 
0 0.225663 1 (-0.180125, 0) (0.254731, 0) (-0.180125, 0) (-0.266377, 0) (-0.050702, 0) (0.110336, 0) (0.0210014, 0) (0.110336, 0) (0.0210014, 0) (-0.266377, 0) (-0.050702, 0) (0.222451, 0) (-0.314592, 0) (0.222451, 0) (0.222451, 0) (-0.314592, 0) (0.222451, 0) (-0.050702, 0) (-0.266377, 0) (0.0210014, 0) (0.110336, 0) (0.0210014, 0) (0.110336, 0) (-0.050702, 0) (-0.266377, 0) (-0.180125, 0) (0.254731, 0) (-0.180125, 0) 
0 0.662415 1 (-0.281441, 0) (-1.59467e-16, 0) (0.281441, 0) (-0.0991453, 0) (0.211565, 0) (-0.0991394, 0) (0.211572, 0) (0.0991394, 0) (-0.211572, 0) (0.0991453, 0) (-0.211565, 0) (0.248214, 0) (-7.61272e-17, 0) (-0.248214, 0) (-0.248214, 0) (4.015e-16, 0) (0.248214, 0) (-0.211565, 0) (0.0991453, 0) (-0.211572, 0) (0.0991394, 0) (0.211572, 0) (-0.0991394, 0) (0.211565, 0) (-0.0991453, 0) (0.281441, 0) (-3.74344e-16, 0) (-0.281441, 0) 
1 0.662613 1 (-0.281419, 0) (-8.06403e-16, 0) (0.281419, 0) (-0.0991568, 0) (0.211566, 0) (-0.0991627, 0) (0.211558, 0) (0.0991627, 0) (-0.211558, 0) (0.0991568, 0) (-0.211566, 0) (0.248236, 0) (5.44239e-16, 0) (-0.248236, 0) (-0.248236, 0) (4.79757e-17, 0) (0.248236, 0) (-0.211566, 0) (0.0991568, 0) (-0.211558, 0) (0.0991627, 0) (0.211558, 0) (-0.0991627, 0) (0.211566, 0) (-0.0991568, 0) (0.281419, 0) (-1.71271e-16, 0) (-0.281419, 0) 
0 2.08574 1 (-0.263543, 0) (0.372705, 0) (-0.263543, 0) (-0.0798006, 0) (0.249368, 0) (0.0330543, 0) (-0.103292, 0) (0.0330543, 0) (-0.103292, 0) (-0.0798006, 0) (0.249368, 0) (0.124049, 0) (-0.175432, 0) (0.124049, 0) (-0.124049, 0) (0.175432, 0) (-0.124049, 0) (-0.249368, 0) (0.0798006, 0) (0.103292, 0) (-0.0330543, 0) (0.103292, 0) (-0.0330543, 0) (-0.249368, 0) (0.0798006, 0) (0.263543, 0) (-0.372705, 0) (0.263543, 0) 
1 2.08615 1 (-0.26352, 0) (0.372674, 0) (-0.26352, 0) (-0.0798392, 0) (0.24937, 0) (0.0330707, 0) (-0.103292, 0) (0.0330707, 0) (-0.103292, 0) (-0.0798392, 0) (0.24937, 0) (0.12408, 0) (-0.175475, 0) (0.12408, 0) (-0.12408, 0) (0.175475, 0) (-0.12408, 0) (-0.24937, 0) (0.0798392, 0) (0.103292, 0) (-0.0330707, 0) (0.103292, 0) (-0.0330707, 0) (-0.24937, 0) (0.0798392, 0) (0.26352, 0) (-0.372674, 0) (0.26352, 0) 
0 3.04385 0 (-0.26352, 0) (0.372674, 0) (-0.26352, 0) (0.0798392, 0) (0.24937, 0) (-0.0330707, 0) (-0.103292, 0) (-0.0330707, 0) (-0.103292, 0) (0.0798392, 0) (0.24937, 0) (-0.12408, 0) (0.175475, 0) (-0.12408, 0) (-0.12408, 0) (0.175475, 0) (-0.12408, 0) (0.24937, 0) (0.0798392, 0) (-0.103292, 0) (-0.0330707, 0) (-0.103292, 0) (-0.0330707, 0) (0.24937, 0) (0.0798392, 0) (-0.26352, 0) (0.372674, 0) (-0.26352, 0) 
1 3.04426 0 (-0.263543, 0) (0.372705, 0) (-0.263543, 0) (0.0798006, 0) (0.249368, 0) (-0.0330543, 0) (-0.103292, 0) (-0.0330543, 0) (-0.103292, 0) (0.0798006, 0) (0.249368, 0) (-0.124049, 0) (0.175432, 0) (-0.124049, 0) (-0.124049, 0) (0.175432, 0) (-0.124049, 0) (0.249368, 0) (0.0798006, 0) (-0.103292, 0) (-0.0330543, 0) (-0.103292, 0) (-0.0330543, 0) (0.249368, 0) (0.0798006, 0) (-0.263543, 0) (0.372705, 0) (-0.263543, 0) 
0 4.46739 0 (-0.281419, 0) (-5.32375e-16, 0) (0.281419, 0) (0.0991568, 0) (0.211566, 0) (0.0991627, 0) (0.211558, 0) (-0.0991627, 0) (-0.211558, 0) (-0.0991568, 0) (-0.211566, 0) (-0.248236, 0) (-1.14788e-15, 0) (0.248236, 0) (-0.248236, 0) (-2.77533e-16, 0) (0.248236, 0) (0.211566, 0) (0.0991568, 0) (0.211558, 0) (0.0991627, 0) (-0.211558, 0) (-0.0991627, 0) (-0.211566, 0) (-0.0991568, 0) (-0.281419, 0) (-7.38201e-17, 0) (0.281419, 0) 
1 4.46758 0 (-0.281441, 0) (9.31008e-16, 0) (0.281441, 0) (0.0991453, 0) (0.211565, 0) (0.0991394, 0) (0.211572, 0) (-0.0991394, 0) (-0.211572, 0) (-0.0991453, 0) (-0.211565, 0) (-0.248214, 0) (1.58996e-15, 0) (0.248214, 0) (-0.248214, 0) (-1.63896e-15, 0) (0.248214, 0) (0.211565, 0) (0.0991453, 0) (0.211572, 0) (0.0991394, 0) (-0.211572, 0) (-0.0991394, 0) (-0.211565, 0) (-0.0991453, 0) (-0.281441, 0) (-1.40849e-15, 0) (0.281441, 0) 
1 4.90434 0 (0.180125, 0) (-0.254731, 0) (0.180125, 0) (-0.266377, 0) (0.050702, 0) (0.110336, 0) (-0.0210014, 0) (0.110336, 0) (-0.0210014, 0) (-0.266377, 0) (0.050702, 0) (0.222451, 0) (-0.314592, 0) (0.222451, 0) (-0.222451, 0) (0.314592, 0) (-0.222451, 0) (-0.050702, 0) (0.266377, 0) (0.0210014, 0) (-0.110336, 0) (0.0210014, 0) (-0.110336, 0) (-0.050702, 0) (0.266377, 0) (-0.180125, 0) (0.254731, 0) (-0.180125, 0) 
0 4.9045 0 (0.180081, 0) (-0.254678, 0) (0.180081, 0) (-0.266412, 0) (0.0507283, 0) (0.110353, 0) (-0.0210125, 0) (0.110353, 0) (-0.0210125, 0) (-0.266412, 0) (0.0507283, 0) (0.222454, 0) (-0.314599, 0) (0.222454, 0) (-0.222454, 0) (0.314599, 0) (-0.222454, 0) (-0.0507283, 0) (0.266412, 0) (0.0210125, 0) (-0.110353, 0) (0.0210125, 0) (-0.110353, 0) (-0.0507283, 0) (0.266412, 0) (-0.180081, 0) (0.254678, 0) (-0.180081, 0) 
1 5.26494 0 (-8.2285e-06, 0) (5.56627e-16, 0) (8.2285e-06, 0) (0.249986, 0) (-0.250002, 0) (-0.249977, 0) (0.250002, 0) (0.249977, 0) (-0.250002, 0) (-0.249986, 0) (0.250002, 0) (-4.51664e-06, 0) (7.46341e-16, 0) (4.51664e-06, 0) (4.51634e-06, 0) (-1.57371e-16, 0) (-4.51634e-06, 0) (0.250018, 0) (-0.250002, 0) (-0.250018, 0) (0.249994, 0) (0.250018, 0) (-0.249994, 0) (-0.250018, 0) (0.250002, 0) (8.22844e-06, 0) (-3.04195e-16, 0) (-8.22844e-06, 0) 
1 5.26494 0 (8.05953e-07, 0) (-6.77046e-16, 0) (-8.05953e-07, 0) (0.249998, 0) (-0.250023, 0) (-0.249999, 0) (0.250014, 0) (0.249999, 0) (-0.250014, 0) (-0.249998, 0) (0.250023, 0) (4.51733e-06, 0) (-6.92954e-16, 0) (-4.51733e-06, 0) (4.51763e-06, 0) (-8.78977e-17, 0) (-4.51763e-06, 0) (-0.250006, 0) (0.249981, 0) (0.249997, 0) (-0.249982, 0) (-0.249997, 0) (0.249982, 0) (0.250006, 0) (-0.249981, 0) (8.06501e-07, 0) (1.33338e-16, 0) (-8.06501e-07, 0) 
0 5.26506 0 (-8.22987e-06, 0) (8.51696e-16, -0) (8.22987e-06, -0) (-0.250015, 0) (0.249999, -0) (0.250024, -0) (-0.249999, 0) (-0.250024, 0) (0.249999, -0) (0.250015, -0) (-0.249999, 0) (-4.51805e-06, 0) (1.59937e-15, -0) (4.51805e-06, -0) (4.51839e-06, -0) (-8.86814e-16, 0) (-4.51839e-06, 0) (-0.24998, 0) (0.249997, -0) (0.24998, -0) (-0.250005, 0) (-0.24998, 0) (0.250005, -0) (0.24998, -0) (-0.249997, 0) (8.22993e-06, -0) (-4.89415e-16, 0) (-8.22993e-06, 0) 
0 5.26506 0 (8.05128e-07, 0) (-3.57145e-18, 0) (-8.05128e-07, 0) (-0.250001, 0) (0.249976, 0) (0.25, 0) (-0.249985, 0) (-0.25, 0) (0.249985, 0) (0.250001, 0) (-0.249976, 0) (4.5174e-06, 0) (1.6041e-17, 0) (-4.5174e-06, 0) (4.51706e-06, 0) (9.69688e-16, 0) (-4.51706e-06, 0) (0.249995, 0) (-0.25002, 0) (-0.250004, 0) (0.250019, 0) (0.250004, 0) (-0.250019, 0) (-0.249995, 0) (0.25002, 0) (8.04505e-07, 0) (1.2533e-15, 0) (-8.04505e-07, 0) 
0 5.56137 0 (-0.180741, 0) (-0.255612, 0) (-0.180741, 0) (0.0587524, 0) (0.115547, 0) (0.141851, 0) (0.278945, 0) (0.141851, 0) (0.278945, 0) (0.0587524, 0) (0.115547, 0) (-0.186989, 0) (-0.26444, 0) (-0.186989, 0) (-0.186989, 0) (-0.26444, 0) (-0.186989, 0) (0.115547, 0) (0.0587524, 0) (0.278945, 0) (0.141851, 0) (0.278945, 0) (0.141851, 0) (0.115547, 0) (0.0587524, 0) (-0.180741, 0) (-0.255612, 0) (-0.180741, 0) 
1 5.56151 0 (0.180755, 0) (0.255621, 0) (0.180755, 0) (-0.058752, 0) (-0.115543, 0) (-0.14183, 0) (-0.278957, 0) (-0.14183, 0) (-0.278957, 0) (-0.058752, 0) (-0.115543, 0) (0.186977, 0) (0.264429, 0) (0.186977, 0) (0.186977, 0) (0.264429, 0) (0.186977, 0) (-0.115543, 0) (-0.058752, 0) (-0.278957, 0) (-0.14183, 0) (-0.278957, 0) (-0.14183, 0) (-0.115543, 0) (-0.058752, 0) (0.180755, 0) (0.255621, 0) (0.180755, 0) 
1 6.12206 0 (0.310315, 0) (1.02132e-14, 0) (-0.310315, 0) (-0.204383, 0) (-0.0410301, 0) (-0.204395, 0) (-0.0410208, 0) (0.204395, 0) (0.0410208, 0) (0.204383, 0) (0.0410301, 0) (0.258435, 0) (-6.02011e-15, 0) (-0.258435, 0) (-0.258435, 0) (-5.65214e-15, 0) (0.258435, 0) (0.0410301, 0) (0.204383, 0) (0.0410208, 0) (0.204395, 0) (-0.0410208, 0) (-0.204395, 0) (-0.0410301, 0) (-0.204383, 0) (-0.310315, 0) (9.94826e-15, 0) (0.310315, 0) 
0 6.12207 0 (0.310286, 0) (3.22087e-15, 0) (-0.310286, 0) (-0.204416, 0) (-0.041006, 0) (-0.204404, 0) (-0.0410154, 0) (0.204404, 0) (0.0410154, 0) (0.204416, 0) (0.041006, 0) (0.258441, 0) (-7.30882e-17, 0) (-0.258441, 0) (-0.258441, 0) (-1.57176e-15, 0) (0.258441, 0) (0.041006, 0) (0.204416, 0) (0.0410154, 0) (0.204404, 0) (-0.0410154, 0) (-0.204404, 0) (-0.041006, 0) (-0.204416, 0) (-0.310286, 0) (2.30429e-15, 0) (0.310286, 0) 
1 6.2008 0 (-0.134198, 0) (0.189788, 0) (-0.134198, 0) (0.308465, 0) (-0.281216, 0) (-0.127771, 0) (0.116478, 0) (-0.127771, 0) (0.116478, 0) (0.308465, 0) (-0.281216, 0) (0.0702011, 0) (-0.0992712, 0) (0.0702011, 0) (0.0702011, 0) (-0.0992712, 0) (0.0702011, 0) (-0.281216, 0) (0.308465, 0) (0.116478, 0) (-0.127771, 0) (0.116478, 0) (-0.127771, 0) (-0.281216, 0) (0.308465, 0) (-0.134198, 0) (0.189788, 0) (-0.134198, 0) 
0 6.20088 0 (-0.134183, 0) (0.18976, 0) (-0.134183, 0) (0.30849, 0) (-0.281199, 0) (-0.12778, 0) (0.116482, 0) (-0.12778, 0) (0.116482, 0) (0.30849, 0) (-0.281199, 0) (0.0701952, 0) (-0.0992791, 0) (0.0701952, 0) (0.0701952, 0) (-0.0992791, 0) (0.0701952, 0) (-0.281199, 0) (0.30849, 0) (0.116482, 0) (-0.12778, 0) (0.116482, 0) (-0.12778, 0) (-0.281199, 0) (0.30849, 0) (-0.134183, 0) (0.18976, 0) (-0.134183, 0) 
1 7.0404 0 (0.0714877, 0) (-0.101047, 0) (0.0714877, 0) (-0.202225, 0) (0.263736, 0) (0.0837393, 0) (-0.10925, 0) (0.0837393, 0) (-0.10925, 0) (-0.202225, 0) (0.263736, 0) (-0.234917, 0) (0.33226, 0) (-0.234917, 0) (0.234917, 0) (-0.33226, 0) (0.234917, 0) (-0.263736, 0) (0.202225, 0) (0.10925, 0) (-0.0837393, 0) (0.10925, 0) (-0.0837393, 0) (-0.263736, 0) (0.202225, 0) (-0.0714877, 0) (0.101047, 0) (-0.0714877, 0) 
0 7.04054 0 (-0.0714398, 0) (0.101083, 0) (-0.0714398, 0) (0.202212, 0) (-0.263725, 0) (-0.0837843, 0) (0.109231, 0) (-0.0837843, 0) (0.109231, 0) (0.202212, 0) (-0.263725, 0) (0.234955, 0) (-0.33224, 0) (0.234955, 0) (-0.234955, 0) (0.33224, 0) (-0.234955, 0) (0.263725, 0) (-0.202212, 0) (-0.109231, 0) (0.0837843, 0) (-0.109231, 0) (0.0837843, 0) (0.263725, 0) (-0.202212, 0) (0.0714398, 0) (-0.101083, 0) (0.0714398, 0) 
0 7.1492 0 (-0.22329, 0) (-0.315762, 0) (-0.22329, 0) (0.111063, 0) (0.0347348, 0) (0.268079, 0) (0.0839171, 0) (0.268079, 0) (0.0839171, 0) (0.111063, 0) (0.0347348, 0) (-0.17004, 0) (-0.240523, 0) (-0.17004, 0) (0.17004, 0) (0.240523, 0) (0.17004, 0) (-0.0347348, 0) (-0.111063, 0) (-0.0839171, 0) (-0.268079, 0) (-0.0839171, 0) (-0.268079, 0) (-0.0347348, 0) (-0.111063, 0) (0.22329, 0) (0.315762, 0) (0.22329, 0) 
1 7.14924 0 (0.22329, 0) (0.315798, 0) (0.22329, 0) (-0.111018, 0) (-0.0347838, 0) (-0.268071, 0) (-0.0839158, 0) (-0.268071, 0) (-0.0839158, 0) (-0.111018, 0) (-0.0347838, 0) (0.170074, 0) (0.240471, 0) (0.170074, 0) (-0.170074, 0) (-0.240471, 0) (-0.170074, 0) (0.0347838, 0) (0.111018, 0) (0.0839158, 0) (0.268071, 0) (0.0839158, 0) (0.268071, 0) (0.0347838, 0) (0.111018, 0) (-0.22329, 0) (-0.315798, 0) (-0.22329, 0) 
1 7.67129 0 (-0.240328, 0) (7.26066e-16, 0) (0.240328, 0) (0.227239, 0) (-0.189458, 0) (0.227244, 0) (-0.18946, 0) (-0.227244, 0) (0.18946, 0) (-0.227239, 0) (0.189458, 0) (0.131055, 0) (1.13703e-15, 0) (-0.131055, 0) (0.131055, 0) (-7.75967e-16, 0) (-0.131055, 0) (-0.189458, 0) (0.227239, 0) (-0.18946, 0) (0.227244, 0) (0.18946, 0) (-0.227244, 0) (0.189458, 0) (-0.227239, 0) (-0.240328, 0) (-8.56902e-16, 0) (0.240328, 0) 
0 7.6713 0 (-0.240309, 0) (-4.65702e-16, 0) (0.240309, 0) (0.227257, 0) (-0.189456, 0) (0.227251, 0) (-0.189454, 0) (-0.227251, 0) (0.189454, 0) (-0.227257, 0) (0.189456, 0) (0.131058, 0) (-6.51466e-16, 0) (-0.131058, 0) (0.131058, 0) (1.04736e-15, 0) (-0.131058, 0) (-0.189456, 0) (0.227257, 0) (-0.189454, 0) (0.227251, 0) (0.189454, 0) (-0.227251, 0) (0.189456, 0) (-0.227257, 0) (-0.240309, 0) (-1.25622e-16, 0) (0.240309, 0) 
1 8.71667 0 (0.129459, 0) (-2.10763e-14, 0) (-0.129459, 0) (-0.147471, 0) (0.206555, 0) (-0.147473, 0) (0.206556, 0) (0.147473, 0) (-0.206556, 0) (0.147471, 0) (-0.206555, 0) (-0.323132, 0) (1.24421e-14, 0) (0.323132, 0) (0.323132, 0) (1.09722e-14, 0) (-0.323132, 0) (-0.206555, 0) (0.147471, 0) (-0.206556, 0) (0.147473, 0) (0.206556, 0) (-0.147473, 0) (0.206555, 0) (-0.147471, 0) (-0.129459, 0) (-2.13639e-14, 0) (0.129459, 0) 
0 8.71676 0 (0.129445, 0) (-1.81133e-14, 0) (-0.129445, 0) (-0.147475, 0) (0.206549, 0) (-0.147473, 0) (0.206548, 0) (0.147473, 0) (-0.206548, 0) (0.147475, 0) (-0.206549, 0) (-0.323144, 0) (1.02097e-14, 0) (0.323144, 0) (0.323144, 0) (1.02652e-14, 0) (-0.323144, 0) (-0.206549, 0) (0.147475, 0) (-0.206548, 0) (0.147473, 0) (0.206548, 0) (-0.147473, 0) (0.206549, 0) (-0.147475, 0) (-0.129445, 0) (-1.80856e-14, 0) (0.129445, 0) 
0 8.74743 0 (0.180782, 0) (0.255662, 0) (0.180782, 0) (-0.121252, 0) (0.0968457, 0) (-0.292723, 0) (0.233804, 0) (-0.292723, 0) (0.233804, 0) (-0.121252, 0) (0.0968457, 0) (-0.10051, 0) (-0.142142, 0) (-0.10051, 0) (-0.10051, 0) (-0.142142, 0) (-0.10051, 0) (0.0968457, 0) (-0.121252, 0) (0.233804, 0) (-0.292723, 0) (0.233804, 0) (-0.292723, 0) (0.0968457, 0) (-0.121252, 0) (0.180782, 0) (0.255662, 0) (0.180782, 0) 
1 8.74746 0 (-0.180793, 0) (-0.255681, 0) (-0.180793, 0) (0.121243, 0) (-0.0968446, 0) (0.292713, 0) (-0.233806, 0) (0.292713, 0) (-0.233806, 0) (0.121243, 0) (-0.0968446, 0) (0.100506, 0) (0.142137, 0) (0.100506, 0) (0.100506, 0) (0.142137, 0) (0.100506, 0) (-0.0968446, 0) (0.121243, 0) (-0.233806, 0) (0.292713, 0) (-0.233806, 0) (0.292713, 0) (-0.0968446, 0) (0.121243, 0) (-0.180793, 0) (-0.255681, 0) (-0.180793, 0) 
1 9.85963 0 (-0.0989375, 0) (-0.139919, 0) (-0.0989375, 0) (0.0782861, 0) (-0.112579, 0) (0.189002, 0) (-0.27179, 0) (0.189002, 0) (-0.27179, 0) (0.0782861, 0) (-0.112579, 0) (0.225863, 0) (0.319419, 0) (0.225863, 0) (-0.225863, 0) (-0.319419, 0) (-0.225863, 0) (0.112579, 0) (-0.0782861, 0) (0.27179, 0) (-0.189002, 0) (0.27179, 0) (-0.189002, 0) (0.112579, 0) (-0.0782861, 0) (0.0989375, 0) (0.139919, 0) (0.0989375, 0) 
0 9.8597 0 (-0.0989278, 0) (-0.139904, 0) (-0.0989278, 0) (0.0782881, 0) (-0.112577, 0) (0.189001, 0) (-0.271784, 0) (0.189001, 0) (-0.271784, 0) (0.0782881, 0) (-0.112577, 0) (0.225872, 0) (0.319431, 0) (0.225872, 0) (-0.225872, 0) (-0.319431, 0) (-0.225872, 0) (0.112577, 0) (-0.0782881, 0) (0.271784, 0) (-0.189001, 0) (0.271784, 0) (-0.189001, 0) (0.112577, 0) (-0.0782881, 0) (0.0989278, 0) (0.139904, 0) (0.0989278, 0) 
