0 -5.16838 1 (0.214883, 0) (0.303894, 0) (0.214886, 0) (0.151945, -0) (0.151945, 0) (0.366829, -0) (0.366828, 0) (0.366829, -0) (0.366828, 0) (0.151945, -0) (0.151945, 0) (0.214883, -0) (0.303887, -0) (0.214881, -0) 
1 -5.16838 1 (0.214883, 0) (0.303887, 0) (0.21488, 0) (0.151945, 0) (0.151946, 0) (0.366828, 0) (0.366829, 0) (0.366828, 0) (0.366829, 0) (0.151946, 0) (0.151945, 0) (0.214883, 0) (0.303894, 0) (0.214885, 0) 
1 -4.05 1 (-0.288676, 0) (-8.01888e-07, 0) (0.288671, 0) (-0.288676, 0) (-0.288675, 0) (-0.288676, 0) (-0.288674, 0) (0.288675, 0) (0.288675, 0) (0.288677, 0) (0.288675, 0) (-0.288674, 0) (6.73497e-07, 0) (0.288678, 0) 
0 -4.05 1 (0.288675, 0) (-8.01813e-07, 0) (-0.288679, 0) (0.288675, 0) (0.288675, 0) (0.288674, 0) (0.288677, 0) (-0.288676, 0) (-0.288675, 0) (-0.288673, 0) (-0.288675, 0) (0.288676, 0) (6.7361e-07, 0) (-0.288672, 0) 
1 -2.46839 1 (-0.297506, 0) (-0.0280926, 0) (-0.297503, 0) (-0.400873, 0) (-0.269415, 0) (-0.0198655, 0) (0.297505, 0) (-0.0198643, 0) (0.297504, 0) (-0.400879, 0) (-0.269416, 0) (0.0198625, 0) (0.420742, 0) (0.0198612, 0) 
0 -2.46838 1 (0.136521, 0) (0.462062, 0) (0.136521, 0) (-0.133652, 0) (-0.325535, 0) (0.326723, 0) (-0.136524, 0) (0.32672, 0) (-0.136526, 0) (-0.133654, 0) (-0.32554, 0) (-0.326725, 0) (-0.193072, 0) (-0.326724, 0) 
1 -2.46837 1 (-0.136502, 0) (-0.462054, 0) (-0.136503, 0) (0.133682, 0) (0.325557, 0) (-0.326726, 0) (0.136499, 0) (-0.326728, 0) (0.136497, 0) (0.133681, 0) (0.325552, 0) (0.326724, 0) (0.193042, 0) (0.326724, 0) 
0 -2.46837 1 (0.297498, 0) (0.0280563, 0) (0.2975, 0) (0.400886, 0) (0.26944, 0) (0.0198378, 0) (-0.297499, 0) (0.019839, 0) (-0.2975, 0) (0.40088, 0) (0.269438, 0) (-0.0198408, 0) (-0.420721, 0) (-0.0198421, 0) 
1 -1.35 1 (-0.0590198, 0) (-2.13418e-06, 0) (0.0590197, 0) (-0.379349, 0) (-0.32033, 0) (0.32033, 0) (0.379349, 0) (-0.320332, 0) (-0.379346, 0) (0.379353, 0) (0.320324, 0) (0.0590198, 0) (3.67278e-06, 0) (-0.0590227, 0) 
0 -1.35 1 (-0.403955, 0) (-2.81426e-06, 0) (0.40396, 0) (-0.15084, 0) (0.253115, 0) (-0.253115, 0) (0.150841, 0) (0.253112, 0) (-0.150841, 0) (0.150836, 0) (-0.25312, 0) (0.403955, 0) (-5.08128e-07, 0) (-0.403951, 0) 
1 -1.35 1 (0.403959, 0) (-2.81383e-06, 0) (-0.403955, 0) (0.150866, 0) (-0.253094, 0) (0.253094, 0) (-0.150865, 0) (-0.253096, 0) (0.150865, 0) (-0.15087, 0) (0.253089, 0) (-0.403959, 0) (-5.0849e-07, 0) (0.403963, 0) 
0 -1.35 1 (0.0590501, 0) (-2.13425e-06, 0) (-0.0590501, 0) (0.37936, 0) (0.32031, 0) (-0.32031, 0) (-0.37936, 0) (0.320308, 0) (0.379364, 0) (-0.379356, 0) (-0.320315, 0) (-0.05905, 0) (3.6727e-06, 0) (0.0590471, 0) 
0 0.231622 1 (0.310942, 0) (-0.439742, 0) (0.310946, 0) (0.21986, 0) (-0.219873, 0) (-0.0910638, 0) (0.0910794, 0) (-0.0910716, 0) (0.0910721, 0) (0.21986, 0) (-0.219871, 0) (-0.310934, 0) (0.439724, 0) (-0.31093, 0) 
1 0.231625 1 (0.310934, 0) (-0.439723, 0) (0.31093, 0) (0.219873, 0) (-0.21986, 0) (-0.0910794, 0) (0.0910638, 0) (-0.0910716, 0) (0.0910711, 0) (0.219872, 0) (-0.219862, 0) (-0.310941, 0) (0.439741, 0) (-0.310946, 0) 
0 2.46838 0 (0.310934, 0) (-0.439723, 0) (0.31093, 0) (-0.219873, 0) (-0.21986, 0) (0.0910794, 0) (0.0910638, 0) (0.0910716, 0) (0.0910711, 0) (-0.219872, 0) (-0.219862, 0) (0.310941, 0) (-0.439741, 0) (0.310946, 0) 
1 2.46838 0 (0.310942, 0) (-0.439742, 0) (0.310946, 0) (-0.21986, 0) (-0.219873, 0) (0.0910638, 0) (0.0910794, 0) (0.0910716, 0) (0.0910721, 0) (-0.21986, 0) (-0.219871, 0) (0.310934, 0) (-0.439724, 0) (0.31093, 0) 
1 4.05 0 (-0.0590149, 0) (2.13427e-06, 0) (0.0590149, 0) (0.379347, 0) (-0.320332, 0) (-0.320332, 0) (0.379347, 0) (0.32033, 0) (-0.379351, 0) (-0.379343, 0) (0.320337, 0) (-0.0590149, 0) (3.67257e-06, 0) (0.0590119, 0) 
0 4.05 0 (0.403954, 0) (-2.81396e-06, 0) (-0.40395, 0) (-0.150833, 0) (-0.253122, 0) (-0.253122, 0) (-0.150832, 0) (0.253124, 0) (0.150832, 0) (0.150837, 0) (0.253117, 0) (0.403954, 0) (5.08405e-07, 0) (-0.403958, 0) 
1 4.05 0 (-0.40396, 0) (-2.81413e-06, 0) (0.403965, 0) (0.150873, 0) (0.253087, 0) (0.253087, 0) (0.150874, 0) (-0.253084, 0) (-0.150874, 0) (-0.150869, 0) (-0.253092, 0) (-0.40396, 0) (5.08213e-07, 0) (0.403957, 0) 
0 4.05 0 (0.059055, 0) (2.13416e-06, 0) (-0.0590549, 0) (-0.379363, 0) (0.320308, 0) (0.320307, 0) (-0.379363, 0) (-0.32031, 0) (0.379359, 0) (0.379366, 0) (-0.320302, 0) (0.059055, 0) (3.67292e-06, 0) (-0.0590579, 0) 
1 5.16837 0 (0.297507, 0) (0.0280893, 0) (0.29751, 0) (-0.400876, 0) (0.269417, 0) (-0.0198611, 0) (-0.297509, 0) (-0.0198624, 0) (-0.29751, 0) (-0.40087, 0) (0.269415, 0) (0.0198641, 0) (0.420735, 0) (0.0198654, 0) 
0 5.16837 0 (-0.136524, 0) (-0.462056, 0) (-0.136524, 0) (-0.133654, 0) (0.325538, 0) (0.326727, 0) (0.136521, 0) (0.32673, 0) (0.136519, 0) (-0.133652, 0) (0.325533, 0) (-0.326725, 0) (-0.193072, 0) (-0.326726, 0) 
1 5.16838 0 (-0.1365, 0) (-0.46206, 0) (-0.1365, 0) (-0.133681, 0) (0.325554, 0) (0.326721, 0) (0.136503, 0) (0.326719, 0) (0.136505, 0) (-0.133683, 0) (0.325559, 0) (-0.326723, 0) (-0.193042, 0) (-0.326723, 0) 
0 5.16839 0 (-0.297496, 0) (-0.0280596, 0) (-0.297494, 0) (0.400883, 0) (-0.269438, 0) (0.0198422, 0) (0.297495, 0) (0.0198409, 0) (0.297494, 0) (0.400889, 0) (-0.26944, 0) (-0.0198392, 0) (-0.420728, 0) (-0.0198379, 0) 
1 6.75 0 (0.288675, 0) (-8.01798e-07, 0) (-0.288679, 0) (-0.288675, 0) (0.288675, 0) (-0.288674, 0) (0.288677, 0) (0.288676, 0) (-0.288675, 0) (0.288673, 0) (-0.288675, 0) (-0.288676, 0) (-6.73617e-07, 0) (0.288672, 0) 
0 6.75 0 (-0.288676, 0) (-8.01904e-07, 0) (0.288671, 0) (0.288676, 0) (-0.288675, 0) (0.288676, 0) (-0.288674, 0) (-0.288675, 0) (0.288675, 0) (-0.288677, 0) (0.288675, 0) (0.288674, 0) (-6.73491e-07, 0) (-0.288678, 0) 
0 7.86838 0 (0.214883, 0) (0.303887, 0) (0.21488, 0) (-0.151945, 0) (0.151946, 0) (-0.366828, 0) (0.366829, 0) (-0.366828, 0) (0.366829, 0) (-0.151946, 0) (0.151945, 0) (-0.214883, 0) (-0.303894, 0) (-0.214885, 0) 
1 7.86838 0 (0.214883, 0) (0.303894, 0) (0.214886, 0) (-0.151945, 0) (0.151945, 0) (-0.366829, 0) (0.366828, 0) (-0.366829, 0) (0.366828, 0) (-0.151945, 0) (0.151945, 0) (-0.214883, 0) (-0.303887, 0) (-0.214881, 0) 
