1 -4.76338 1 (-0.214878, 0) (-0.30388, 0) (-0.214878, 0) (-0.151946, 0) (-0.151945, 0) (-0.366827, 0) (-0.36683, 0) (-0.366827, 0) (-0.36683, 0) (-0.151946, 0) (-0.151945, 0) (-0.214888, 0) (-0.303902, 0) (-0.214888, 0) 
0 -4.76338 1 (-0.214888, 0) (-0.303902, 0) (-0.214888, 0) (-0.151945, 0) (-0.151946, 0) (-0.36683, 0) (-0.366827, 0) (-0.36683, 0) (-0.366827, 0) (-0.151945, 0) (-0.151946, 0) (-0.214878, 0) (-0.30388, 0) (-0.214878, 0) 
1 -3.645 1 (-0.28867, 0) (-1.39968e-07, 0) (0.288669, 0) (-0.288677, 0) (-0.288673, 0) (-0.288676, 0) (-0.288674, 0) (0.288676, 0) (0.288674, 0) (0.288677, 0) (0.288673, 0) (-0.28868, 0) (1.42837e-07, 0) (0.288681, 0) 
0 -3.645 1 (0.28868, 0) (-1.39885e-07, 0) (-0.288681, 0) (0.288673, 0) (0.288677, 0) (0.288674, 0) (0.288676, 0) (-0.288674, 0) (-0.288676, 0) (-0.288673, 0) (-0.288677, 0) (0.28867, 0) (1.42919e-07, 0) (-0.288669, 0) 
0 -2.0634 1 (0.0797773, 0) (0.449133, 0) (0.0797771, 0) (-0.20475, 0) (-0.369347, 0) (0.317569, 0) (-0.0797876, 0) (0.317569, 0) (-0.0797877, 0) (-0.204751, 0) (-0.369349, 0) (-0.317574, 0) (-0.11283, 0) (-0.317574, 0) 
1 -2.0634 1 (0.317451, 0) (0.112133, 0) (0.31745, 0) (0.369666, 0) (0.205324, 0) (0.0792946, 0) (-0.317446, 0) (0.0792947, 0) (-0.317445, 0) (0.369667, 0) (0.205324, 0) (-0.0792842, 0) (-0.448958, 0) (-0.079284, 0) 
0 -2.06336 1 (-0.317459, 0) (-0.11213, 0) (-0.31746, 0) (-0.369655, 0) (-0.205323, 0) (-0.079283, 0) (0.317464, 0) (-0.0792829, 0) (0.317465, 0) (-0.369654, 0) (-0.205323, 0) (0.0792933, 0) (0.44894, 0) (0.0792935, 0) 
1 -2.06336 1 (-0.0797864, 0) (-0.449115, 0) (-0.0797866, 0) (0.20475, 0) (0.369337, 0) (-0.317588, 0) (0.079776, 0) (-0.317588, 0) (0.0797759, 0) (0.204749, 0) (0.369336, 0) (0.317583, 0) (0.112827, 0) (0.317583, 0) 
1 -0.945009 1 (0.28793, 0) (2.02194e-07, 0) (-0.287929, 0) (0.394616, 0) (0.106672, 0) (-0.106671, 0) (-0.394598, 0) (0.106672, 0) (0.394598, 0) (-0.394617, 0) (-0.106672, 0) (-0.287939, 0) (-6.845e-07, 0) (0.28794, 0) 
0 -0.945009 1 (-0.289433, 0) (-6.78318e-07, 0) (0.289434, 0) (0.104631, 0) (0.394069, 0) (-0.394051, 0) (-0.10463, 0) (0.394051, 0) (0.10463, 0) (-0.104631, 0) (-0.39407, 0) (0.289424, 0) (1.62998e-07, 0) (-0.289423, 0) 
1 -0.944991 1 (-0.289409, 0) (6.78083e-07, 0) (0.289408, 0) (0.104652, 0) (0.394057, 0) (-0.394074, 0) (-0.104653, 0) (0.394075, 0) (0.104653, 0) (-0.104652, 0) (-0.394056, 0) (0.289419, 0) (-1.62918e-07, 0) (-0.289419, 0) 
0 -0.944991 1 (0.287925, 0) (-2.02117e-07, 0) (-0.287925, 0) (0.394604, 0) (0.106693, 0) (-0.106694, 0) (-0.394621, 0) (0.106694, 0) (0.394622, 0) (-0.394602, 0) (-0.106693, 0) (-0.287915, 0) (6.84265e-07, 0) (0.287914, 0) 
0 0.636623 1 (0.310957, 0) (-0.439762, 0) (0.310958, 0) (0.219848, 0) (-0.219885, 0) (-0.0910598, 0) (0.0910834, 0) (-0.0910614, 0) (0.0910818, 0) (0.219848, 0) (-0.219885, 0) (-0.310919, 0) (0.439704, 0) (-0.310918, 0) 
1 0.636623 1 (-0.310919, 0) (0.439704, 0) (-0.310918, 0) (-0.219885, 0) (0.219848, 0) (0.0910834, 0) (-0.0910598, 0) (0.0910818, 0) (-0.0910614, 0) (-0.219885, 0) (0.219848, 0) (0.310957, 0) (-0.439762, 0) (0.310958, 0) 
0 2.87338 0 (-0.310919, 0) (0.439704, 0) (-0.310918, 0) (0.219885, 0) (0.219848, 0) (-0.0910834, 0) (-0.0910598, 0) (-0.0910818, 0) (-0.0910614, 0) (0.219885, 0) (0.219848, 0) (-0.310957, 0) (0.439762, 0) (-0.310958, 0) 
1 2.87338 0 (-0.310957, 0) (0.439762, 0) (-0.310958, 0) (0.219848, 0) (0.219885, 0) (-0.0910598, 0) (-0.0910834, 0) (-0.0910614, 0) (-0.0910818, 0) (0.219848, 0) (0.219885, 0) (-0.310919, 0) (0.439704, 0) (-0.310918, 0) 
1 4.45499 0 (-0.287925, 0) (2.02117e-07, 0) (0.287925, 0) (0.394604, 0) (-0.106693, 0) (-0.106694, 0) (0.394621, 0) (0.106694, 0) (-0.394622, 0) (-0.394602, 0) (0.106693, 0) (-0.287915, 0) (6.84265e-07, 0) (0.287914, 0) 
0 4.45499 0 (-0.289409, 0) (6.78083e-07, 0) (0.289408, 0) (-0.104652, 0) (0.394057, 0) (0.394074, 0) (-0.104653, 0) (-0.394075, 0) (0.104653, 0) (0.104652, 0) (-0.394056, 0) (-0.289419, 0) (1.62918e-07, 0) (0.289419, 0) 
1 4.45501 0 (0.289433, 0) (6.78318e-07, 0) (-0.289434, 0) (0.104631, 0) (-0.394069, 0) (-0.394051, 0) (0.10463, 0) (0.394051, 0) (-0.10463, 0) (-0.104631, 0) (0.39407, 0) (0.289424, 0) (1.62998e-07, 0) (-0.289423, 0) 
0 4.45501 0 (0.28793, 0) (2.02194e-07, 0) (-0.287929, 0) (-0.394616, 0) (0.106672, 0) (0.106671, 0) (-0.394598, 0) (-0.106672, 0) (0.394598, 0) (0.394617, 0) (-0.106672, 0) (0.287939, 0) (6.845e-07, 0) (-0.28794, 0) 
0 5.57336 0 (0.0797864, 0) (0.449115, 0) (0.0797866, 0) (0.20475, 0) (-0.369337, 0) (-0.317588, 0) (-0.079776, 0) (-0.317588, 0) (-0.0797759, 0) (0.204749, 0) (-0.369336, 0) (0.317583, 0) (0.112827, 0) (0.317583, 0) 
1 5.57336 0 (0.317459, 0) (0.11213, 0) (0.31746, 0) (-0.369655, 0) (0.205323, 0) (-0.079283, 0) (-0.317464, 0) (-0.0792829, 0) (-0.317465, 0) (-0.369654, 0) (0.205323, 0) (0.0792933, 0) (0.44894, 0) (0.0792935, 0) 
0 5.5734 0 (-0.317451, 0) (-0.112133, 0) (-0.31745, 0) (0.369666, 0) (-0.205324, 0) (0.0792946, 0) (0.317446, 0) (0.0792947, 0) (0.317445, 0) (0.369667, 0) (-0.205324, 0) (-0.0792842, 0) (-0.448958, 0) (-0.079284, 0) 
1 5.5734 0 (-0.0797773, 0) (-0.449133, 0) (-0.0797771, 0) (-0.20475, 0) (0.369347, 0) (0.317569, 0) (0.0797876, 0) (0.317569, 0) (0.0797877, 0) (-0.204751, 0) (0.369349, 0) (-0.317574, 0) (-0.11283, 0) (-0.317574, 0) 
1 7.155 0 (0.28868, 0) (-1.39885e-07, 0) (-0.288681, 0) (-0.288673, 0) (0.288677, 0) (-0.288674, 0) (0.288676, 0) (0.288674, 0) (-0.288676, 0) (0.288673, 0) (-0.288677, 0) (-0.28867, 0) (-1.42919e-07, 0) (0.288669, 0) 
0 7.155 0 (-0.28867, 0) (-1.39968e-07, -0) (0.288669, -0) (0.288677, -0) (-0.288673, 0) (0.288676, -0) (-0.288674, 0) (-0.288676, 0) (0.288674, -0) (-0.288677, 0) (0.288673, -0) (0.28868, -0) (-1.42837e-07, 0) (-0.288681, 0) 
1 8.27338 0 (-0.214888, 0) (-0.303902, 0) (-0.214888, 0) (0.151945, 0) (-0.151946, 0) (0.36683, 0) (-0.366827, 0) (0.36683, 0) (-0.366827, 0) (0.151945, 0) (-0.151946, 0) (0.214878, 0) (0.30388, 0) (0.214878, 0) 
0 8.27338 0 (-0.214878, 0) (-0.30388, 0) (-0.214878, 0) (0.151946, 0) (-0.151945, 0) (0.366827, 0) (-0.36683, 0) (0.366827, 0) (-0.36683, 0) (0.151946, 0) (-0.151945, 0) (0.214888, 0) (0.303902, 0) (0.214888, 0) 
