1 -5.35602 1 (-0.104022, 0) (-0.15552, 0) (-0.104019, 0) (-0.0790802, 0) (-0.115284, 0) (-0.189796, 0) (-0.26865, 0) (-0.189797, 0) (-0.268648, 0) (-0.0790801, 0) (-0.115281, 0) (-0.221631, 0) (-0.316948, 0) (-0.221631, 0) (-0.22163, 0) (-0.316946, 0) (-0.221629, 0) (-0.115284, 0) (-0.0790795, 0) (-0.26865, 0) (-0.189795, 0) (-0.268651, 0) (-0.189795, 0) (-0.115283, 0) (-0.0790794, 0) (-0.104021, 0) (-0.155519, 0) (-0.104021, 0) 
0 -5.19113 1 (0.0945327, 0) (0.127583, 0) (0.0945342, 0) (0.0775501, 0) (0.109668, 0) (0.189178, 0) (0.274175, 0) (0.189177, 0) (0.274176, 0) (0.0775496, 0) (0.10967, 0) (0.229292, 0) (0.320462, 0) (0.229291, 0) (0.229293, 0) (0.320464, 0) (0.229293, 0) (0.109668, 0) (0.0775509, 0) (0.274175, 0) (0.189179, 0) (0.274174, 0) (0.189178, 0) (0.109669, 0) (0.0775507, 0) (0.094533, 0) (0.127584, 0) (0.0945335, 0) 
1 -4.30402 1 (0.185683, 0) (0.281931, 0) (0.185675, 0) (0.118463, 0) (0.0966832, 0) (0.289145, 0) (0.2244, 0) (0.289142, 0) (0.224394, 0) (0.118459, 0) (0.0966748, 0) (0.0960579, 0) (0.135768, 0) (0.0960496, 0) (-0.0960507, 0) (-0.135769, 0) (-0.0960578, 0) (-0.0966785, 0) (-0.118459, 0) (-0.224397, 0) (-0.28914, 0) (-0.224402, 0) (-0.289143, 0) (-0.0966823, 0) (-0.118462, 0) (-0.18568, 0) (-0.281928, 0) (-0.185681, 0) 
1 -4.20598 1 (0.135469, 0) (-4.70078e-06, 0) (-0.135471, 0) (0.149124, 0) (0.214565, 0) (0.143336, 0) (0.202379, 0) (-0.143345, 0) (-0.202385, 0) (-0.149128, 0) (-0.214562, 0) (0.319163, 0) (-2.67474e-06, 0) (-0.319167, 0) (0.319165, 0) (7.75383e-07, 0) (-0.319162, 0) (0.214568, 0) (0.149127, 0) (0.202386, 0) (0.143344, 0) (-0.202381, 0) (-0.143337, 0) (-0.214564, 0) (-0.149123, 0) (0.135475, 0) (3.39335e-06, 0) (-0.135469, 0) 
0 -4.05429 1 (0.124013, 0) (-5.37604e-06, 0) (-0.124024, 0) (0.145897, 0) (0.198724, 0) (0.151795, 0) (0.2103, 0) (-0.151809, 0) (-0.210313, 0) (-0.145902, 0) (-0.198733, 0) (0.326443, 0) (-3.73638e-06, 0) (-0.326447, 0) (0.32645, 0) (3.92939e-06, 0) (-0.326445, 0) (0.198729, 0) (0.145904, 0) (0.210312, 0) (0.15181, 0) (-0.210299, 0) (-0.151795, 0) (-0.198726, 0) (-0.145898, 0) (0.124022, 0) (6.06368e-06, 0) (-0.124014, 0) 
0 -4.03367 1 (-0.175193, 0) (-0.233598, 0) (-0.17519, 0) (-0.122902, 0) (-0.0957399, 0) (-0.296309, 0) (-0.241524, 0) (-0.296299, 0) (-0.241514, 0) (-0.122894, 0) (-0.095732, 0) (-0.103927, 0) (-0.147159, 0) (-0.103911, 0) (0.10391, 0) (0.147157, 0) (0.103927, 0) (0.0957294, 0) (0.122896, 0) (0.241511, 0) (0.296303, 0) (0.241521, 0) (0.29631, 0) (0.0957405, 0) (0.122904, 0) (0.175187, 0) (0.233601, 0) (0.175195, 0) 
1 -3.18867 1 (0.249534, 0) (-3.01712e-06, 0) (-0.249529, 0) (0.226753, 0) (0.19728, 0) (0.217938, 0) (0.182033, 0) (-0.217943, 0) (-0.182036, 0) (-0.226755, 0) (-0.197274, 0) (0.129477, 0) (-1.46179e-06, 0) (-0.129478, 0) (-0.129475, 0) (7.96412e-08, 0) (0.129475, 0) (-0.197279, 0) (-0.226751, 0) (-0.182035, 0) (-0.217938, 0) (0.182036, 0) (0.217941, 0) (0.197277, 0) (0.226751, 0) (-0.249534, 0) (1.86082e-06, 0) (0.249533, 0) 
0 -2.98669 1 (-0.231315, 0) (-1.64773e-06, 0) (0.231319, 0) (-0.227143, 0) (-0.181332, 0) (-0.236664, 0) (-0.196323, 0) (0.23666, 0) (0.196323, 0) (0.227139, 0) (0.181336, 0) (-0.132159, 0) (2.73346e-07, 0) (0.132158, 0) (0.132158, 0) (7.15078e-07, 0) (-0.13216, 0) (0.181331, 0) (0.227144, 0) (0.196321, 0) (0.236663, 0) (-0.19632, 0) (-0.236662, 0) (-0.181334, 0) (-0.227145, 0) (0.231315, 0) (5.32807e-07, 0) (-0.231317, 0) 
1 -2.78667 1 (0.208639, 0) (0.352351, 0) (0.208632, 0) (0.0783915, 0) (-0.0658414, 0) (0.262358, 0) (-0.0805263, 0) (0.262358, 0) (-0.0805249, 0) (0.0783918, 0) (-0.0658383, 0) (-0.187479, 0) (-0.216575, 0) (-0.187479, 0) (-0.187476, 0) (-0.216572, 0) (-0.187475, 0) (-0.065839, 0) (0.0783933, 0) (-0.0805234, 0) (0.262357, 0) (-0.0805234, 0) (0.262357, 0) (-0.065838, 0) (0.0783924, 0) (0.208641, 0) (0.352348, 0) (0.208638, 0) 
1 -2.57737 1 (0.0991823, 0) (-0.0773854, 0) (0.0991828, 0) (0.208918, 0) (0.265187, 0) (-0.0546223, 0) (-0.117594, 0) (-0.05462, 0) (-0.117589, 0) (0.208923, 0) (0.265181, 0) (0.209893, 0) (-0.353077, 0) (0.209897, 0) (0.209892, 0) (-0.353075, 0) (0.209894, 0) (0.265188, 0) (0.208917, 0) (-0.117594, 0) (-0.0546206, 0) (-0.117593, 0) (-0.0546207, 0) (0.265187, 0) (0.208918, 0) (0.0991832, 0) (-0.0773844, 0) (0.0991827, 0) 
0 -2.36755 1 (0.2351, 0) (0.245244, 0) (0.235106, 0) (0.182076, 0) (0.0539225, 0) (0.235408, 0) (-0.108955, 0) (0.235407, 0) (-0.108956, 0) (0.182073, 0) (0.0539234, 0) (-0.0875958, 0) (-0.327515, 0) (-0.0875952, 0) (-0.0875977, 0) (-0.32752, 0) (-0.0875986, 0) (0.0539219, 0) (0.182078, 0) (-0.108958, 0) (0.235408, 0) (-0.108958, 0) (0.235408, 0) (0.0539209, 0) (0.182076, 0) (0.2351, 0) (0.245245, 0) (0.235101, 0) 
0 -2.327 1 (-0.00972963, 0) (-0.180395, 0) (-0.00973171, 0) (0.154674, 0) (0.252932, 0) (-0.171805, 0) (-0.0783418, 0) (-0.171805, 0) (-0.0783436, 0) (0.15467, 0) (0.252938, 0) (0.2847, 0) (-0.24093, 0) (0.284698, 0) (0.284703, 0) (-0.240932, 0) (0.284703, 0) (0.252934, 0) (0.154678, 0) (-0.0783409, 0) (-0.171807, 0) (-0.0783415, 0) (-0.171808, 0) (0.252935, 0) (0.154676, 0) (-0.00972834, 0) (-0.180398, 0) (-0.00973033, 0) 
1 -1.77968 1 (0.124653, 0) (-0.238391, 0) (0.124661, 0) (0.290144, 0) (0.295661, 0) (-0.133052, 0) (-0.0803006, 0) (-0.133047, 0) (-0.0802984, 0) (0.290158, 0) (0.295654, 0) (0.0894453, 0) (-0.0677443, 0) (0.0894423, 0) (-0.0894449, 0) (0.0677451, 0) (-0.0894468, 0) (-0.295663, 0) (-0.290143, 0) (0.0803006, 0) (0.133049, 0) (0.0803003, 0) (0.13305, 0) (-0.295662, 0) (-0.290145, 0) (-0.124655, 0) (0.238391, 0) (-0.124654, 0) 
1 -1.65869 1 (0.322147, 0) (-6.15942e-06, 0) (-0.322137, 0) (0.194369, 0) (-0.0492881, 0) (0.197178, 0) (-0.0434182, 0) (-0.197185, 0) (0.0434156, 0) (-0.194369, 0) (0.049289, 0) (-0.255439, 0) (-3.55831e-07, 0) (0.255444, 0) (-0.255439, 0) (2.06021e-06, 0) (0.25544, 0) (-0.0492956, 0) (0.194359, 0) (-0.0434137, 0) (0.197182, 0) (0.0434168, 0) (-0.197184, 0) (0.0492907, 0) (-0.194366, 0) (0.322146, 0) (-1.35816e-06, 0) (-0.322147, 0) 
0 -1.47781 1 (0.140744, 0) (-0.150359, 0) (0.140721, 0) (0.323098, 0) (0.265661, 0) (-0.119548, 0) (-0.139594, 0) (-0.11956, 0) (-0.13959, 0) (0.323068, 0) (0.265667, 0) (0.0548354, 0) (-0.119525, 0) (0.0548562, 0) (-0.0548501, 0) (0.119519, 0) (-0.0548319, 0) (-0.26566, 0) (-0.323085, 0) (0.139589, 0) (0.119564, 0) (0.13959, 0) (0.119547, 0) (-0.265657, 0) (-0.323095, 0) (-0.140723, 0) (0.150361, 0) (-0.140744, 0) 
0 -1.42156 1 (0.298023, 0) (7.67314e-06, 0) (-0.298041, 0) (0.213099, 0) (-0.0344191, 0) (0.211705, 0) (-0.0382116, 0) (-0.211693, 0) (0.038223, 0) (-0.213117, 0) (0.0344004, 0) (-0.261347, 0) (5.97889e-06, 0) (0.261337, 0) (-0.261345, 0) (-3.51382e-06, 0) (0.261347, 0) (-0.0343961, 0) (0.213129, 0) (-0.0382268, 0) (0.211692, 0) (0.0382162, 0) (-0.211701, 0) (0.0344174, 0) (-0.213101, 0) (0.298034, 0) (-5.16819e-06, 0) (-0.298025, 0) 
1 -1.16426 1 (-0.189602, 0) (-0.241437, 0) (-0.189592, 0) (-0.0884912, 0) (0.0815801, 0) (-0.107236, 0) (0.299092, 0) (-0.107231, 0) (0.29909, 0) (-0.0884972, 0) (0.0815681, 0) (0.174634, 0) (0.279171, 0) (0.174633, 0) (-0.174637, 0) (-0.279167, 0) (-0.17463, 0) (-0.081582, 0) (0.0884931, 0) (-0.299093, 0) (0.107238, 0) (-0.299095, 0) (0.10723, 0) (-0.0815712, 0) (0.0884957, 0) (0.189608, 0) (0.241437, 0) (0.189598, 0) 
0 -0.776721 1 (0.173093, 0) (0.25616, 0) (0.173104, 0) (0.034969, 0) (-0.138187, 0) (0.170419, 0) (-0.260804, 0) (0.170426, 0) (-0.260803, 0) (0.034964, 0) (-0.138201, 0) (-0.195674, 0) (-0.251234, 0) (-0.195676, 0) (0.195671, 0) (0.251238, 0) (0.195677, 0) (0.138184, 0) (-0.0349686, 0) (0.260804, 0) (-0.170415, 0) (0.260797, 0) (-0.170427, 0) (0.138198, 0) (-0.0349601, 0) (-0.173088, 0) (-0.25616, 0) (-0.173094, 0) 
1 -0.723811 1 (0.0320815, 0) (-1.41686e-05, 0) (-0.032068, 0) (-0.227036, 0) (-0.272189, 0) (0.254921, 0) (0.240012, 0) (-0.254931, 0) (-0.240001, 0) (0.227056, 0) (0.272183, 0) (-0.0159752, 0) (1.2489e-05, 0) (0.0159671, 0) (0.015936, 0) (1.53382e-06, 0) (-0.0159488, 0) (0.272701, 0) (0.227528, 0) (-0.240523, 0) (-0.255401, 0) (0.240512, 0) (0.255399, 0) (-0.272695, 0) (-0.227515, 0) (-0.032068, 0) (-2.87573e-06, 0) (0.0320805, 0) 
1 -0.719504 1 (0.0020567, 0) (-1.74028e-05, 0) (-0.00203013, 0) (-0.24177, 0) (-0.257361, 0) (0.243555, 0) (0.25752, 0) (-0.243567, 0) (-0.257519, 0) (0.241806, 0) (0.257357, 0) (0.0124081, 0) (1.60206e-05, 0) (-0.0124305, 0) (0.0124362, 0) (1.43238e-05, 0) (-0.0124559, 0) (-0.256827, 0) (-0.241319, 0) (0.257043, 0) (0.243049, 0) (-0.257045, 0) (-0.243059, 0) (0.256831, 0) (0.241347, 0) (0.00199443, 0) (-1.37245e-05, 0) (-0.00197359, 0) 
0 -0.641846 1 (-0.0210603, 0) (8.50113e-06, 0) (0.0210605, 0) (-0.268375, 0) (-0.23342, 0) (0.244437, 0) (0.250454, 0) (-0.244427, 0) (-0.250468, 0) (0.268363, 0) (0.233425, 0) (0.00857995, 0) (-1.14401e-05, 0) (-0.00857741, 0) (-0.0085479, 0) (1.81488e-06, 0) (0.00855856, 0) (0.233899, 0) (0.26888, 0) (-0.250934, 0) (-0.244949, 0) (0.250947, 0) (0.244949, 0) (-0.233904, 0) (-0.268892, 0) (0.0210541, 0) (1.13625e-07, 0) (-0.0210656, 0) 
0 -0.639846 1 (0.00285772, 0) (-7.31576e-06, 0) (-0.00284525, 0) (0.259086, 0) (0.242622, 0) (-0.25584, 0) (-0.242765, 0) (0.255831, 0) (0.242765, 0) (-0.259063, 0) (-0.242629, 0) (0.0107718, 0) (1.01383e-05, 0) (-0.0107865, 0) (0.0107889, 0) (1.01563e-05, 0) (-0.0107978, 0) (0.242155, 0) (0.258553, 0) (-0.242263, 0) (-0.255356, 0) (0.242264, 0) (0.255346, 0) (-0.242149, 0) (-0.258533, 0) (0.00281437, 0) (-7.89552e-06, 0) (-0.00280628, 0) 
1 -0.477126 1 (-0.209422, 0) (0.279086, 0) (-0.209423, 0) (-0.251355, 0) (-0.0334404, 0) (0.0884647, 0) (0.0166716, 0) (0.0884202, 0) (0.016627, 0) (-0.251325, 0) (-0.033394, 0) (0.224555, 0) (-0.297944, 0) (0.224559, 0) (0.224552, 0) (-0.29794, 0) (0.224549, 0) (-0.0334291, 0) (-0.251343, 0) (0.0166586, 0) (0.0884512, 0) (0.0166408, 0) (0.0884384, 0) (-0.0334178, 0) (-0.251331, 0) (-0.209426, 0) (0.279092, 0) (-0.209421, 0) 
0 -0.189063 1 (0.154599, 0) (-0.230142, 0) (0.154603, 0) (0.277849, 0) (0.0622692, 0) (-0.128054, 0) (-0.0231603, 0) (-0.12808, 0) (-0.0231873, 0) (0.277869, 0) (0.0622989, 0) (-0.218986, 0) (0.327527, 0) (-0.218982, 0) (-0.21899, 0) (0.327534, 0) (-0.218995, 0) (0.0622721, 0) (0.277856, 0) (-0.0231659, 0) (-0.128062, 0) (-0.0231775, 0) (-0.128067, 0) (0.0622766, 0) (0.277864, 0) (0.154597, 0) (-0.230139, 0) (0.154604, 0) 
1 -0.0683445 1 (-0.287224, 0) (1.54563e-05, 0) (0.287206, 0) (-0.115064, 0) (0.193468, 0) (-0.064856, 0) (0.233732, 0) (0.0648635, 0) (-0.233741, 0) (0.115064, 0) (-0.193458, 0) (0.240826, 0) (-6.27993e-06, 0) (-0.240832, 0) (-0.240822, 0) (4.62041e-06, 0) (0.240823, 0) (-0.193464, 0) (0.115066, 0) (-0.233741, 0) (0.0648507, 0) (0.233751, 0) (-0.0648549, 0) (0.193462, 0) (-0.115065, 0) (0.287223, 0) (-8.55229e-06, 0) (-0.287218, 0) 
0 0.309493 1 (-0.271872, 0) (-1.20364e-05, 0) (0.271886, 0) (-0.0887531, 0) (0.218986, 0) (-0.124469, 0) (0.198927, 0) (0.124458, 0) (-0.19892, 0) (0.0887583, 0) (-0.218991, 0) (0.255324, 0) (7.02077e-06, 0) (-0.255319, 0) (-0.255329, 0) (-2.32349e-06, 0) (0.255324, 0) (-0.218986, 0) (0.0887549, 0) (-0.198921, 0) (0.124469, 0) (0.198912, 0) (-0.124464, 0) (0.218985, 0) (-0.0887542, 0) (0.271871, 0) (5.32852e-06, 0) (-0.271871, 0) 
1 1.11335 1 (-0.275361, 0) (0.378755, 0) (-0.275369, 0) (-0.0604546, 0) (0.252561, 0) (0.00848123, 0) (-0.100112, 0) (0.00846161, 0) (-0.100112, 0) (-0.0604536, 0) (0.252573, 0) (0.114092, 0) (-0.154126, 0) (0.114109, 0) (-0.114086, 0) (0.154116, 0) (-0.114095, 0) (-0.252577, 0) (0.0604491, 0) (0.100122, 0) (-0.00847587, 0) (0.100113, 0) (-0.00847009, 0) (-0.252589, 0) (0.0604515, 0) (0.275376, 0) (-0.378777, 0) (0.275388, 0) 
0 1.9509 0 (-0.247992, 0) (0.353551, 0) (-0.247993, 0) (-0.100356, 0) (0.249201, 0) (0.0566232, 0) (-0.106793, 0) (0.0566403, 0) (-0.10679, 0) (-0.100358, 0) (0.249196, 0) (0.138414, 0) (-0.200368, 0) (0.138399, 0) (-0.138416, 0) (0.200372, 0) (-0.13841, 0) (-0.249188, 0) (0.100356, 0) (0.106784, 0) (-0.056624, 0) (0.106791, 0) (-0.0566297, 0) (-0.249179, 0) (0.100356, 0) (0.247977, 0) (-0.353526, 0) (0.24797, 0) 
1 2.0991 1 (-0.247992, 0) (0.353551, 0) (-0.247993, 0) (0.100356, 0) (0.249201, 0) (-0.0566232, 0) (-0.106793, 0) (-0.0566403, 0) (-0.10679, 0) (0.100358, 0) (0.249196, 0) (-0.138414, 0) (0.200368, 0) (-0.138399, 0) (-0.138416, 0) (0.200372, 0) (-0.13841, 0) (0.249188, 0) (0.100356, 0) (-0.106784, 0) (-0.056624, 0) (-0.106791, 0) (-0.0566297, 0) (0.249179, 0) (0.100356, 0) (-0.247977, 0) (0.353526, 0) (-0.24797, 0) 
0 2.93665 0 (-0.275361, 0) (0.378755, 0) (-0.275369, 0) (0.0604546, 0) (0.252561, 0) (-0.00848123, 0) (-0.100112, 0) (-0.00846161, 0) (-0.100112, 0) (0.0604536, 0) (0.252573, 0) (-0.114092, 0) (0.154126, 0) (-0.114109, 0) (-0.114086, 0) (0.154116, 0) (-0.114095, 0) (0.252577, 0) (0.0604491, 0) (-0.100122, 0) (-0.00847587, 0) (-0.100113, 0) (-0.00847009, 0) (0.252589, 0) (0.0604515, 0) (-0.275376, 0) (0.378777, 0) (-0.275388, 0) 
1 3.74051 0 (0.271872, 0) (1.20364e-05, 0) (-0.271886, 0) (-0.0887531, 0) (-0.218986, 0) (-0.124469, 0) (-0.198927, 0) (0.124458, 0) (0.19892, 0) (0.0887583, 0) (0.218991, 0) (0.255324, 0) (7.02077e-06, 0) (-0.255319, 0) (0.255329, 0) (2.32349e-06, 0) (-0.255324, 0) (-0.218986, 0) (-0.0887549, 0) (-0.198921, 0) (-0.124469, 0) (0.198912, 0) (0.124464, 0) (0.218985, 0) (0.0887542, 0) (0.271871, 0) (5.32852e-06, 0) (-0.271871, 0) 
0 4.11834 0 (-0.287224, 0) (1.54563e-05, 0) (0.287206, 0) (0.115064, 0) (0.193468, 0) (0.064856, 0) (0.233732, 0) (-0.0648635, 0) (-0.233741, 0) (-0.115064, 0) (-0.193458, 0) (-0.240826, 0) (6.27993e-06, 0) (0.240832, 0) (-0.240822, 0) (4.62041e-06, 0) (0.240823, 0) (0.193464, 0) (0.115066, 0) (0.233741, 0) (0.0648507, 0) (-0.233751, 0) (-0.0648549, 0) (-0.193462, 0) (-0.115065, 0) (-0.287223, 0) (8.55229e-06, 0) (0.287218, 0) 
1 4.23906 0 (-0.154599, 0) (0.230142, 0) (-0.154603, 0) (0.277849, 0) (-0.0622692, 0) (-0.128054, 0) (0.0231603, 0) (-0.12808, 0) (0.0231873, 0) (0.277869, 0) (-0.0622989, 0) (-0.218986, 0) (0.327527, 0) (-0.218982, 0) (0.21899, 0) (-0.327534, 0) (0.218995, 0) (0.0622721, 0) (-0.277856, 0) (-0.0231659, 0) (0.128062, 0) (-0.0231775, 0) (0.128067, 0) (0.0622766, 0) (-0.277864, 0) (0.154597, 0) (-0.230139, 0) (0.154604, 0) 
0 4.52713 0 (-0.209422, 0) (0.279086, 0) (-0.209423, 0) (0.251355, 0) (-0.0334404, 0) (-0.0884647, 0) (0.0166716, 0) (-0.0884202, 0) (0.016627, 0) (0.251325, 0) (-0.033394, 0) (-0.224555, 0) (0.297944, 0) (-0.224559, 0) (0.224552, 0) (-0.29794, 0) (0.224549, 0) (0.0334291, 0) (-0.251343, 0) (-0.0166586, 0) (0.0884512, 0) (-0.0166408, 0) (0.0884384, 0) (0.0334178, 0) (-0.251331, 0) (0.209426, 0) (-0.279092, 0) (0.209421, 0) 
1 4.68985 0 (0.00285772, 0) (-7.31576e-06, 0) (-0.00284525, 0) (-0.259086, 0) (0.242622, 0) (0.25584, 0) (-0.242765, 0) (-0.255831, 0) (0.242765, 0) (0.259063, 0) (-0.242629, 0) (-0.0107718, 0) (-1.01383e-05, 0) (0.0107865, 0) (0.0107889, 0) (1.01563e-05, 0) (-0.0107978, 0) (-0.242155, 0) (0.258553, 0) (0.242263, 0) (-0.255356, 0) (-0.242264, 0) (0.255346, 0) (0.242149, 0) (-0.258533, 0) (-0.00281437, 0) (7.89552e-06, 0) (0.00280628, 0) 
1 4.69185 0 (0.0210603, 0) (-8.50113e-06, 0) (-0.0210605, 0) (-0.268375, 0) (0.23342, 0) (0.244437, 0) (-0.250454, 0) (-0.244427, 0) (0.250468, 0) (0.268363, 0) (-0.233425, 0) (0.00857995, 0) (-1.14401e-05, 0) (-0.00857741, 0) (0.0085479, 0) (-1.81488e-06, 0) (-0.00855856, 0) (0.233899, 0) (-0.26888, 0) (-0.250934, 0) (0.244949, 0) (0.250947, 0) (-0.244949, 0) (-0.233904, 0) (0.268892, 0) (0.0210541, 0) (1.13625e-07, 0) (-0.0210656, 0) 
0 4.7695 0 (0.0020567, 0) (-1.74028e-05, 0) (-0.00203013, 0) (0.24177, 0) (-0.257361, 0) (-0.243555, 0) (0.25752, 0) (0.243567, 0) (-0.257519, 0) (-0.241806, 0) (0.257357, 0) (-0.0124081, 0) (-1.60206e-05, 0) (0.0124305, 0) (0.0124362, 0) (1.43238e-05, 0) (-0.0124559, 0) (0.256827, 0) (-0.241319, 0) (-0.257043, 0) (0.243049, 0) (0.257045, 0) (-0.243059, 0) (-0.256831, 0) (0.241347, 0) (-0.00199443, 0) (1.37245e-05, 0) (0.00197359, 0) 
0 4.77381 0 (-0.0320815, 0) (1.41686e-05, 0) (0.032068, 0) (-0.227036, 0) (0.272189, 0) (0.254921, 0) (-0.240012, 0) (-0.254931, 0) (0.240001, 0) (0.227056, 0) (-0.272183, 0) (-0.0159752, 0) (1.2489e-05, 0) (0.0159671, 0) (-0.015936, 0) (-1.53382e-06, 0) (0.0159488, 0) (0.272701, 0) (-0.227528, 0) (-0.240523, 0) (0.255401, 0) (0.240512, 0) (-0.255399, 0) (-0.272695, 0) (0.227515, 0) (-0.032068, 0) (-2.87573e-06, 0) (0.0320805, 0) 
1 4.82672 0 (-0.173093, 0) (-0.25616, 0) (-0.173104, 0) (0.034969, 0) (0.138187, 0) (0.170419, 0) (0.260804, 0) (0.170426, 0) (0.260803, 0) (0.034964, 0) (0.138201, 0) (-0.195674, 0) (-0.251234, 0) (-0.195676, 0) (-0.195671, 0) (-0.251238, 0) (-0.195677, 0) (0.138184, 0) (0.0349686, 0) (0.260804, 0) (0.170415, 0) (0.260797, 0) (0.170427, 0) (0.138198, 0) (0.0349601, 0) (-0.173088, 0) (-0.25616, 0) (-0.173094, 0) 
0 5.21426 0 (-0.189602, 0) (-0.241437, 0) (-0.189592, 0) (0.0884912, 0) (0.0815801, 0) (0.107236, 0) (0.299092, 0) (0.107231, 0) (0.29909, 0) (0.0884972, 0) (0.0815681, 0) (-0.174634, 0) (-0.279171, 0) (-0.174633, 0) (-0.174637, 0) (-0.279167, 0) (-0.17463, 0) (0.081582, 0) (0.0884931, 0) (0.299093, 0) (0.107238, 0) (0.299095, 0) (0.10723, 0) (0.0815712, 0) (0.0884957, 0) (-0.189608, 0) (-0.241437, 0) (-0.189598, 0) 
1 5.47156 0 (0.298023, 0) (7.67314e-06, 0) (-0.298041, 0) (-0.213099, 0) (-0.0344191, 0) (-0.211705, 0) (-0.0382116, 0) (0.211693, 0) (0.038223, 0) (0.213117, 0) (0.0344004, 0) (0.261347, 0) (-5.97889e-06, 0) (-0.261337, 0) (-0.261345, 0) (-3.51382e-06, 0) (0.261347, 0) (0.0343961, 0) (0.213129, 0) (0.0382268, 0) (0.211692, 0) (-0.0382162, 0) (-0.211701, 0) (-0.0344174, 0) (-0.213101, 0) (-0.298034, 0) (5.16819e-06, 0) (0.298025, 0) 
1 5.52781 0 (0.140744, 0) (-0.150359, 0) (0.140721, 0) (-0.323098, 0) (0.265661, 0) (0.119548, 0) (-0.139594, 0) (0.11956, 0) (-0.13959, 0) (-0.323068, 0) (0.265667, 0) (-0.0548354, 0) (0.119525, 0) (-0.0548562, 0) (-0.0548501, 0) (0.119519, 0) (-0.0548319, 0) (0.26566, 0) (-0.323085, 0) (-0.139589, 0) (0.119564, 0) (-0.13959, 0) (0.119547, 0) (0.265657, 0) (-0.323095, 0) (0.140723, 0) (-0.150361, 0) (0.140744, 0) 
0 5.70869 0 (-0.322147, 0) (6.15942e-06, 0) (0.322137, 0) (0.194369, 0) (0.0492881, 0) (0.197178, 0) (0.0434182, 0) (-0.197185, 0) (-0.0434156, 0) (-0.194369, 0) (-0.049289, 0) (-0.255439, 0) (-3.55831e-07, 0) (0.255444, 0) (0.255439, 0) (-2.06021e-06, 0) (-0.25544, 0) (-0.0492956, 0) (-0.194359, 0) (-0.0434137, 0) (-0.197182, 0) (0.0434168, 0) (0.197184, 0) (0.0492907, 0) (0.194366, 0) (0.322146, 0) (-1.35817e-06, 0) (-0.322147, 0) 
0 5.82968 0 (-0.124653, 0) (0.238391, 0) (-0.124661, 0) (0.290144, 0) (-0.295661, 0) (-0.133052, 0) (0.0803006, 0) (-0.133047, 0) (0.0802984, 0) (0.290158, 0) (-0.295654, 0) (0.0894453, 0) (-0.0677443, 0) (0.0894423, 0) (0.0894449, 0) (-0.0677451, 0) (0.0894468, 0) (-0.295663, 0) (0.290143, 0) (0.0803006, 0) (-0.133049, 0) (0.0803003, 0) (-0.13305, 0) (-0.295662, 0) (0.290145, 0) (-0.124655, 0) (0.238391, 0) (-0.124654, 0) 
1 6.377 0 (0.00972963, 0) (0.180395, 0) (0.00973171, 0) (0.154674, 0) (-0.252932, 0) (-0.171805, 0) (0.0783418, 0) (-0.171805, 0) (0.0783436, 0) (0.15467, 0) (-0.252938, 0) (0.2847, 0) (-0.24093, 0) (0.284698, 0) (-0.284703, 0) (0.240932, 0) (-0.284703, 0) (0.252934, 0) (-0.154678, 0) (-0.0783409, 0) (0.171807, 0) (-0.0783415, 0) (0.171808, 0) (0.252935, 0) (-0.154676, 0) (-0.00972834, 0) (-0.180398, 0) (-0.00973033, 0) 
1 6.41755 0 (-0.2351, 0) (-0.245244, 0) (-0.235106, 0) (0.182076, 0) (-0.0539225, 0) (0.235408, 0) (0.108955, 0) (0.235407, 0) (0.108956, 0) (0.182073, 0) (-0.0539234, 0) (-0.0875958, 0) (-0.327515, 0) (-0.0875952, 0) (0.0875977, 0) (0.32752, 0) (0.0875986, 0) (0.0539219, 0) (-0.182078, 0) (-0.108958, 0) (-0.235408, 0) (-0.108958, 0) (-0.235408, 0) (0.0539209, 0) (-0.182076, 0) (0.2351, 0) (0.245245, 0) (0.235101, 0) 
0 6.62737 0 (-0.0991823, 0) (0.0773854, 0) (-0.0991828, 0) (0.208918, 0) (-0.265187, 0) (-0.0546223, 0) (0.117594, 0) (-0.05462, 0) (0.117589, 0) (0.208923, 0) (-0.265181, 0) (0.209893, 0) (-0.353077, 0) (0.209897, 0) (-0.209892, 0) (0.353075, 0) (-0.209894, 0) (0.265188, 0) (-0.208917, 0) (-0.117594, 0) (0.0546206, 0) (-0.117593, 0) (0.0546207, 0) (0.265187, 0) (-0.208918, 0) (0.0991832, 0) (-0.0773844, 0) (0.0991827, 0) 
0 6.83667 0 (0.208639, 0) (0.352351, 0) (0.208632, 0) (-0.0783915, 0) (-0.0658414, 0) (-0.262358, 0) (-0.0805263, 0) (-0.262358, 0) (-0.0805249, 0) (-0.0783918, 0) (-0.0658383, 0) (0.187479, 0) (0.216575, 0) (0.187479, 0) (-0.187476, 0) (-0.216572, 0) (-0.187475, 0) (0.065839, 0) (0.0783933, 0) (0.0805234, 0) (0.262357, 0) (0.0805234, 0) (0.262357, 0) (0.065838, 0) (0.0783924, 0) (-0.208641, 0) (-0.352348, 0) (-0.208638, 0) 
1 7.03669 0 (-0.231315, 0) (-1.64773e-06, 0) (0.231319, 0) (0.227143, 0) (-0.181332, 0) (0.236664, 0) (-0.196323, 0) (-0.23666, 0) (0.196323, 0) (-0.227139, 0) (0.181336, 0) (0.132159, 0) (-2.73347e-07, 0) (-0.132158, 0) (0.132158, 0) (7.15078e-07, 0) (-0.13216, 0) (-0.181331, 0) (0.227144, 0) (-0.196321, 0) (0.236663, 0) (0.19632, 0) (-0.236662, 0) (0.181334, 0) (-0.227145, 0) (-0.231315, 0) (-5.32806e-07, 0) (0.231317, 0) 
0 7.23867 0 (0.249534, 0) (-3.01712e-06, 0) (-0.249529, 0) (-0.226753, 0) (0.19728, 0) (-0.217938, 0) (0.182033, 0) (0.217943, 0) (-0.182036, 0) (0.226755, 0) (-0.197274, 0) (-0.129477, 0) (1.46179e-06, 0) (0.129478, 0) (-0.129475, 0) (7.96408e-08, 0) (0.129475, 0) (0.197279, 0) (-0.226751, 0) (0.182035, 0) (-0.217938, 0) (-0.182036, 0) (0.217941, 0) (-0.197277, 0) (0.226751, 0) (0.249534, 0) (-1.86082e-06, 0) (-0.249533, 0) 
1 8.08367 0 (0.175193, 0) (0.233598, 0) (0.17519, 0) (-0.122902, 0) (0.0957399, 0) (-0.296309, 0) (0.241524, 0) (-0.296299, 0) (0.241514, 0) (-0.122894, 0) (0.095732, 0) (-0.103927, 0) (-0.147159, 0) (-0.103911, 0) (-0.10391, 0) (-0.147157, 0) (-0.103927, 0) (0.0957294, 0) (-0.122896, 0) (0.241511, 0) (-0.296303, 0) (0.241521, 0) (-0.29631, 0) (0.0957405, 0) (-0.122904, 0) (0.175187, 0) (0.233601, 0) (0.175195, 0) 
1 8.10429 0 (0.124013, 0) (-5.37603e-06, 0) (-0.124024, 0) (-0.145897, 0) (0.198724, 0) (-0.151795, 0) (0.2103, 0) (0.151809, 0) (-0.210313, 0) (0.145902, 0) (-0.198733, 0) (-0.326443, 0) (3.73637e-06, 0) (0.326447, 0) (0.32645, 0) (3.92938e-06, 0) (-0.326445, 0) (-0.198729, 0) (0.145904, 0) (-0.210312, 0) (0.15181, 0) (0.210299, 0) (-0.151795, 0) (0.198726, 0) (-0.145898, 0) (-0.124022, 0) (-6.06367e-06, 0) (0.124014, 0) 
0 8.25598 0 (0.135469, 0) (-4.70078e-06, 0) (-0.135471, 0) (-0.149124, 0) (0.214565, 0) (-0.143336, 0) (0.202379, 0) (0.143345, 0) (-0.202385, 0) (0.149128, 0) (-0.214562, 0) (-0.319163, 0) (2.67474e-06, 0) (0.319167, 0) (0.319165, 0) (7.75384e-07, 0) (-0.319162, 0) (-0.214568, 0) (0.149127, 0) (-0.202386, 0) (0.143344, 0) (0.202381, 0) (-0.143337, 0) (0.214564, 0) (-0.149123, 0) (-0.135475, 0) (-3.39335e-06, 0) (0.135469, 0) 
0 8.35402 0 (-0.185683, 0) (-0.281931, 0) (-0.185675, 0) (0.118463, 0) (-0.0966832, 0) (0.289145, 0) (-0.2244, 0) (0.289142, 0) (-0.224394, 0) (0.118459, 0) (-0.0966748, 0) (0.0960579, 0) (0.135768, 0) (0.0960496, 0) (0.0960507, 0) (0.135769, 0) (0.0960578, 0) (-0.0966785, 0) (0.118459, 0) (-0.224397, 0) (0.28914, 0) (-0.224402, 0) (0.289143, 0) (-0.0966823, 0) (0.118462, 0) (-0.18568, 0) (-0.281928, 0) (-0.185681, 0) 
1 9.24113 0 (-0.0945327, 0) (-0.127583, 0) (-0.0945342, 0) (0.0775501, 0) (-0.109668, 0) (0.189178, 0) (-0.274175, 0) (0.189177, 0) (-0.274176, 0) (0.0775496, 0) (-0.10967, 0) (0.229292, 0) (0.320462, 0) (0.229291, 0) (-0.229293, 0) (-0.320464, 0) (-0.229293, 0) (0.109668, 0) (-0.0775509, 0) (0.274175, 0) (-0.189179, 0) (0.274174, 0) (-0.189178, 0) (0.109669, 0) (-0.0775507, 0) (0.094533, 0) (0.127584, 0) (0.0945335, 0) 
0 9.40602 0 (0.104022, 0) (0.15552, 0) (0.104019, 0) (-0.0790802, 0) (0.115284, 0) (-0.189796, 0) (0.26865, 0) (-0.189797, 0) (0.268648, 0) (-0.0790801, 0) (0.115281, 0) (-0.221631, 0) (-0.316948, 0) (-0.221631, 0) (0.22163, 0) (0.316946, 0) (0.221629, 0) (-0.115284, 0) (0.0790795, 0) (-0.26865, 0) (0.189795, 0) (-0.268651, 0) (0.189795, 0) (-0.115283, 0) (0.0790794, 0) (-0.104021, 0) (-0.155519, 0) (-0.104021, 0) 
