1 -5.53966 1 (0.0989248, -0) (0.139897, -0) (0.0989248, -0) (0.0782838, -0) (0.112573, -0) (0.188994, -0) (0.271781, -0) (0.188994, -0) (0.271781, -0) (0.0782838, -0) (0.112573, -0) (0.225868, -0) (0.319427, -0) (0.225868, -0) (0.225868, -0) (0.319423, -0) (0.225868, -0) (0.112583, -0) (0.0782905, -0) (0.271792, -0) (0.189009, -0) (0.271792, -0) (0.189009, -0) (0.112583, -0) (0.0782905, -0) (0.09894, -0) (0.139926, -0) (0.09894, -0) 
0 -5.53966 1 (0.0989405, 0) (0.139927, 0) (0.0989405, 0) (0.0782904, 0) (0.112583, 0) (0.189009, 0) (0.271793, 0) (0.189009, 0) (0.271793, 0) (0.0782904, 0) (0.112583, 0) (0.225867, 0) (0.319423, 0) (0.225867, 0) (0.225867, 0) (0.319427, 0) (0.225867, 0) (0.112573, 0) (0.0782837, 0) (0.271782, 0) (0.188994, 0) (0.271782, 0) (0.188994, 0) (0.112573, 0) (0.0782837, 0) (0.0989253, 0) (0.139898, 0) (0.0989253, 0) 
0 -4.42745 1 (-0.180797, 0) (-0.255695, 0) (-0.180797, 0) (-0.121248, 0) (-0.0968429, 0) (-0.292722, 0) (-0.233793, 0) (-0.292722, 0) (-0.233793, 0) (-0.121248, 0) (-0.0968429, 0) (-0.100493, 0) (-0.142114, 0) (-0.100493, 0) (0.100522, 0) (0.142165, 0) (0.100522, 0) (0.0968473, 0) (0.121247, 0) (0.233817, 0) (0.292713, 0) (0.233817, 0) (0.292713, 0) (0.0968473, 0) (0.121247, 0) (0.180778, 0) (0.255649, 0) (0.180778, 0) 
1 -4.42745 1 (-0.180777, 0) (-0.255648, 0) (-0.180777, 0) (-0.121247, 0) (-0.0968473, 0) (-0.292714, 0) (-0.233817, 0) (-0.292714, 0) (-0.233817, 0) (-0.121247, 0) (-0.0968473, 0) (-0.100523, 0) (-0.142165, 0) (-0.100523, 0) (0.100493, 0) (0.142114, 0) (0.100493, 0) (0.0968429, 0) (0.121249, 0) (0.233792, 0) (0.292722, 0) (0.233792, 0) (0.292722, 0) (0.0968429, 0) (0.121249, 0) (0.180797, 0) (0.255694, 0) (0.180797, 0) 
1 -4.39672 1 (0.129442, 0) (1.54628e-14, 0) (-0.129442, 0) (0.147466, 0) (0.20654, 0) (0.147468, 0) (0.206546, 0) (-0.147468, 0) (-0.206546, 0) (-0.147466, 0) (-0.20654, 0) (0.323138, 0) (8.75241e-15, 0) (-0.323138, 0) (0.323139, 0) (-8.70523e-15, 0) (-0.323139, 0) (0.206563, 0) (0.14748, 0) (0.206557, 0) (0.147477, 0) (-0.206557, 0) (-0.147477, 0) (-0.206563, 0) (-0.14748, 0) (0.129462, 0) (-1.52843e-14, 0) (-0.129462, 0) 
0 -4.39671 1 (-0.129463, 0) (4.17965e-14, 0) (0.129463, 0) (-0.147479, 0) (-0.206564, 0) (-0.147477, 0) (-0.206558, 0) (0.147477, 0) (0.206558, 0) (0.147479, 0) (0.206564, 0) (-0.323138, 0) (2.30029e-14, 0) (0.323138, 0) (-0.323137, 0) (-2.34001e-14, 0) (0.323137, 0) (-0.206541, 0) (-0.147466, 0) (-0.206547, 0) (-0.147469, 0) (0.206547, 0) (0.147469, 0) (0.206541, 0) (0.147466, 0) (-0.129442, 0) (-4.16397e-14, 0) (0.129442, 0) 
1 -3.35129 1 (0.24031, 0) (8.27885e-16, 0) (-0.24031, 0) (0.22725, 0) (0.189459, 0) (0.227253, 0) (0.189466, 0) (-0.227253, 0) (-0.189466, 0) (-0.22725, 0) (-0.189459, 0) (0.131076, 0) (-2.47728e-16, 0) (-0.131076, 0) (-0.131038, 0) (-7.47321e-16, 0) (0.131038, 0) (-0.189455, 0) (-0.227246, 0) (-0.189448, 0) (-0.227243, 0) (0.189448, 0) (0.227243, 0) (0.189455, 0) (0.227246, 0) (-0.240327, 0) (2.67516e-16, 0) (0.240327, 0) 
0 -3.35129 1 (-0.240328, 0) (-3.08626e-16, 0) (0.240328, 0) (-0.227246, 0) (-0.189455, 0) (-0.227243, 0) (-0.189448, 0) (0.227243, 0) (0.189448, 0) (0.227246, 0) (0.189455, 0) (-0.131038, 0) (3.97437e-16, 0) (0.131038, 0) (0.131076, 0) (4.49359e-16, 0) (-0.131076, 0) (0.189459, 0) (0.227249, 0) (0.189466, 0) (0.227252, 0) (-0.189466, 0) (-0.227252, 0) (-0.189459, 0) (-0.227249, 0) (0.24031, 0) (-3.69887e-16, 0) (-0.24031, 0) 
0 -2.82922 1 (-0.223286, 0) (-0.315799, 0) (-0.223286, 0) (-0.111022, 0) (0.0347801, 0) (-0.268063, 0) (0.0839402, 0) (-0.268063, 0) (0.0839402, 0) (-0.111022, 0) (0.0347801, 0) (0.170071, 0) (0.240508, 0) (0.170071, 0) (0.170044, 0) (0.240483, 0) (0.170044, 0) (0.0347404, 0) (-0.111057, 0) (0.0838928, 0) (-0.268086, 0) (0.0838928, 0) (-0.268086, 0) (0.0347404, 0) (-0.111057, 0) (-0.223295, 0) (-0.315762, 0) (-0.223295, 0) 
1 -2.82922 1 (-0.223294, 0) (-0.315761, 0) (-0.223294, 0) (-0.111059, 0) (0.0347385, 0) (-0.268087, 0) (0.0838926, 0) (-0.268087, 0) (0.0838926, 0) (-0.111059, 0) (0.0347385, 0) (0.170043, 0) (0.240485, 0) (0.170043, 0) (0.17007, 0) (0.24051, 0) (0.17007, 0) (0.0347783, 0) (-0.111024, 0) (0.08394, 0) (-0.268064, 0) (0.08394, 0) (-0.268064, 0) (0.0347783, 0) (-0.111024, 0) (-0.223286, 0) (-0.315798, 0) (-0.223286, 0) 
1 -2.72047 1 (-0.0714573, 0) (0.101043, 0) (-0.0714573, 0) (-0.202206, 0) (-0.263706, 0) (0.0837523, 0) (0.109238, 0) (0.0837523, 0) (0.109238, 0) (-0.202206, 0) (-0.263706, 0) (-0.234933, 0) (0.332255, 0) (-0.234933, 0) (-0.234941, 0) (0.332245, 0) (-0.234941, 0) (-0.263755, 0) (-0.202231, 0) (0.109243, 0) (0.0837728, 0) (0.109243, 0) (0.0837728, 0) (-0.263755, 0) (-0.202231, 0) (-0.0714684, 0) (0.101088, 0) (-0.0714684, 0) 
0 -2.72047 1 (-0.0714702, 0) (0.101087, 0) (-0.0714702, 0) (-0.202232, 0) (-0.263756, 0) (0.0837712, 0) (0.109244, 0) (0.0837712, 0) (0.109244, 0) (-0.202232, 0) (-0.263756, 0) (-0.23494, 0) (0.332245, 0) (-0.23494, 0) (-0.234931, 0) (0.332255, 0) (-0.234931, 0) (-0.263706, 0) (-0.202206, 0) (0.109238, 0) (0.0837507, 0) (0.109238, 0) (0.0837507, 0) (-0.263706, 0) (-0.202206, 0) (-0.0714592, 0) (0.101042, 0) (-0.0714592, 0) 
1 -1.88084 1 (-0.134174, 0) (0.189771, 0) (-0.134174, 0) (-0.308484, 0) (-0.281216, 0) (0.12779, 0) (0.116481, 0) (0.12779, 0) (0.116481, 0) (-0.308484, 0) (-0.281216, 0) (-0.0702308, 0) (0.0992994, 0) (-0.0702308, 0) (0.0701652, 0) (-0.0992513, 0) (0.0701652, 0) (0.281197, 0) (0.308473, 0) (-0.116479, 0) (-0.127761, 0) (-0.116479, 0) (-0.127761, 0) (0.281197, 0) (0.308473, 0) (0.134207, 0) (-0.189776, 0) (0.134207, 0) 
0 -1.88084 1 (-0.134207, 0) (0.189778, 0) (-0.134207, 0) (-0.308471, 0) (-0.281198, 0) (0.127761, 0) (0.116479, 0) (0.127761, 0) (0.116479, 0) (-0.308471, 0) (-0.281198, 0) (-0.0701656, 0) (0.099251, 0) (-0.0701656, 0) (0.0702311, 0) (-0.099299, 0) (0.0702311, 0) (0.281217, 0) (0.308482, 0) (-0.116481, 0) (-0.12779, 0) (-0.116481, 0) (-0.12779, 0) (0.281217, 0) (0.308482, 0) (0.134175, 0) (-0.189772, 0) (0.134175, 0) 
1 -1.80206 1 (-0.310289, 0) (-3.35501e-15, 0) (0.310289, 0) (-0.204412, 0) (0.0410016, 0) (-0.204405, 0) (0.0410087, 0) (0.204405, 0) (-0.0410087, 0) (0.204412, 0) (-0.0410016, 0) (0.258432, 0) (-1.57098e-15, 0) (-0.258432, 0) (0.258444, 0) (2.28982e-15, 0) (-0.258444, 0) (0.0410332, 0) (-0.204389, 0) (0.0410273, 0) (-0.204395, 0) (-0.0410273, 0) (0.204395, 0) (-0.0410332, 0) (0.204389, 0) (-0.31031, 0) (3.6608e-15, 0) (0.31031, 0) 
0 -1.80206 1 (0.310312, 0) (3.81305e-15, 0) (-0.310312, 0) (0.204387, 0) (-0.0410346, 0) (0.204394, 0) (-0.0410275, 0) (-0.204394, 0) (0.0410275, 0) (-0.204387, 0) (0.0410346, 0) (-0.258444, 0) (2.40948e-15, 0) (0.258444, 0) (-0.258432, 0) (-3.10785e-15, 0) (0.258432, 0) (-0.041003, 0) (0.20441, 0) (-0.0410089, 0) (0.204405, 0) (0.0410089, 0) (-0.204405, 0) (0.041003, 0) (-0.20441, 0) (0.310291, 0) (-3.84569e-15, 0) (-0.310291, 0) 
0 -1.24144 1 (-0.180736, 0) (-0.255621, 0) (-0.180736, 0) (-0.0587402, 0) (0.115543, 0) (-0.14182, 0) (0.278959, 0) (-0.14182, 0) (0.278959, 0) (-0.0587402, 0) (0.115543, 0) (0.186958, 0) (0.264439, 0) (0.186958, 0) (-0.187008, 0) (-0.26443, 0) (-0.187008, 0) (-0.115547, 0) (0.0587643, 0) (-0.278943, 0) (0.14186, 0) (-0.278943, 0) (0.14186, 0) (-0.115547, 0) (0.0587643, 0) (0.180761, 0) (0.255612, 0) (0.180761, 0) 
1 -1.24143 1 (0.18076, 0) (0.255612, 0) (0.18076, 0) (0.0587642, 0) (-0.115548, 0) (0.141861, 0) (-0.278943, 0) (0.141861, 0) (-0.278943, 0) (0.0587642, 0) (-0.115548, 0) (-0.187009, 0) (-0.26443, 0) (-0.187009, 0) (0.186959, 0) (0.264439, 0) (0.186959, 0) (0.115543, 0) (-0.0587402, 0) (0.278958, 0) (-0.141821, 0) (0.278958, 0) (-0.141821, 0) (0.115543, 0) (-0.0587402, 0) (-0.180735, 0) (-0.25562, 0) (-0.180735, 0) 
1 -0.945031 1 (-1.10817e-05, 0) (1.55069e-16, 0) (1.10817e-05, 0) (-1.01248e-05, 0) (9.57296e-07, 0) (-9.58144e-07, 0) (1.01236e-05, 0) (9.58144e-07, 0) (-1.01236e-05, 0) (1.01248e-05, 0) (-9.57296e-07, 0) (1.10822e-05, 0) (-1.7875e-16, 0) (-1.10822e-05, 0) (9.23675e-10, 0) (1.04646e-16, 0) (-9.23675e-10, 0) (-0.353567, 0) (-0.353541, 0) (0.353556, 0) (0.353549, 0) (-0.353556, 0) (-0.353549, 0) (0.353567, 0) (0.353541, 0) (8.82041e-06, 0) (8.06953e-17, 0) (-8.82041e-06, 0) 
0 -0.945025 1 (8.33193e-06, 0) (-2.50535e-16, 0) (-8.33193e-06, 0) (-0.353539, 0) (-0.353569, 0) (0.353547, 0) (0.353557, 0) (-0.353547, 0) (-0.353557, 0) (0.353539, 0) (0.353569, 0) (9.1114e-10, 0) (-2.11892e-17, 0) (-9.1114e-10, 0) (1.20198e-05, 0) (-1.9007e-16, 0) (-1.20198e-05, 0) (1.42393e-06, 0) (-1.05957e-05, 0) (1.05946e-05, 0) (-1.42481e-06, 0) (-1.05946e-05, 0) (1.42481e-06, 0) (-1.42393e-06, 0) (1.05957e-05, 0) (-1.20194e-05, 0) (4.72737e-17, 0) (1.20194e-05, 0) 
1 -0.944975 1 (-8.33072e-06, 0) (1.16641e-16, 0) (8.33072e-06, 0) (-0.353568, 0) (-0.353537, 0) (0.353559, 0) (0.353549, 0) (-0.353559, 0) (-0.353549, 0) (0.353568, 0) (0.353537, 0) (9.12127e-10, 0) (-2.27353e-17, 0) (-9.12128e-10, 0) (-1.20209e-05, 0) (4.607e-16, 0) (1.20209e-05, 0) (-1.42748e-06, 0) (1.05936e-05, 0) (-1.05947e-05, 0) (1.42661e-06, 0) (1.05947e-05, 0) (-1.42661e-06, 0) (1.42748e-06, 0) (-1.05936e-05, 0) (1.20214e-05, 0) (-6.10568e-16, 0) (-1.20214e-05, 0) 
0 -0.94497 1 (-1.10774e-05, 0) (1.3244e-16, 0) (1.10774e-05, 0) (-1.01236e-05, 0) (9.53294e-07, 0) (-9.52447e-07, 0) (1.01249e-05, 0) (9.52447e-07, 0) (-1.01249e-05, 0) (1.01236e-05, 0) (-9.53294e-07, 0) (1.10768e-05, 0) (5.57867e-17, 0) (-1.10768e-05, 0) (-9.225e-10, 0) (2.48852e-16, 0) (9.225e-10, 0) (0.353539, 0) (0.353566, 0) (-0.353551, 0) (-0.353557, 0) (0.353551, 0) (0.353557, 0) (-0.353539, 0) (-0.353566, 0) (8.82199e-06, 0) (1.98867e-16, 0) (-8.82199e-06, 0) 
1 -0.584424 1 (0.180081, 0) (-0.254694, 0) (0.180081, 0) (0.266413, 0) (0.0507396, 0) (-0.110363, 0) (-0.0210066, 0) (-0.110363, 0) (-0.0210066, 0) (0.266413, 0) (0.0507396, 0) (-0.222445, 0) (0.314606, 0) (-0.222445, 0) (-0.22246, 0) (0.314585, 0) (-0.22246, 0) (0.0506921, 0) (0.266378, 0) (-0.0210077, 0) (-0.110327, 0) (-0.0210077, 0) (-0.110327, 0) (0.0506921, 0) (0.266378, 0) (0.180123, 0) (-0.254712, 0) (0.180123, 0) 
0 -0.584414 1 (-0.180125, 0) (0.254714, 0) (-0.180125, 0) (-0.266376, 0) (-0.0506907, 0) (0.110326, 0) (0.0210072, 0) (0.110326, 0) (0.0210072, 0) (-0.266376, 0) (-0.0506907, 0) (0.22246, 0) (-0.314585, 0) (0.22246, 0) (0.222445, 0) (-0.314606, 0) (0.222445, 0) (-0.0507383, 0) (-0.266412, 0) (0.0210061, 0) (0.110362, 0) (0.0210061, 0) (0.110362, 0) (-0.0507383, 0) (-0.266412, 0) (-0.180083, 0) (0.254697, 0) (-0.180083, 0) 
0 -0.147491 1 (0.281434, 0) (7.63117e-17, 0) (-0.281434, 0) (0.0991513, 0) (-0.211564, 0) (0.0991257, 0) (-0.211584, 0) (-0.0991257, 0) (0.211584, 0) (-0.0991513, 0) (0.211564, 0) (-0.248205, 0) (-3.2044e-16, 0) (0.248205, 0) (0.248244, 0) (-2.09362e-16, 0) (-0.248244, 0) (0.211566, 0) (-0.0991506, 0) (0.211548, 0) (-0.0991751, 0) (-0.211548, 0) (0.0991751, 0) (-0.211566, 0) (0.0991506, 0) (-0.281426, 0) (5.79707e-16, 0) (0.281426, 0) 
1 -0.147481 1 (-0.281425, 0) (-1.24205e-16, 0) (0.281425, 0) (-0.0991508, 0) (0.211566, 0) (-0.0991765, 0) (0.211547, 0) (0.0991765, 0) (-0.211547, 0) (0.0991508, 0) (-0.211566, 0) (0.248245, 0) (2.5476e-16, 0) (-0.248245, 0) (-0.248206, 0) (-3.98259e-16, 0) (0.248206, 0) (-0.211565, 0) (0.0991516, 0) (-0.211583, 0) (0.099127, 0) (0.211583, 0) (-0.099127, 0) (0.211565, 0) (-0.0991516, 0) (0.281433, 0) (2.3901e-16, 0) (-0.281433, 0) 
0 1.27594 1 (-0.263604, 0) (0.372792, 0) (-0.263604, 0) (-0.0797833, 0) (0.249444, 0) (0.033039, 0) (-0.103324, 0) (0.033039, 0) (-0.103324, 0) (-0.0797833, 0) (0.249444, 0) (0.124019, 0) (-0.175387, 0) (0.124019, 0) (-0.124109, 0) (0.175519, 0) (-0.124109, 0) (-0.249294, 0) (0.0798549, 0) (0.10326, 0) (-0.0330853, 0) (0.10326, 0) (-0.0330853, 0) (-0.249294, 0) (0.0798549, 0) (0.263459, 0) (-0.372588, 0) (0.263459, 0) 
1 1.27596 1 (-0.263458, 0) (0.372587, 0) (-0.263458, 0) (-0.0798566, 0) (0.249294, 0) (0.033086, 0) (-0.10326, 0) (0.033086, 0) (-0.10326, 0) (-0.0798566, 0) (0.249294, 0) (0.124111, 0) (-0.175521, 0) (0.124111, 0) (-0.12402, 0) (0.175389, 0) (-0.12402, 0) (-0.249444, 0) (0.079785, 0) (0.103324, 0) (-0.0330397, 0) (0.103324, 0) (-0.0330397, 0) (-0.249444, 0) (0.079785, 0) (0.263603, 0) (-0.37279, 0) (0.263603, 0) 
0 2.23404 0 (0.263458, 0) (-0.372587, 0) (0.263458, 0) (-0.0798566, 0) (-0.249294, 0) (0.033086, 0) (0.10326, 0) (0.033086, 0) (0.10326, 0) (-0.0798566, 0) (-0.249294, 0) (0.124111, 0) (-0.175521, 0) (0.124111, 0) (0.12402, 0) (-0.175389, 0) (0.12402, 0) (-0.249444, 0) (-0.079785, 0) (0.103324, 0) (0.0330397, 0) (0.103324, 0) (0.0330397, 0) (-0.249444, 0) (-0.079785, 0) (0.263603, 0) (-0.37279, 0) (0.263603, 0) 
1 2.23406 0 (0.263604, 0) (-0.372792, 0) (0.263604, 0) (-0.0797833, 0) (-0.249444, 0) (0.033039, 0) (0.103324, 0) (0.033039, 0) (0.103324, 0) (-0.0797833, 0) (-0.249444, 0) (0.124019, 0) (-0.175387, 0) (0.124019, 0) (0.124109, 0) (-0.175519, 0) (0.124109, 0) (-0.249294, 0) (-0.0798549, 0) (0.10326, 0) (0.0330853, 0) (0.10326, 0) (0.0330853, 0) (-0.249294, 0) (-0.0798549, 0) (0.263459, 0) (-0.372588, 0) (0.263459, 0) 
0 3.65748 0 (0.281425, 0) (-2.45514e-17, 0) (-0.281425, 0) (-0.0991508, 0) (-0.211566, 0) (-0.0991765, 0) (-0.211547, 0) (0.0991765, 0) (0.211547, 0) (0.0991508, 0) (0.211566, 0) (0.248245, 0) (-7.97777e-17, 0) (-0.248245, 0) (0.248206, 0) (-2.72433e-16, 0) (-0.248206, 0) (-0.211565, 0) (-0.0991516, 0) (-0.211583, 0) (-0.0991271, 0) (0.211583, 0) (0.0991271, 0) (0.211565, 0) (0.0991516, 0) (0.281433, 0) (-6.83905e-17, 0) (-0.281433, 0) 
1 3.65749 0 (0.281434, 0) (-3.7735e-16, 0) (-0.281434, 0) (-0.0991513, 0) (-0.211564, 0) (-0.0991257, 0) (-0.211584, 0) (0.0991257, 0) (0.211584, 0) (0.0991513, 0) (0.211564, 0) (0.248205, 0) (-5.03249e-16, 0) (-0.248205, 0) (0.248244, 0) (2.09318e-16, 0) (-0.248244, 0) (-0.211566, 0) (-0.0991506, 0) (-0.211548, 0) (-0.0991751, 0) (0.211548, 0) (0.0991751, 0) (0.211566, 0) (0.0991506, 0) (0.281426, 0) (2.76673e-16, 0) (-0.281426, 0) 
1 4.09441 0 (0.180125, 0) (-0.254714, 0) (0.180125, 0) (-0.266376, 0) (0.0506907, 0) (0.110326, 0) (-0.0210072, 0) (0.110326, 0) (-0.0210072, 0) (-0.266376, 0) (0.0506907, 0) (0.22246, 0) (-0.314585, 0) (0.22246, 0) (-0.222445, 0) (0.314606, 0) (-0.222445, 0) (-0.0507383, 0) (0.266412, 0) (0.0210061, 0) (-0.110362, 0) (0.0210061, 0) (-0.110362, 0) (-0.0507383, 0) (0.266412, 0) (-0.180083, 0) (0.254697, 0) (-0.180083, 0) 
0 4.09442 0 (0.180081, 0) (-0.254694, 0) (0.180081, 0) (-0.266413, 0) (0.0507396, 0) (0.110363, 0) (-0.0210066, 0) (0.110363, 0) (-0.0210066, 0) (-0.266413, 0) (0.0507396, 0) (0.222445, 0) (-0.314606, 0) (0.222445, 0) (-0.22246, 0) (0.314585, 0) (-0.22246, 0) (-0.0506921, 0) (0.266378, 0) (0.0210077, 0) (-0.110327, 0) (0.0210077, 0) (-0.110327, 0) (-0.0506921, 0) (0.266378, 0) (-0.180123, 0) (0.254711, 0) (-0.180123, 0) 
1 4.45497 0 (1.10808e-05, 0) (-2.23901e-16, 0) (-1.10808e-05, 0) (-1.01231e-05, 0) (-9.57349e-07, 0) (-9.56501e-07, 0) (-1.01243e-05, 0) (9.56501e-07, 0) (1.01243e-05, 0) (1.01231e-05, 0) (9.57349e-07, 0) (1.10803e-05, 0) (-1.1995e-16, 0) (-1.10803e-05, 0) (9.23639e-10, 0) (-1.25647e-16, 0) (-9.23639e-10, 0) (0.353539, 0) (-0.353566, 0) (-0.353551, 0) (0.353557, 0) (0.353551, 0) (-0.353557, 0) (-0.353539, 0) (0.353566, 0) (8.82079e-06, 0) (-2.41571e-16, 0) (-8.82079e-06, 0) 
0 4.45497 0 (8.33191e-06, 0) (2.87262e-16, 0) (-8.33191e-06, 0) (-0.353568, 0) (0.353537, 0) (0.353559, 0) (-0.353549, 0) (-0.353559, 0) (0.353549, 0) (0.353568, 0) (-0.353537, 0) (9.10986e-10, 0) (-1.37856e-16, 0) (-9.10987e-10, 0) (1.20176e-05, 0) (-9.77407e-16, 0) (-1.20176e-05, 0) (-1.42347e-06, 0) (-1.05942e-05, 0) (-1.05954e-05, 0) (-1.4226e-06, 0) (1.05954e-05, 0) (1.4226e-06, 0) (1.42347e-06, 0) (1.05942e-05, 0) (1.2018e-05, 0) (-1.01939e-15, 0) (-1.2018e-05, 0) 
1 4.45502 0 (8.33073e-06, 0) (-4.07934e-17, 0) (-8.33073e-06, 0) (0.353539, 0) (-0.353569, 0) (-0.353548, 0) (0.353557, 0) (0.353548, 0) (-0.353557, 0) (-0.353539, 0) (0.353569, 0) (-9.1228e-10, 0) (-3.58057e-16, 0) (9.12281e-10, 0) (1.20232e-05, 0) (3.48782e-16, 0) (-1.20232e-05, 0) (-1.42793e-06, 0) (-1.05951e-05, 0) (-1.05939e-05, 0) (-1.42881e-06, 0) (1.05939e-05, 0) (1.42881e-06, 0) (1.42793e-06, 0) (1.05951e-05, 0) (1.20227e-05, 0) (3.30131e-16, 0) (-1.20227e-05, 0) 
0 4.45503 0 (-1.10782e-05, 0) (-6.23651e-16, 0) (1.10782e-05, 0) (1.01254e-05, 0) (9.53225e-07, 0) (9.54072e-07, 0) (1.01242e-05, 0) (-9.54072e-07, 0) (-1.01242e-05, 0) (-1.01254e-05, 0) (-9.53225e-07, 0) (-1.10788e-05, 0) (-5.8991e-16, 0) (1.10788e-05, 0) (9.22536e-10, 0) (-9.55903e-16, 0) (-9.22536e-10, 0) (0.353567, 0) (-0.353541, 0) (-0.353556, 0) (0.353549, 0) (0.353556, 0) (-0.353549, 0) (-0.353567, 0) (0.353541, 0) (-8.82162e-06, 0) (-9.18389e-16, 0) (8.82162e-06, 0) 
0 4.75143 0 (-0.18076, 0) (-0.255612, 0) (-0.18076, 0) (0.0587642, 0) (0.115547, 0) (0.141861, 0) (0.278943, 0) (0.141861, 0) (0.278943, 0) (0.0587642, 0) (0.115547, 0) (-0.187009, 0) (-0.26443, 0) (-0.187009, 0) (-0.186959, 0) (-0.264439, 0) (-0.186959, 0) (0.115543, 0) (0.0587402, 0) (0.278958, 0) (0.141821, 0) (0.278958, 0) (0.141821, 0) (0.115543, 0) (0.0587402, 0) (-0.180735, 0) (-0.25562, 0) (-0.180735, 0) 
1 4.75144 0 (-0.180736, 0) (-0.255621, 0) (-0.180736, 0) (0.0587402, 0) (0.115543, 0) (0.14182, 0) (0.278959, 0) (0.14182, 0) (0.278959, 0) (0.0587402, 0) (0.115543, 0) (-0.186958, 0) (-0.264439, 0) (-0.186958, 0) (-0.187008, 0) (-0.26443, 0) (-0.187008, 0) (0.115547, 0) (0.0587643, 0) (0.278943, 0) (0.14186, 0) (0.278943, 0) (0.14186, 0) (0.115547, 0) (0.0587643, 0) (-0.180761, 0) (-0.255612, 0) (-0.180761, 0) 
1 5.31206 0 (-0.310312, 0) (-2.40876e-15, 0) (0.310312, 0) (0.204387, 0) (0.0410346, 0) (0.204394, 0) (0.0410275, 0) (-0.204394, 0) (-0.0410275, 0) (-0.204387, 0) (-0.0410346, 0) (-0.258444, 0) (3.7457e-16, 0) (0.258444, 0) (0.258432, 0) (2.8957e-16, 0) (-0.258432, 0) (-0.041003, 0) (-0.20441, 0) (-0.0410089, 0) (-0.204405, 0) (0.0410089, 0) (0.204405, 0) (0.041003, 0) (0.20441, 0) (0.310291, 0) (-2.07274e-15, 0) (-0.310291, 0) 
0 5.31206 0 (0.310289, 0) (1.16186e-15, 0) (-0.310289, 0) (-0.204412, 0) (-0.0410016, 0) (-0.204405, 0) (-0.0410087, 0) (0.204405, 0) (0.0410087, 0) (0.204412, 0) (0.0410016, 0) (0.258432, 0) (-2.33758e-15, 0) (-0.258432, 0) (-0.258444, 0) (-1.04369e-15, 0) (0.258444, 0) (0.0410332, 0) (0.204389, 0) (0.0410273, 0) (0.204395, 0) (-0.0410273, 0) (-0.204395, 0) (-0.0410332, 0) (-0.204389, 0) (-0.31031, 0) (1.25153e-15, 0) (0.31031, 0) 
1 5.39084 0 (0.134207, 0) (-0.189778, 0) (0.134207, 0) (-0.308471, 0) (0.281198, 0) (0.127761, 0) (-0.116479, 0) (0.127761, 0) (-0.116479, 0) (-0.308471, 0) (0.281198, 0) (-0.0701656, 0) (0.099251, 0) (-0.0701656, 0) (-0.0702311, 0) (0.0992991, 0) (-0.0702311, 0) (0.281217, 0) (-0.308482, 0) (-0.116481, 0) (0.12779, 0) (-0.116481, 0) (0.12779, 0) (0.281217, 0) (-0.308482, 0) (0.134175, 0) (-0.189772, 0) (0.134175, 0) 
0 5.39084 0 (0.134174, 0) (-0.189771, 0) (0.134174, 0) (-0.308484, 0) (0.281216, 0) (0.12779, 0) (-0.116481, 0) (0.12779, 0) (-0.116481, 0) (-0.308484, 0) (0.281216, 0) (-0.0702308, 0) (0.0992994, 0) (-0.0702308, 0) (-0.0701652, 0) (0.0992513, 0) (-0.0701652, 0) (0.281197, 0) (-0.308473, 0) (-0.116479, 0) (0.127761, 0) (-0.116479, 0) (0.127761, 0) (0.281197, 0) (-0.308473, 0) (0.134207, 0) (-0.189776, 0) (0.134207, 0) 
1 6.23047 0 (-0.0714702, 0) (0.101087, 0) (-0.0714702, 0) (0.202232, 0) (-0.263756, 0) (-0.0837712, 0) (0.109244, 0) (-0.0837712, 0) (0.109244, 0) (0.202232, 0) (-0.263756, 0) (0.23494, 0) (-0.332245, 0) (0.23494, 0) (-0.234931, 0) (0.332255, 0) (-0.234931, 0) (0.263706, 0) (-0.202206, 0) (-0.109238, 0) (0.0837507, 0) (-0.109238, 0) (0.0837507, 0) (0.263706, 0) (-0.202206, 0) (0.0714592, 0) (-0.101042, 0) (0.0714592, 0) 
0 6.23047 0 (-0.0714573, 0) (0.101043, 0) (-0.0714573, 0) (0.202206, 0) (-0.263706, 0) (-0.0837523, 0) (0.109238, 0) (-0.0837523, 0) (0.109238, 0) (0.202206, 0) (-0.263706, 0) (0.234933, 0) (-0.332255, 0) (0.234933, 0) (-0.234941, 0) (0.332245, 0) (-0.234941, 0) (0.263755, 0) (-0.202231, 0) (-0.109243, 0) (0.0837728, 0) (-0.109243, 0) (0.0837728, 0) (0.263755, 0) (-0.202231, 0) (0.0714684, 0) (-0.101088, 0) (0.0714684, 0) 
0 6.33922 0 (0.223294, 0) (0.315761, 0) (0.223294, 0) (-0.111059, 0) (-0.0347385, 0) (-0.268087, 0) (-0.0838926, 0) (-0.268087, 0) (-0.0838926, 0) (-0.111059, 0) (-0.0347385, 0) (0.170043, 0) (0.240485, 0) (0.170043, 0) (-0.17007, 0) (-0.24051, 0) (-0.17007, 0) (0.0347783, 0) (0.111024, 0) (0.08394, 0) (0.268064, 0) (0.08394, 0) (0.268064, 0) (0.0347783, 0) (0.111024, 0) (-0.223286, 0) (-0.315798, 0) (-0.223286, 0) 
1 6.33922 0 (0.223286, 0) (0.315799, 0) (0.223286, 0) (-0.111022, 0) (-0.0347801, 0) (-0.268063, 0) (-0.0839402, 0) (-0.268063, 0) (-0.0839402, 0) (-0.111022, 0) (-0.0347801, 0) (0.170071, 0) (0.240508, 0) (0.170071, 0) (-0.170044, 0) (-0.240483, 0) (-0.170044, 0) (0.0347404, 0) (0.111057, 0) (0.0838928, 0) (0.268086, 0) (0.0838928, 0) (0.268086, 0) (0.0347404, 0) (0.111057, 0) (-0.223295, 0) (-0.315762, 0) (-0.223295, 0) 
1 6.86129 0 (-0.240328, 0) (-1.19112e-16, 0) (0.240328, 0) (0.227246, 0) (-0.189455, 0) (0.227243, 0) (-0.189448, 0) (-0.227243, 0) (0.189448, 0) (-0.227246, 0) (0.189455, 0) (0.131038, 0) (-2.71279e-16, 0) (-0.131038, 0) (0.131076, 0) (1.4442e-16, 0) (-0.131076, 0) (-0.189459, 0) (0.227249, 0) (-0.189466, 0) (0.227252, 0) (0.189466, 0) (-0.227252, 0) (0.189459, 0) (-0.227249, 0) (-0.24031, 0) (8.7488e-17, 0) (0.24031, 0) 
0 6.86129 0 (0.24031, 0) (1.61516e-16, 0) (-0.24031, 0) (-0.22725, 0) (0.189459, 0) (-0.227253, 0) (0.189466, 0) (0.227253, 0) (-0.189466, 0) (0.22725, 0) (-0.189459, 0) (-0.131076, 0) (2.64478e-16, 0) (0.131076, 0) (-0.131038, 0) (-3.34778e-16, 0) (0.131038, 0) (0.189455, 0) (-0.227246, 0) (0.189448, 0) (-0.227243, 0) (-0.189448, 0) (0.227243, 0) (-0.189455, 0) (0.227246, 0) (0.240327, 0) (-4.15004e-16, 0) (-0.240327, 0) 
1 7.90671 0 (0.129463, 0) (7.43787e-15, 0) (-0.129463, 0) (-0.147479, 0) (0.206564, 0) (-0.147477, 0) (0.206558, 0) (0.147477, 0) (-0.206558, 0) (0.147479, 0) (-0.206564, 0) (-0.323138, 0) (-4.58348e-15, 0) (0.323138, 0) (0.323137, 0) (-4.26922e-15, 0) (-0.323137, 0) (-0.206541, 0) (0.147466, 0) (-0.206547, 0) (0.147469, 0) (0.206547, 0) (-0.147469, 0) (0.206541, 0) (-0.147466, 0) (-0.129442, 0) (7.51897e-15, 0) (0.129442, 0) 
0 7.90672 0 (-0.129442, 0) (-1.31621e-14, 0) (0.129442, 0) (0.147466, 0) (-0.20654, 0) (0.147468, 0) (-0.206546, 0) (-0.147468, 0) (0.206546, 0) (-0.147466, 0) (0.20654, 0) (0.323138, 0) (6.9114e-15, 0) (-0.323138, 0) (-0.323139, 0) (7.56187e-15, 0) (0.323139, 0) (0.206563, 0) (-0.14748, 0) (0.206557, 0) (-0.147477, 0) (-0.206557, 0) (0.147477, 0) (-0.206563, 0) (0.14748, 0) (0.129462, 0) (-1.31279e-14, 0) (-0.129462, 0) 
0 7.93744 0 (0.180777, 0) (0.255648, 0) (0.180777, 0) (-0.121247, 0) (0.0968473, 0) (-0.292714, 0) (0.233817, 0) (-0.292714, 0) (0.233817, 0) (-0.121247, 0) (0.0968473, 0) (-0.100523, 0) (-0.142165, 0) (-0.100523, 0) (-0.100493, 0) (-0.142114, 0) (-0.100493, 0) (0.0968429, 0) (-0.121249, 0) (0.233792, 0) (-0.292722, 0) (0.233792, 0) (-0.292722, 0) (0.0968429, 0) (-0.121249, 0) (0.180797, 0) (0.255694, 0) (0.180797, 0) 
1 7.93745 0 (0.180797, 0) (0.255695, 0) (0.180797, 0) (-0.121248, 0) (0.0968429, 0) (-0.292722, 0) (0.233793, 0) (-0.292722, 0) (0.233793, 0) (-0.121248, 0) (0.0968429, 0) (-0.100493, 0) (-0.142114, 0) (-0.100493, 0) (-0.100522, 0) (-0.142165, 0) (-0.100522, 0) (0.0968473, 0) (-0.121247, 0) (0.233817, 0) (-0.292713, 0) (0.233817, 0) (-0.292713, 0) (0.0968473, 0) (-0.121247, 0) (0.180778, 0) (0.255649, 0) (0.180778, 0) 
1 9.04966 0 (-0.0989405, 0) (-0.139927, 0) (-0.0989405, 0) (0.0782904, 0) (-0.112583, 0) (0.189009, 0) (-0.271793, 0) (0.189009, 0) (-0.271793, 0) (0.0782904, 0) (-0.112583, 0) (0.225867, 0) (0.319423, 0) (0.225867, 0) (-0.225867, 0) (-0.319427, 0) (-0.225867, 0) (0.112573, 0) (-0.0782837, 0) (0.271782, 0) (-0.188994, 0) (0.271782, 0) (-0.188994, 0) (0.112573, 0) (-0.0782837, 0) (0.0989253, 0) (0.139898, 0) (0.0989253, 0) 
0 9.04966 0 (-0.0989248, 0) (-0.139897, 0) (-0.0989248, 0) (0.0782838, 0) (-0.112573, 0) (0.188994, 0) (-0.271781, 0) (0.188994, 0) (-0.271781, 0) (0.0782838, 0) (-0.112573, 0) (0.225868, 0) (0.319427, 0) (0.225868, 0) (-0.225868, 0) (-0.319423, 0) (-0.225868, 0) (0.112583, 0) (-0.0782905, 0) (0.271792, 0) (-0.189009, 0) (0.271792, 0) (-0.189009, 0) (0.112583, 0) (-0.0782905, 0) (0.09894, 0) (0.139926, 0) (0.09894, 0) 
