0 -5.94466 1 (-0.0989351, 0) (-0.139917, 0) (-0.0989351, 0) (-0.0782882, 0) (-0.112579, 0) (-0.189004, 0) (-0.271789, 0) (-0.189004, 0) (-0.271789, 0) (-0.0782882, 0) (-0.112579, 0) (-0.225867, 0) (-0.319424, 0) (-0.225868, 0) (-0.225867, 0) (-0.319425, 0) (-0.225867, 0) (-0.112576, 0) (-0.078286, 0) (-0.271785, 0) (-0.188999, 0) (-0.271785, 0) (-0.188999, 0) (-0.112576, 0) (-0.0782861, 0) (-0.0989302, 0) (-0.139907, 0) (-0.0989302, 0) 
1 -5.94466 1 (-0.0989302, 0) (-0.139907, 0) (-0.0989302, 0) (-0.0782861, 0) (-0.112576, 0) (-0.188999, 0) (-0.271785, 0) (-0.188999, 0) (-0.271785, 0) (-0.078286, 0) (-0.112576, 0) (-0.225867, 0) (-0.319425, 0) (-0.225867, 0) (-0.225868, 0) (-0.319424, 0) (-0.225867, 0) (-0.112579, 0) (-0.0782882, 0) (-0.271789, 0) (-0.189004, 0) (-0.271789, 0) (-0.189004, 0) (-0.112579, 0) (-0.0782882, 0) (-0.0989351, 0) (-0.139917, 0) (-0.0989351, 0) 
0 -4.83245 1 (-0.18079, 0) (-0.255679, 0) (-0.18079, 0) (-0.121248, 0) (-0.0968445, 0) (-0.292719, 0) (-0.233801, 0) (-0.292719, 0) (-0.233801, 0) (-0.121248, 0) (-0.0968443, 0) (-0.100503, 0) (-0.142131, 0) (-0.100503, 0) (0.100512, 0) (0.142148, 0) (0.100513, 0) (0.0968458, 0) (0.121247, 0) (0.233809, 0) (0.292716, 0) (0.233809, 0) (0.292716, 0) (0.0968459, 0) (0.121247, 0) (0.180784, 0) (0.255664, 0) (0.180784, 0) 
1 -4.83245 1 (0.180784, 0) (0.255664, 0) (0.180784, 0) (0.121247, 0) (0.0968458, 0) (0.292716, 0) (0.233809, 0) (0.292716, 0) (0.233809, 0) (0.121247, 0) (0.0968459, 0) (0.100512, 0) (0.142148, 0) (0.100513, 0) (-0.100503, 0) (-0.142131, 0) (-0.100503, 0) (-0.0968444, 0) (-0.121248, 0) (-0.233801, 0) (-0.292719, 0) (-0.233801, 0) (-0.292719, 0) (-0.0968443, 0) (-0.121248, 0) (-0.18079, 0) (-0.255679, 0) (-0.18079, 0) 
1 -4.80172 1 (0.129449, 0) (5.71393e-08, 0) (-0.129449, 0) (0.147471, 0) (0.206548, 0) (0.147472, 0) (0.20655, 0) (-0.147471, 0) (-0.20655, 0) (-0.147471, 0) (-0.206548, 0) (0.323138, 0) (1.67615e-08, 0) (-0.323138, 0) (0.323138, 0) (-6.44494e-08, 0) (-0.323138, 0) (0.206556, 0) (0.147475, 0) (0.206554, 0) (0.147474, 0) (-0.206554, 0) (-0.147474, 0) (-0.206556, 0) (-0.147475, 0) (0.129456, 0) (-8.55799e-08, 0) (-0.129456, 0) 
0 -4.80172 1 (0.129456, 0) (-5.72032e-08, 0) (-0.129456, 0) (0.147475, 0) (0.206556, 0) (0.147474, 0) (0.206554, 0) (-0.147474, 0) (-0.206554, 0) (-0.147475, 0) (-0.206556, 0) (0.323138, 0) (-1.67916e-08, 0) (-0.323138, 0) (0.323138, 0) (6.44866e-08, 0) (-0.323138, 0) (0.206548, 0) (0.147471, 0) (0.20655, 0) (0.147472, 0) (-0.20655, 0) (-0.147471, 0) (-0.206548, 0) (-0.147471, 0) (0.129449, 0) (8.56348e-08, 0) (-0.129449, 0) 
0 -3.75629 1 (0.240322, 0) (6.57898e-10, 0) (-0.240322, 0) (0.227247, 0) (0.189456, 0) (0.227246, 0) (0.189454, 0) (-0.227246, 0) (-0.189454, 0) (-0.227247, 0) (-0.189456, 0) (0.131051, 0) (-2.47286e-08, 0) (-0.131051, 0) (-0.131063, 0) (-1.68471e-08, 0) (0.131063, 0) (-0.189457, 0) (-0.227248, 0) (-0.18946, 0) (-0.227249, 0) (0.18946, 0) (0.227249, 0) (0.189457, 0) (0.227249, 0) (-0.240316, 0) (2.58949e-08, 0) (0.240316, 0) 
1 -3.75629 1 (0.240316, 0) (-6.60855e-10, 0) (-0.240316, 0) (0.227249, 0) (0.189457, 0) (0.227249, 0) (0.18946, 0) (-0.227249, 0) (-0.18946, 0) (-0.227248, 0) (-0.189457, 0) (0.131063, 0) (2.47216e-08, 0) (-0.131063, 0) (-0.131051, 0) (1.68424e-08, 0) (0.131051, 0) (-0.189456, 0) (-0.227247, 0) (-0.189454, 0) (-0.227246, 0) (0.189454, 0) (0.227246, 0) (0.189456, 0) (0.227247, 0) (-0.240322, 0) (-2.58953e-08, 0) (0.240322, 0) 
1 -3.23422 1 (-0.223292, 0) (-0.315774, 0) (-0.223292, 0) (-0.111046, 0) (0.0347528, 0) (-0.268079, 0) (0.0839086, 0) (-0.268079, 0) (0.0839086, 0) (-0.111046, 0) (0.0347529, 0) (0.170052, 0) (0.240492, 0) (0.170052, 0) (0.170061, 0) (0.240501, 0) (0.170061, 0) (0.0347659, 0) (-0.111035, 0) (0.0839242, 0) (-0.268071, 0) (0.0839242, 0) (-0.268071, 0) (0.0347659, 0) (-0.111035, 0) (-0.223289, 0) (-0.315786, 0) (-0.223289, 0) 
0 -3.23422 1 (0.223289, 0) (0.315786, 0) (0.223289, 0) (0.111035, 0) (-0.0347658, 0) (0.268071, 0) (-0.0839243, 0) (0.268071, 0) (-0.0839242, 0) (0.111035, 0) (-0.0347657, 0) (-0.170061, 0) (-0.240501, 0) (-0.170061, 0) (-0.170052, 0) (-0.240493, 0) (-0.170052, 0) (-0.0347528, 0) (0.111046, 0) (-0.0839086, 0) (0.268079, 0) (-0.0839086, 0) (0.268079, 0) (-0.0347528, 0) (0.111046, 0) (0.223292, 0) (0.315774, 0) (0.223292, 0) 
0 -3.12547 1 (0.0714655, 0) (-0.101072, 0) (0.0714655, 0) (0.202223, 0) (0.263738, 0) (-0.0837651, 0) (-0.109242, 0) (-0.0837651, 0) (-0.109242, 0) (0.202223, 0) (0.263738, 0) (0.234938, 0) (-0.332248, 0) (0.234938, 0) (0.234935, 0) (-0.332252, 0) (0.234935, 0) (0.263723, 0) (0.202215, 0) (-0.10924, 0) (-0.0837586, 0) (-0.10924, 0) (-0.0837586, 0) (0.263723, 0) (0.202215, 0) (0.071462, 0) (-0.101058, 0) (0.0714619, 0) 
1 -3.12547 1 (-0.071462, 0) (0.101058, 0) (-0.0714621, 0) (-0.202215, 0) (-0.263723, 0) (0.0837585, 0) (0.10924, 0) (0.0837585, 0) (0.10924, 0) (-0.202215, 0) (-0.263723, 0) (-0.234935, 0) (0.332252, 0) (-0.234935, 0) (-0.234937, 0) (0.332248, 0) (-0.234938, 0) (-0.263738, 0) (-0.202223, 0) (0.109242, 0) (0.083765, 0) (0.109242, 0) (0.083765, 0) (-0.263738, 0) (-0.202223, 0) (-0.0714656, 0) (0.101072, 0) (-0.0714656, 0) 
1 -2.28584 1 (0.134185, 0) (-0.189773, 0) (0.134185, 0) (0.308479, 0) (0.28121, 0) (-0.12778, 0) (-0.11648, 0) (-0.12778, 0) (-0.11648, 0) (0.308479, 0) (0.28121, 0) (0.0702086, 0) (-0.0992827, 0) (0.0702086, 0) (-0.0701877, 0) (0.0992676, 0) (-0.0701877, 0) (-0.281204, 0) (-0.308476, 0) (0.11648, 0) (0.127771, 0) (0.116479, 0) (0.127771, 0) (-0.281204, 0) (-0.308476, 0) (-0.134196, 0) (0.189775, 0) (-0.134196, 0) 
0 -2.28584 1 (-0.134196, 0) (0.189775, 0) (-0.134196, 0) (-0.308476, 0) (-0.281204, 0) (0.127771, 0) (0.11648, 0) (0.127771, 0) (0.11648, 0) (-0.308476, 0) (-0.281204, 0) (-0.0701877, 0) (0.0992677, 0) (-0.0701877, 0) (0.0702086, 0) (-0.0992827, 0) (0.0702086, 0) (0.28121, 0) (0.308479, 0) (-0.11648, 0) (-0.12778, 0) (-0.11648, 0) (-0.12778, 0) (0.28121, 0) (0.308479, 0) (0.134185, 0) (-0.189773, 0) (0.134185, 0) 
0 -2.20706 1 (-0.310304, 0) (2.32725e-09, 0) (0.310304, 0) (-0.204396, 0) (0.0410233, 0) (-0.204398, 0) (0.0410212, 0) (0.204398, 0) (-0.0410212, 0) (0.204396, 0) (-0.0410232, 0) (0.25844, 0) (1.61291e-08, 0) (-0.25844, 0) (0.258436, 0) (7.50827e-10, 0) (-0.258436, 0) (0.0410129, 0) (-0.204403, 0) (0.041015, 0) (-0.204401, 0) (-0.041015, 0) (0.204401, 0) (-0.0410129, 0) (0.204403, 0) (-0.310297, 0) (4.2616e-09, 0) (0.310297, 0) 
1 -2.20706 1 (0.310297, 0) (2.33608e-09, 0) (-0.310297, 0) (0.204403, 0) (-0.0410128, 0) (0.204401, 0) (-0.041015, 0) (-0.204401, 0) (0.041015, 0) (-0.204403, 0) (0.0410129, 0) (-0.258436, 0) (1.61303e-08, 0) (0.258436, 0) (-0.25844, 0) (7.51871e-10, 0) (0.25844, 0) (-0.0410233, 0) (0.204396, 0) (-0.0410212, 0) (0.204398, 0) (0.0410212, 0) (-0.204398, 0) (0.0410233, 0) (-0.204396, 0) (0.310304, 0) (4.24713e-09, 0) (-0.310304, 0) 
0 -1.64644 1 (-0.180744, 0) (-0.255618, 0) (-0.180744, 0) (-0.0587482, 0) (0.115545, 0) (-0.141834, 0) (0.278953, 0) (-0.141834, 0) (0.278953, 0) (-0.0587483, 0) (0.115544, 0) (0.186975, 0) (0.264436, 0) (0.186975, 0) (-0.186992, 0) (-0.264433, 0) (-0.186991, 0) (-0.115546, 0) (0.0587562, 0) (-0.278948, 0) (0.141847, 0) (-0.278948, 0) (0.141847, 0) (-0.115546, 0) (0.0587561, 0) (0.180752, 0) (0.255615, 0) (0.180752, 0) 
1 -1.64644 1 (0.180752, 0) (0.255615, 0) (0.180752, 0) (0.0587562, 0) (-0.115546, 0) (0.141847, 0) (-0.278948, 0) (0.141847, 0) (-0.278948, 0) (0.0587561, 0) (-0.115546, 0) (-0.186992, 0) (-0.264433, 0) (-0.186992, 0) (0.186975, 0) (0.264436, 0) (0.186975, 0) (0.115544, 0) (-0.0587483, 0) (0.278953, 0) (-0.141834, 0) (0.278953, 0) (-0.141834, 0) (0.115544, 0) (-0.0587483, 0) (-0.180744, 0) (-0.255618, 0) (-0.180744, 0) 
1 -1.35001 1 (-3.73606e-06, 0) (5.91792e-08, 0) (3.6776e-06, 0) (-3.55395e-06, 0) (1.82151e-07, 0) (-1.82238e-07, 0) (3.49464e-06, 0) (2.41421e-07, 0) (-3.49536e-06, 0) (3.4363e-06, 0) (-2.41335e-07, 0) (3.73611e-06, 0) (-5.918e-08, 0) (-3.67765e-06, 0) (5.92723e-08, 0) (-5.84632e-08, 0) (5.9087e-08, 0) (-0.353558, 0) (-0.353549, 0) (0.353555, 0) (0.353552, 0) (-0.353555, 0) (-0.353552, 0) (0.353558, 0) (0.353549, 0) (2.72761e-06, 0) (3.03211e-08, 0) (-2.78855e-06, 0) 
0 -1.35001 1 (-2.81095e-06, 0) (1.41057e-07, 0) (2.68303e-06, 0) (0.353549, 0) (0.353558, 0) (-0.353552, 0) (-0.353555, 0) (0.353552, 0) (0.353554, 0) (-0.353549, 0) (-0.353558, 0) (7.49977e-08, 0) (-1.54032e-07, 0) (7.5185e-08, 0) (-3.66533e-06, 0) (-7.50905e-08, 0) (3.81937e-06, 0) (-2.67032e-07, 0) (3.39829e-06, 0) (-3.47326e-06, 0) (2.67118e-07, 0) (3.5522e-06, 0) (-1.92023e-07, 0) (1.91935e-07, 0) (-3.62742e-06, 0) (3.66529e-06, 0) (7.50902e-08, 0) (-3.81931e-06, 0) 
1 -1.34999 1 (2.81096e-06, 0) (-1.41056e-07, 0) (-2.68305e-06, 0) (0.353558, 0) (0.353549, 0) (-0.353555, 0) (-0.353552, 0) (0.353555, 0) (0.353552, 0) (-0.353558, 0) (-0.353549, 0) (-7.51915e-08, 0) (1.54045e-07, 0) (-7.50041e-08, 0) (3.6651e-06, 0) (7.50986e-08, 0) (-3.81915e-06, 0) (2.66997e-07, 0) (-3.39812e-06, 0) (3.47334e-06, 0) (-2.66911e-07, 0) (-3.55229e-06, 0) (1.91816e-07, 0) (-1.91905e-07, 0) (3.62725e-06, 0) (-3.66515e-06, 0) (-7.50989e-08, 0) (3.8192e-06, 0) 
0 -1.34999 1 (-3.73594e-06, 0) (5.91845e-08, 0) (3.67747e-06, 0) (-3.55377e-06, 0) (1.8213e-07, 0) (-1.82043e-07, 0) (3.49472e-06, 0) (2.41224e-07, 0) (-3.49543e-06, 0) (3.43612e-06, 0) (-2.4131e-07, 0) (3.73589e-06, 0) (-5.91837e-08, 0) (-3.67742e-06, 0) (5.90914e-08, 0) (-5.84715e-08, 0) (5.92767e-08, 0) (0.353549, 0) (0.353558, 0) (-0.353552, 0) (-0.353555, 0) (0.353552, 0) (0.353555, 0) (-0.353549, 0) (-0.353558, 0) (2.72762e-06, 0) (3.03232e-08, 0) (-2.78857e-06, 0) 
1 -0.989419 1 (-0.180096, 0) (0.254701, 0) (-0.180096, 0) (-0.2664, 0) (-0.0507228, 0) (0.11035, 0) (0.0210066, 0) (0.11035, 0) (0.0210069, 0) (-0.266401, 0) (-0.0507231, 0) (0.22245, 0) (-0.314599, 0) (0.22245, 0) (0.222455, 0) (-0.314592, 0) (0.222455, 0) (-0.0507074, 0) (-0.266389, 0) (0.021007, 0) (0.110338, 0) (0.0210071, 0) (0.110339, 0) (-0.0507075, 0) (-0.266389, 0) (-0.18011, 0) (0.254707, 0) (-0.18011, 0) 
0 -0.989419 1 (-0.18011, 0) (0.254707, 0) (-0.18011, 0) (-0.266389, 0) (-0.0507076, 0) (0.110339, 0) (0.0210072, 0) (0.110338, 0) (0.0210069, 0) (-0.266389, 0) (-0.0507073, 0) (0.222455, 0) (-0.314592, 0) (0.222455, 0) (0.22245, 0) (-0.314599, 0) (0.22245, 0) (-0.050723, 0) (-0.266401, 0) (0.0210069, 0) (0.11035, 0) (0.0210067, 0) (0.11035, 0) (-0.0507229, 0) (-0.2664, 0) (-0.180096, 0) (0.254701, 0) (-0.180096, 0) 
0 -0.552486 1 (-0.281431, 0) (1.1783e-07, 0) (0.281431, 0) (-0.0991511, 0) (0.211565, 0) (-0.0991429, 0) (0.211571, 0) (0.099143, 0) (-0.211571, 0) (0.0991511, 0) (-0.211565, 0) (0.248219, 0) (-4.66359e-08, 0) (-0.248219, 0) (-0.248231, 0) (2.93929e-08, 0) (0.248232, 0) (-0.211566, 0) (0.0991511, 0) (-0.21156, 0) (0.0991591, 0) (0.21156, 0) (-0.0991592, 0) (0.211566, 0) (-0.0991511, 0) (0.281428, 0) (-4.50772e-08, 0) (-0.281428, 0) 
1 -0.552486 1 (-0.281428, 0) (-1.17829e-07, 0) (0.281428, 0) (-0.0991511, 0) (0.211566, 0) (-0.0991592, 0) (0.21156, 0) (0.0991591, 0) (-0.21156, 0) (0.0991511, 0) (-0.211566, 0) (0.248232, 0) (4.6649e-08, 0) (-0.248231, 0) (-0.248219, 0) (-2.93743e-08, 0) (0.248219, 0) (-0.211565, 0) (0.0991511, 0) (-0.211571, 0) (0.099143, 0) (0.211571, 0) (-0.099143, 0) (0.211565, 0) (-0.099151, 0) (0.281431, 0) (4.50659e-08, 0) (-0.281431, 0) 
0 0.870948 1 (0.263555, 0) (-0.372722, 0) (0.263555, 0) (0.0798081, 0) (-0.249393, 0) (-0.033055, 0) (0.103303, 0) (-0.0330548, 0) (0.103303, 0) (0.0798081, 0) (-0.249393, 0) (-0.12405, 0) (0.175432, 0) (-0.12405, 0) (0.124079, 0) (-0.175475, 0) (0.124079, 0) (0.249345, 0) (-0.0798318, 0) (-0.103282, 0) (0.0330702, 0) (-0.103282, 0) (0.0330701, 0) (0.249345, 0) (-0.0798318, 0) (-0.263508, 0) (0.372656, 0) (-0.263508, 0) 
1 0.870948 1 (-0.263508, 0) (0.372656, 0) (-0.263508, 0) (-0.0798318, 0) (0.249345, 0) (0.03307, 0) (-0.103282, 0) (0.0330702, 0) (-0.103282, 0) (-0.0798318, 0) (0.249345, 0) (0.124079, 0) (-0.175475, 0) (0.124079, 0) (-0.12405, 0) (0.175432, 0) (-0.12405, 0) (-0.249393, 0) (0.0798081, 0) (0.103302, 0) (-0.0330548, 0) (0.103303, 0) (-0.0330549, 0) (-0.249393, 0) (0.0798081, 0) (0.263555, 0) (-0.372722, 0) (0.263555, 0) 
0 1.82905 0 (-0.263508, 0) (0.372656, 0) (-0.263508, 0) (0.0798318, 0) (0.249345, 0) (-0.03307, 0) (-0.103282, 0) (-0.0330702, 0) (-0.103282, 0) (0.0798318, 0) (0.249345, 0) (-0.124079, 0) (0.175475, 0) (-0.124079, 0) (-0.12405, 0) (0.175432, 0) (-0.12405, 0) (0.249393, 0) (0.0798081, 0) (-0.103302, 0) (-0.0330548, 0) (-0.103303, 0) (-0.0330549, 0) (0.249393, 0) (0.0798081, 0) (-0.263555, 0) (0.372722, 0) (-0.263555, 0) 
1 1.82905 0 (0.263555, 0) (-0.372722, 0) (0.263555, 0) (-0.0798081, 0) (-0.249393, 0) (0.033055, 0) (0.103303, 0) (0.0330548, 0) (0.103303, 0) (-0.0798081, 0) (-0.249393, 0) (0.12405, 0) (-0.175432, 0) (0.12405, 0) (0.124079, 0) (-0.175475, 0) (0.124079, 0) (-0.249345, 0) (-0.0798318, 0) (0.103282, 0) (0.0330702, 0) (0.103282, 0) (0.0330701, 0) (-0.249345, 0) (-0.0798318, 0) (0.263508, 0) (-0.372656, 0) (0.263508, 0) 
0 3.25249 0 (-0.281428, 0) (-1.17829e-07, 0) (0.281428, 0) (0.0991511, 0) (0.211566, 0) (0.0991592, 0) (0.21156, 0) (-0.0991591, 0) (-0.21156, 0) (-0.0991511, 0) (-0.211566, 0) (-0.248232, 0) (-4.66484e-08, 0) (0.248231, 0) (-0.248219, 0) (-2.93739e-08, 0) (0.248219, 0) (0.211565, 0) (0.0991511, 0) (0.211571, 0) (0.099143, 0) (-0.211571, 0) (-0.099143, 0) (-0.211565, 0) (-0.099151, 0) (-0.281431, 0) (-4.50653e-08, 0) (0.281431, 0) 
1 3.25249 0 (0.281431, 0) (-1.17831e-07, 0) (-0.281431, 0) (-0.0991511, 0) (-0.211565, 0) (-0.0991429, 0) (-0.211571, 0) (0.099143, 0) (0.211571, 0) (0.0991511, 0) (0.211565, 0) (0.248219, 0) (-4.66365e-08, 0) (-0.248219, 0) (0.248231, 0) (-2.93934e-08, 0) (-0.248232, 0) (-0.211566, 0) (-0.0991511, 0) (-0.21156, 0) (-0.0991591, 0) (0.21156, 0) (0.0991592, 0) (0.211566, 0) (0.0991511, 0) (0.281428, 0) (-4.50778e-08, 0) (-0.281428, 0) 
1 3.68942 0 (0.18011, 0) (-0.254707, 0) (0.18011, 0) (-0.266389, 0) (0.0507076, 0) (0.110339, 0) (-0.0210072, 0) (0.110338, 0) (-0.0210069, 0) (-0.266389, 0) (0.0507073, 0) (0.222455, 0) (-0.314592, 0) (0.222455, 0) (-0.22245, 0) (0.314599, 0) (-0.22245, 0) (-0.050723, 0) (0.266401, 0) (0.0210069, 0) (-0.11035, 0) (0.0210067, 0) (-0.11035, 0) (-0.0507229, 0) (0.2664, 0) (-0.180096, 0) (0.254701, 0) (-0.180096, 0) 
0 3.68942 0 (-0.180096, 0) (0.254701, 0) (-0.180096, 0) (0.2664, 0) (-0.0507228, 0) (-0.11035, 0) (0.0210066, 0) (-0.11035, 0) (0.0210069, 0) (0.266401, 0) (-0.0507231, 0) (-0.22245, 0) (0.314599, 0) (-0.22245, 0) (0.222455, 0) (-0.314592, 0) (0.222455, 0) (0.0507074, 0) (-0.266389, 0) (-0.021007, 0) (0.110338, 0) (-0.0210071, 0) (0.110339, 0) (0.0507075, 0) (-0.266389, 0) (0.18011, 0) (-0.254707, 0) (0.18011, 0) 
1 4.04999 0 (-3.73594e-06, 0) (5.9184e-08, 0) (3.67747e-06, 0) (3.55375e-06, 0) (1.82153e-07, 0) (1.82067e-07, 0) (3.49469e-06, 0) (-2.41247e-07, 0) (-3.49541e-06, 0) (-3.4361e-06, 0) (-2.41333e-07, 0) (-3.73589e-06, 0) (5.91831e-08, 0) (3.67742e-06, 0) (5.90908e-08, 0) (-5.84706e-08, 0) (5.92761e-08, 0) (-0.353549, 0) (0.353558, 0) (0.353552, 0) (-0.353555, 0) (-0.353552, 0) (0.353555, 0) (0.353549, 0) (-0.353558, 0) (-2.72762e-06, 0) (-3.03232e-08, 0) (2.78857e-06, 0) 
0 4.04999 0 (-2.81096e-06, 0) (1.41056e-07, 0) (2.68305e-06, 0) (0.353558, 0) (-0.353549, 0) (-0.353555, 0) (0.353552, 0) (0.353555, 0) (-0.353552, 0) (-0.353558, 0) (0.353549, 0) (-7.5192e-08, 0) (1.54046e-07, 0) (-7.50047e-08, 0) (-3.6651e-06, 0) (-7.50992e-08, 0) (3.81915e-06, 0) (2.67039e-07, 0) (3.39807e-06, 0) (3.4733e-06, 0) (2.66953e-07, 0) (-3.55224e-06, 0) (-1.91858e-07, 0) (-1.91946e-07, 0) (-3.62721e-06, 0) (-3.66515e-06, 0) (-7.50995e-08, 0) (3.8192e-06, 0) 
1 4.05001 0 (2.81095e-06, 0) (-1.41057e-07, 0) (-2.68303e-06, 0) (0.353549, 0) (-0.353558, 0) (-0.353552, 0) (0.353555, 0) (0.353552, 0) (-0.353554, 0) (-0.353549, 0) (0.353558, 0) (7.49972e-08, 0) (-1.54031e-07, 0) (7.51845e-08, 0) (3.66534e-06, 0) (7.509e-08, 0) (-3.81936e-06, 0) (-2.67055e-07, 0) (-3.39827e-06, 0) (-3.47324e-06, 0) (-2.67141e-07, 0) (3.55218e-06, 0) (1.92047e-07, 0) (1.91958e-07, 0) (3.6274e-06, 0) (3.66529e-06, 0) (7.50897e-08, 0) (-3.81931e-06, 0) 
0 4.05001 0 (3.73606e-06, 0) (-5.91798e-08, 0) (-3.6776e-06, 0) (-3.55391e-06, 0) (-1.82193e-07, 0) (-1.8228e-07, 0) (-3.4946e-06, 0) (2.41463e-07, 0) (3.49532e-06, 0) (3.43626e-06, 0) (2.41377e-07, 0) (3.73611e-06, 0) (-5.91806e-08, 0) (-3.67765e-06, 0) (-5.92729e-08, 0) (5.8464e-08, 0) (-5.90876e-08, 0) (-0.353558, 0) (0.353549, 0) (0.353555, 0) (-0.353552, 0) (-0.353555, 0) (0.353552, 0) (0.353558, 0) (-0.353549, 0) (2.72761e-06, 0) (3.03212e-08, 0) (-2.78855e-06, 0) 
0 4.34644 0 (-0.180752, 0) (-0.255615, 0) (-0.180752, 0) (0.0587562, 0) (0.115546, 0) (0.141847, 0) (0.278948, 0) (0.141847, 0) (0.278948, 0) (0.0587561, 0) (0.115546, 0) (-0.186992, 0) (-0.264433, 0) (-0.186992, 0) (-0.186975, 0) (-0.264436, 0) (-0.186975, 0) (0.115544, 0) (0.0587483, 0) (0.278953, 0) (0.141834, 0) (0.278953, 0) (0.141834, 0) (0.115544, 0) (0.0587483, 0) (-0.180744, 0) (-0.255618, 0) (-0.180744, 0) 
1 4.34644 0 (0.180744, 0) (0.255618, 0) (0.180744, 0) (-0.0587482, 0) (-0.115545, 0) (-0.141834, 0) (-0.278953, 0) (-0.141834, 0) (-0.278953, 0) (-0.0587483, 0) (-0.115544, 0) (0.186975, 0) (0.264436, 0) (0.186975, 0) (0.186992, 0) (0.264433, 0) (0.186991, 0) (-0.115546, 0) (-0.0587562, 0) (-0.278948, 0) (-0.141847, 0) (-0.278948, 0) (-0.141847, 0) (-0.115546, 0) (-0.0587561, 0) (0.180752, 0) (0.255615, 0) (0.180752, 0) 
0 4.90706 0 (0.310297, 0) (2.33522e-09, 0) (-0.310297, 0) (-0.204403, 0) (-0.0410128, 0) (-0.204401, 0) (-0.041015, 0) (0.204401, 0) (0.041015, 0) (0.204403, 0) (0.0410129, 0) (0.258436, 0) (-1.61309e-08, 0) (-0.258436, 0) (-0.25844, 0) (7.52468e-10, 0) (0.25844, 0) (0.0410233, 0) (0.204396, 0) (0.0410212, 0) (0.204398, 0) (-0.0410212, 0) (-0.204398, 0) (-0.0410233, 0) (-0.204396, 0) (-0.310304, 0) (-4.24645e-09, 0) (0.310304, 0) 
1 4.90706 0 (-0.310304, 0) (2.32812e-09, 0) (0.310304, 0) (0.204396, 0) (0.0410233, 0) (0.204398, 0) (0.0410212, 0) (-0.204398, 0) (-0.0410212, 0) (-0.204396, 0) (-0.0410232, 0) (-0.25844, 0) (-1.61285e-08, 0) (0.25844, 0) (0.258436, 0) (7.50224e-10, 0) (-0.258436, 0) (-0.0410129, 0) (-0.204403, 0) (-0.041015, 0) (-0.204401, 0) (0.041015, 0) (0.204401, 0) (0.0410129, 0) (0.204403, 0) (0.310297, 0) (-4.26227e-09, 0) (-0.310297, 0) 
1 4.98584 0 (0.134196, 0) (-0.189775, 0) (0.134196, 0) (-0.308476, 0) (0.281204, 0) (0.127771, 0) (-0.11648, 0) (0.127771, 0) (-0.11648, 0) (-0.308476, 0) (0.281204, 0) (-0.0701877, 0) (0.0992677, 0) (-0.0701877, 0) (-0.0702086, 0) (0.0992827, 0) (-0.0702086, 0) (0.28121, 0) (-0.308479, 0) (-0.11648, 0) (0.12778, 0) (-0.11648, 0) (0.12778, 0) (0.28121, 0) (-0.308479, 0) (0.134185, 0) (-0.189773, 0) (0.134185, 0) 
0 4.98584 0 (0.134185, 0) (-0.189773, 0) (0.134185, 0) (-0.308479, 0) (0.28121, 0) (0.12778, 0) (-0.11648, 0) (0.12778, 0) (-0.11648, 0) (-0.308479, 0) (0.28121, 0) (-0.0702086, 0) (0.0992827, 0) (-0.0702086, 0) (-0.0701877, 0) (0.0992676, 0) (-0.0701877, 0) (0.281204, 0) (-0.308476, 0) (-0.11648, 0) (0.127771, 0) (-0.116479, 0) (0.127771, 0) (0.281204, 0) (-0.308476, 0) (0.134196, 0) (-0.189775, 0) (0.134196, 0) 
0 5.82547 0 (-0.071462, 0) (0.101058, 0) (-0.0714621, 0) (0.202215, 0) (-0.263723, 0) (-0.0837585, 0) (0.10924, 0) (-0.0837585, 0) (0.10924, 0) (0.202215, 0) (-0.263723, 0) (0.234935, 0) (-0.332252, 0) (0.234935, 0) (-0.234937, 0) (0.332248, 0) (-0.234938, 0) (0.263738, 0) (-0.202223, 0) (-0.109242, 0) (0.083765, 0) (-0.109242, 0) (0.083765, 0) (0.263738, 0) (-0.202223, 0) (0.0714656, 0) (-0.101072, 0) (0.0714656, 0) 
1 5.82547 0 (-0.0714655, 0) (0.101072, 0) (-0.0714655, 0) (0.202223, 0) (-0.263738, 0) (-0.0837651, 0) (0.109242, 0) (-0.0837651, 0) (0.109242, 0) (0.202223, 0) (-0.263738, 0) (0.234938, 0) (-0.332248, 0) (0.234938, 0) (-0.234935, 0) (0.332252, 0) (-0.234935, 0) (0.263723, 0) (-0.202215, 0) (-0.10924, 0) (0.0837586, 0) (-0.10924, 0) (0.0837586, 0) (0.263723, 0) (-0.202215, 0) (0.071462, 0) (-0.101058, 0) (0.0714619, 0) 
1 5.93422 0 (-0.223289, 0) (-0.315786, 0) (-0.223289, 0) (0.111035, 0) (0.0347658, 0) (0.268071, 0) (0.0839243, 0) (0.268071, 0) (0.0839242, 0) (0.111035, 0) (0.0347657, 0) (-0.170061, 0) (-0.240501, 0) (-0.170061, 0) (0.170052, 0) (0.240493, 0) (0.170052, 0) (-0.0347528, 0) (-0.111046, 0) (-0.0839086, 0) (-0.268079, 0) (-0.0839086, 0) (-0.268079, 0) (-0.0347528, 0) (-0.111046, 0) (0.223292, 0) (0.315774, 0) (0.223292, 0) 
0 5.93422 0 (0.223292, 0) (0.315774, 0) (0.223292, 0) (-0.111046, 0) (-0.0347528, 0) (-0.268079, 0) (-0.0839086, 0) (-0.268079, 0) (-0.0839086, 0) (-0.111046, 0) (-0.0347529, 0) (0.170052, 0) (0.240492, 0) (0.170052, 0) (-0.170061, 0) (-0.240501, 0) (-0.170061, 0) (0.0347659, 0) (0.111035, 0) (0.0839242, 0) (0.268071, 0) (0.0839242, 0) (0.268071, 0) (0.0347659, 0) (0.111035, 0) (-0.223289, 0) (-0.315786, 0) (-0.223289, 0) 
0 6.45629 0 (0.240316, 0) (-6.61275e-10, 0) (-0.240316, 0) (-0.227249, 0) (0.189457, 0) (-0.227249, 0) (0.18946, 0) (0.227249, 0) (-0.18946, 0) (0.227248, 0) (-0.189457, 0) (-0.131063, 0) (-2.47214e-08, 0) (0.131063, 0) (-0.131051, 0) (1.68427e-08, 0) (0.131051, 0) (0.189456, 0) (-0.227247, 0) (0.189454, 0) (-0.227246, 0) (-0.189454, 0) (0.227246, 0) (-0.189456, 0) (0.227247, 0) (0.240322, 0) (2.58948e-08, 0) (-0.240322, 0) 
1 6.45629 0 (-0.240322, 0) (-6.57477e-10, 0) (0.240322, 0) (0.227247, 0) (-0.189456, 0) (0.227246, 0) (-0.189454, 0) (-0.227246, 0) (0.189454, 0) (-0.227247, 0) (0.189456, 0) (0.131051, 0) (-2.47287e-08, 0) (-0.131051, 0) (0.131063, 0) (1.68468e-08, 0) (-0.131063, 0) (-0.189457, 0) (0.227248, 0) (-0.18946, 0) (0.227249, 0) (0.18946, 0) (-0.227249, 0) (0.189457, 0) (-0.227249, 0) (-0.240316, 0) (2.58954e-08, 0) (0.240316, 0) 
1 7.50172 0 (-0.129456, 0) (5.72023e-08, 0) (0.129456, 0) (0.147475, 0) (-0.206556, 0) (0.147474, 0) (-0.206554, 0) (-0.147474, 0) (0.206554, 0) (-0.147475, 0) (0.206556, 0) (0.323138, 0) (-1.67916e-08, 0) (-0.323138, 0) (-0.323138, 0) (-6.44854e-08, 0) (0.323138, 0) (0.206548, 0) (-0.147471, 0) (0.20655, 0) (-0.147472, 0) (-0.20655, 0) (0.147471, 0) (-0.206548, 0) (0.147471, 0) (0.129449, 0) (8.56334e-08, 0) (-0.129449, 0) 
0 7.50172 0 (-0.129449, 0) (-5.71401e-08, 0) (0.129449, 0) (0.147471, 0) (-0.206548, 0) (0.147472, 0) (-0.20655, 0) (-0.147471, 0) (0.20655, 0) (-0.147471, 0) (0.206548, 0) (0.323138, 0) (1.67615e-08, 0) (-0.323138, 0) (-0.323138, 0) (6.44506e-08, 0) (0.323138, 0) (0.206556, 0) (-0.147475, 0) (0.206554, 0) (-0.147474, 0) (-0.206554, 0) (0.147474, 0) (-0.206556, 0) (0.147475, 0) (0.129456, 0) (-8.55813e-08, 0) (-0.129456, 0) 
0 7.53245 0 (0.180784, 0) (0.255664, 0) (0.180784, 0) (-0.121247, 0) (0.0968458, 0) (-0.292716, 0) (0.233809, 0) (-0.292716, 0) (0.233809, 0) (-0.121247, 0) (0.0968459, 0) (-0.100512, 0) (-0.142148, 0) (-0.100513, 0) (-0.100503, 0) (-0.142131, 0) (-0.100503, 0) (0.0968444, 0) (-0.121248, 0) (0.233801, 0) (-0.292719, 0) (0.233801, 0) (-0.292719, 0) (0.0968443, 0) (-0.121248, 0) (0.18079, 0) (0.255679, 0) (0.18079, 0) 
1 7.53245 0 (0.18079, 0) (0.255679, 0) (0.18079, 0) (-0.121248, 0) (0.0968445, 0) (-0.292719, 0) (0.233801, 0) (-0.292719, 0) (0.233801, 0) (-0.121248, 0) (0.0968443, 0) (-0.100503, 0) (-0.142131, 0) (-0.100503, 0) (-0.100512, 0) (-0.142148, 0) (-0.100513, 0) (0.0968458, 0) (-0.121247, 0) (0.233809, 0) (-0.292716, 0) (0.233809, 0) (-0.292716, 0) (0.0968459, 0) (-0.121247, 0) (0.180784, 0) (0.255664, 0) (0.180784, 0) 
0 8.64466 0 (-0.0989302, 0) (-0.139907, 0) (-0.0989302, 0) (0.0782861, 0) (-0.112576, 0) (0.188999, 0) (-0.271785, 0) (0.188999, 0) (-0.271785, 0) (0.078286, 0) (-0.112576, 0) (0.225867, 0) (0.319425, 0) (0.225867, 0) (-0.225868, 0) (-0.319424, 0) (-0.225867, 0) (0.112579, 0) (-0.0782882, 0) (0.271789, 0) (-0.189004, 0) (0.271789, 0) (-0.189004, 0) (0.112579, 0) (-0.0782882, 0) (0.0989351, 0) (0.139917, 0) (0.0989351, 0) 
1 8.64466 0 (0.0989351, 0) (0.139917, 0) (0.0989351, 0) (-0.0782882, 0) (0.112579, 0) (-0.189004, 0) (0.271789, 0) (-0.189004, 0) (0.271789, 0) (-0.0782882, 0) (0.112579, 0) (-0.225867, 0) (-0.319424, 0) (-0.225868, 0) (0.225867, 0) (0.319425, 0) (0.225867, 0) (-0.112576, 0) (0.078286, 0) (-0.271785, 0) (0.188999, 0) (-0.271785, 0) (0.188999, 0) (-0.112576, 0) (0.0782861, 0) (-0.0989302, 0) (-0.139907, 0) (-0.0989302, 0) 
