1 -5.26973 1 (-0.0989326, 0) (-0.139912, 0) (-0.0989326, 0) (-0.0782871, 0) (-0.112578, 0) (-0.189002, 0) (-0.271787, 0) (-0.189002, 0) (-0.271787, 0) (-0.0782871, 0) (-0.112578, 0) (-0.225867, 0) (-0.319425, 0) (-0.225867, 0) (-0.225867, 0) (-0.319425, 0) (-0.225867, 0) (-0.112578, 0) (-0.0782871, 0) (-0.271787, 0) (-0.189002, 0) (-0.271787, 0) (-0.189002, 0) (-0.112578, 0) (-0.0782871, 0) (-0.0989326, 0) (-0.139912, 0) (-0.0989326, 0) 
0 -5.2696 1 (-0.0989326, 0) (-0.139912, 0) (-0.0989326, 0) (-0.0782871, 0) (-0.112578, 0) (-0.189002, 0) (-0.271787, 0) (-0.189002, 0) (-0.271787, 0) (-0.0782871, 0) (-0.112578, 0) (-0.225867, 0) (-0.319425, 0) (-0.225867, 0) (-0.225867, 0) (-0.319425, 0) (-0.225867, 0) (-0.112578, 0) (-0.0782871, 0) (-0.271787, 0) (-0.189002, 0) (-0.271787, 0) (-0.189002, 0) (-0.112578, 0) (-0.0782871, 0) (-0.0989326, 0) (-0.139912, 0) (-0.0989326, 0) 
1 -4.15751 1 (-0.180787, 0) (-0.255672, 0) (-0.180787, 0) (-0.121248, 0) (-0.0968451, 0) (-0.292718, 0) (-0.233805, 0) (-0.292718, 0) (-0.233805, 0) (-0.121248, 0) (-0.0968451, 0) (-0.100508, 0) (-0.142139, 0) (-0.100508, 0) (0.100508, 0) (0.142139, 0) (0.100508, 0) (0.0968451, 0) (0.121248, 0) (0.233805, 0) (0.292718, 0) (0.233805, 0) (0.292718, 0) (0.0968451, 0) (0.121248, 0) (0.180787, 0) (0.255672, 0) (0.180787, 0) 
0 -4.15738 1 (-0.180787, 0) (-0.255672, 0) (-0.180787, 0) (-0.121248, 0) (-0.0968451, 0) (-0.292718, 0) (-0.233805, 0) (-0.292718, 0) (-0.233805, 0) (-0.121248, 0) (-0.0968451, 0) (-0.100508, 0) (-0.142139, 0) (-0.100508, 0) (0.100508, -0) (0.142139, -0) (0.100508, -0) (0.0968451, -0) (0.121248, -0) (0.233805, -0) (0.292718, -0) (0.233805, -0) (0.292718, -0) (0.0968451, -0) (0.121248, -0) (0.180787, -0) (0.255672, -0) (0.180787, -0) 
1 -4.12678 1 (0.129452, 0) (3.3152e-14, 0) (-0.129452, 0) (0.147473, 0) (0.206552, 0) (0.147473, 0) (0.206552, 0) (-0.147473, 0) (-0.206552, 0) (-0.147473, 0) (-0.206552, 0) (0.323138, 0) (1.83523e-14, 0) (-0.323138, 0) (0.323138, 0) (-1.79885e-14, 0) (-0.323138, 0) (0.206552, 0) (0.147473, 0) (0.206552, 0) (0.147473, 0) (-0.206552, 0) (-0.147473, 0) (-0.206552, 0) (-0.147473, 0) (0.129452, 0) (-3.28514e-14, 0) (-0.129452, 0) 
0 -4.12665 1 (-0.129452, 0) (-1.26616e-14, 0) (0.129452, 0) (-0.147473, 0) (-0.206552, 0) (-0.147473, 0) (-0.206552, 0) (0.147473, 0) (0.206552, 0) (0.147473, 0) (0.206552, 0) (-0.323138, 0) (-6.75801e-15, 0) (0.323138, 0) (-0.323138, 0) (7.61777e-15, 0) (0.323138, 0) (-0.206552, 0) (-0.147473, 0) (-0.206552, 0) (-0.147473, 0) (0.206552, 0) (0.147473, 0) (0.206552, 0) (0.147473, 0) (-0.129452, 0) (1.2415e-14, 0) (0.129452, 0) 
1 -3.08136 1 (0.240319, 0) (4.30048e-16, 0) (-0.240319, 0) (0.227248, 0) (0.189457, 0) (0.227248, 0) (0.189457, 0) (-0.227248, 0) (-0.189457, 0) (-0.227248, 0) (-0.189457, 0) (0.131057, 0) (-1.89161e-15, 0) (-0.131057, 0) (-0.131057, 0) (-7.86849e-16, 0) (0.131057, 0) (-0.189457, 0) (-0.227248, 0) (-0.189457, 0) (-0.227248, 0) (0.189457, 0) (0.227248, 0) (0.189457, 0) (0.227248, 0) (-0.240319, 0) (6.70164e-16, 0) (0.240319, 0) 
0 -3.08123 1 (-0.240319, 0) (1.60861e-15, 0) (0.240319, 0) (-0.227248, 0) (-0.189457, 0) (-0.227248, 0) (-0.189457, 0) (0.227248, 0) (0.189457, 0) (0.227248, 0) (0.189457, 0) (-0.131057, 0) (-5.67513e-16, 0) (0.131057, 0) (0.131057, 0) (-2.59218e-16, 0) (-0.131057, 0) (0.189457, 0) (0.227248, 0) (0.189457, 0) (0.227248, 0) (-0.189457, 0) (-0.227248, 0) (-0.189457, 0) (-0.227248, 0) (0.240319, 0) (1.96999e-16, 0) (-0.240319, 0) 
1 -2.55928 1 (0.22329, 0) (0.31578, 0) (0.22329, 0) (0.11104, 0) (-0.0347593, 0) (0.268075, 0) (-0.0839164, 0) (0.268075, 0) (-0.0839164, 0) (0.11104, 0) (-0.0347593, 0) (-0.170057, 0) (-0.240497, 0) (-0.170057, 0) (-0.170057, 0) (-0.240497, 0) (-0.170057, 0) (-0.0347593, 0) (0.11104, 0) (-0.0839164, 0) (0.268075, 0) (-0.0839164, 0) (0.268075, 0) (-0.0347593, 0) (0.11104, 0) (0.22329, 0) (0.31578, 0) (0.22329, 0) 
0 -2.55916 1 (-0.22329, 0) (-0.31578, 0) (-0.22329, 0) (-0.11104, 0) (0.0347593, 0) (-0.268075, 0) (0.0839164, 0) (-0.268075, 0) (0.0839164, 0) (-0.11104, 0) (0.0347593, 0) (0.170057, 0) (0.240497, 0) (0.170057, 0) (0.170057, 0) (0.240497, 0) (0.170057, 0) (0.0347593, 0) (-0.11104, 0) (0.0839164, 0) (-0.268075, 0) (0.0839164, 0) (-0.268075, 0) (0.0347593, 0) (-0.11104, 0) (-0.22329, 0) (-0.31578, 0) (-0.22329, 0) 
1 -2.45053 1 (0.0714638, 0) (-0.101065, 0) (0.0714638, 0) (0.202219, 0) (0.263731, 0) (-0.0837618, 0) (-0.109241, 0) (-0.0837618, 0) (-0.109241, 0) (0.202219, 0) (0.263731, 0) (0.234936, 0) (-0.33225, 0) (0.234936, 0) (0.234936, 0) (-0.33225, 0) (0.234936, 0) (0.263731, 0) (0.202219, 0) (-0.109241, 0) (-0.0837618, 0) (-0.109241, 0) (-0.0837618, 0) (0.263731, 0) (0.202219, 0) (0.0714638, 0) (-0.101065, 0) (0.0714638, 0) 
0 -2.45041 1 (-0.0714638, 0) (0.101065, 0) (-0.0714638, 0) (-0.202219, 0) (-0.263731, 0) (0.0837618, 0) (0.109241, 0) (0.0837618, 0) (0.109241, 0) (-0.202219, 0) (-0.263731, 0) (-0.234936, 0) (0.33225, 0) (-0.234936, 0) (-0.234936, 0) (0.33225, 0) (-0.234936, 0) (-0.263731, 0) (-0.202219, 0) (0.109241, 0) (0.0837618, 0) (0.109241, 0) (0.0837618, 0) (-0.263731, 0) (-0.202219, 0) (-0.0714638, 0) (0.101065, 0) (-0.0714638, 0) 
1 -1.6109 1 (0.134191, 0) (-0.189774, 0) (0.134191, 0) (0.308478, 0) (0.281207, 0) (-0.127776, 0) (-0.11648, 0) (-0.127776, 0) (-0.11648, 0) (0.308478, 0) (0.281207, 0) (0.0701982, 0) (-0.0992752, 0) (0.0701982, 0) (-0.0701982, 0) (0.0992752, 0) (-0.0701982, 0) (-0.281207, 0) (-0.308478, 0) (0.11648, 0) (0.127776, 0) (0.11648, 0) (0.127776, 0) (-0.281207, 0) (-0.308478, 0) (-0.134191, 0) (0.189774, 0) (-0.134191, 0) 
0 -1.61078 1 (0.134191, 0) (-0.189774, 0) (0.134191, 0) (0.308478, 0) (0.281207, 0) (-0.127776, 0) (-0.11648, 0) (-0.127776, 0) (-0.11648, 0) (0.308478, 0) (0.281207, 0) (0.0701982, 0) (-0.0992752, 0) (0.0701982, 0) (-0.0701982, 0) (0.0992752, 0) (-0.0701982, 0) (-0.281207, 0) (-0.308478, 0) (0.11648, 0) (0.127776, 0) (0.11648, 0) (0.127776, 0) (-0.281207, 0) (-0.308478, 0) (-0.134191, 0) (0.189774, 0) (-0.134191, 0) 
1 -1.53212 1 (-0.3103, 0) (-8.92743e-15, 0) (0.3103, 0) (-0.2044, 0) (0.0410181, 0) (-0.2044, 0) (0.0410181, 0) (0.2044, 0) (-0.0410181, 0) (0.2044, 0) (-0.0410181, 0) (0.258438, 0) (-2.15347e-15, 0) (-0.258438, 0) (0.258438, 0) (3.22488e-15, 0) (-0.258438, 0) (0.0410181, 0) (-0.2044, 0) (0.0410181, 0) (-0.2044, 0) (-0.0410181, 0) (0.2044, 0) (-0.0410181, 0) (0.2044, 0) (-0.3103, 0) (8.86751e-15, 0) (0.3103, 0) 
0 -1.532 1 (0.3103, 0) (9.8726e-16, 0) (-0.3103, 0) (0.2044, 0) (-0.0410181, 0) (0.2044, 0) (-0.0410181, 0) (-0.2044, 0) (0.0410181, 0) (-0.2044, 0) (0.0410181, 0) (-0.258438, 0) (-1.5702e-16, 0) (0.258438, 0) (-0.258438, 0) (5.59152e-16, 0) (0.258438, 0) (-0.0410181, 0) (0.2044, 0) (-0.0410181, 0) (0.2044, 0) (0.0410181, 0) (-0.2044, 0) (0.0410181, 0) (-0.2044, 0) (0.3103, 0) (-8.65464e-16, 0) (-0.3103, 0) 
1 -0.9715 1 (-0.180748, 0) (-0.255616, 0) (-0.180748, 0) (-0.0587522, 0) (0.115545, 0) (-0.14184, 0) (0.278951, 0) (-0.14184, 0) (0.278951, 0) (-0.0587522, 0) (0.115545, 0) (0.186983, 0) (0.264434, 0) (0.186983, 0) (-0.186983, 0) (-0.264434, 0) (-0.186983, 0) (-0.115545, 0) (0.0587522, 0) (-0.278951, 0) (0.14184, 0) (-0.278951, 0) (0.14184, 0) (-0.115545, 0) (0.0587522, 0) (0.180748, 0) (0.255616, 0) (0.180748, 0) 
0 -0.971377 1 (0.180748, 0) (0.255616, 0) (0.180748, 0) (0.0587522, 0) (-0.115545, 0) (0.14184, 0) (-0.278951, 0) (0.14184, 0) (-0.278951, 0) (0.0587522, 0) (-0.115545, 0) (-0.186983, 0) (-0.264434, 0) (-0.186983, 0) (0.186983, 0) (0.264434, 0) (0.186983, 0) (0.115545, 0) (-0.0587522, 0) (0.278951, 0) (-0.14184, 0) (0.278951, 0) (-0.14184, 0) (0.115545, 0) (-0.0587522, 0) (-0.180748, 0) (-0.255616, 0) (-0.180748, 0) 
1 -0.675062 1 (3.0198e-16, -0) (7.487e-17, 0) (1.83953e-16, -0) (0.219857, -0) (0.219857, -0) (-0.219857, 0) (-0.219857, 0) (0.219857, -0) (0.219857, -0) (-0.219857, 0) (-0.219857, 0) (-1.49165e-16, 0) (7.35275e-17, -0) (-1.39721e-16, 0) (1.90297e-16, -0) (3.94024e-16, -0) (1.3236e-16, 0) (-0.276881, 0) (-0.276881, 0) (0.276881, 0) (0.276881, 0) (-0.276881, 0) (-0.276881, 0) (0.276881, 0) (0.276881, 0) (-1.54425e-16, 0) (-5.71587e-17, 0) (-1.17805e-18, 0) 
1 -0.675062 1 (2.88352e-16, 0) (-3.0064e-16, 0) (2.61433e-16, 0) (0.276881, 0) (0.276881, 0) (-0.276881, 0) (-0.276881, 0) (0.276881, 0) (0.276881, 0) (-0.276881, 0) (-0.276881, 0) (3.36337e-17, 0) (5.89609e-17, 0) (-1.87699e-16, 0) (1.38663e-17, 0) (2.03376e-16, 0) (-1.13876e-16, 0) (0.219857, -0) (0.219857, -0) (-0.219857, 0) (-0.219857, 0) (0.219857, -0) (0.219857, -0) (-0.219857, 0) (-0.219857, 0) (9.76177e-17, -0) (-3.96688e-16, 0) (5.50941e-17, -0) 
0 -0.674938 1 (5.60069e-16, 0) (-1.01677e-16, 0) (-1.97746e-17, 0) (0.352582, 0) (0.352582, 0) (-0.352582, 0) (-0.352582, 0) (0.352582, 0) (0.352582, 0) (-0.352582, 0) (-0.352582, 0) (-7.32203e-17, 0) (-1.9596e-16, 0) (1.62997e-16, 0) (-5.40646e-18, 0) (-1.16053e-16, 0) (-1.62678e-16, 0) (0.0261863, 0) (0.0261863, 0) (-0.0261863, 0) (-0.0261863, 0) (0.0261863, 0) (0.0261863, 0) (-0.0261863, 0) (-0.0261863, 0) (-1.23295e-16, 0) (5.80748e-17, 0) (2.21584e-17, 0) 
0 -0.674938 1 (1.33942e-15, 0) (-7.88235e-16, 0) (4.24345e-16, 0) (-0.0261863, 0) (-0.0261863, 0) (0.0261863, 0) (0.0261863, 0) (-0.0261863, 0) (-0.0261863, 0) (0.0261863, 0) (0.0261863, 0) (-8.015e-16, 0) (7.62677e-16, 0) (2.96333e-18, 0) (-8.33791e-16, 0) (1.20606e-15, 0) (-7.44162e-16, 0) (0.352582, 0) (0.352582, 0) (-0.352582, 0) (-0.352582, 0) (0.352582, 0) (0.352582, 0) (-0.352582, 0) (-0.352582, 0) (4.43569e-16, 0) (-3.55085e-16, 0) (4.60739e-17, 0) 
1 -0.31448 1 (0.180103, 0) (-0.254704, 0) (0.180103, 0) (0.266395, 0) (0.0507152, 0) (-0.110344, 0) (-0.0210069, 0) (-0.110344, 0) (-0.0210069, 0) (0.266395, 0) (0.0507152, 0) (-0.222453, 0) (0.314596, 0) (-0.222453, 0) (-0.222453, 0) (0.314596, 0) (-0.222453, 0) (0.0507152, 0) (0.266395, 0) (-0.0210069, 0) (-0.110344, 0) (-0.0210069, 0) (-0.110344, 0) (0.0507152, 0) (0.266395, 0) (0.180103, 0) (-0.254704, 0) (0.180103, 0) 
0 -0.314357 1 (-0.180103, 0) (0.254704, 0) (-0.180103, 0) (-0.266395, 0) (-0.0507152, 0) (0.110344, 0) (0.0210069, 0) (0.110344, 0) (0.0210069, 0) (-0.266395, 0) (-0.0507152, 0) (0.222453, 0) (-0.314596, 0) (0.222453, 0) (0.222453, 0) (-0.314596, 0) (0.222453, 0) (-0.0507152, 0) (-0.266395, 0) (0.0210069, 0) (0.110344, 0) (0.0210069, 0) (0.110344, 0) (-0.0507152, 0) (-0.266395, 0) (-0.180103, 0) (0.254704, 0) (-0.180103, 0) 
1 0.122452 1 (-0.28143, 0) (-2.82627e-16, 0) (0.28143, 0) (-0.0991511, 0) (0.211565, 0) (-0.0991511, 0) (0.211565, 0) (0.0991511, 0) (-0.211565, 0) (0.0991511, 0) (-0.211565, 0) (0.248225, 0) (6.54991e-16, 0) (-0.248225, 0) (-0.248225, 0) (6.45928e-16, 0) (0.248225, 0) (-0.211565, 0) (0.0991511, 0) (-0.211565, 0) (0.0991511, 0) (0.211565, 0) (-0.0991511, 0) (0.211565, 0) (-0.0991511, 0) (0.28143, 0) (-3.15234e-16, 0) (-0.28143, 0) 
0 0.122576 1 (-0.28143, 0) (-2.65514e-17, 0) (0.28143, 0) (-0.0991511, 0) (0.211565, 0) (-0.0991511, 0) (0.211565, 0) (0.0991511, 0) (-0.211565, 0) (0.0991511, 0) (-0.211565, 0) (0.248225, 0) (2.18073e-16, 0) (-0.248225, 0) (-0.248225, 0) (-1.75742e-17, 0) (0.248225, 0) (-0.211565, 0) (0.0991511, 0) (-0.211565, 0) (0.0991511, 0) (0.211565, 0) (-0.0991511, 0) (0.211565, 0) (-0.0991511, 0) (0.28143, 0) (-2.24806e-16, 0) (-0.28143, 0) 
1 1.54589 1 (0.263531, 0) (-0.372689, 0) (0.263531, 0) (0.0798199, 0) (-0.249369, 0) (-0.0330625, 0) (0.103292, 0) (-0.0330625, 0) (0.103292, 0) (0.0798199, 0) (-0.249369, 0) (-0.124065, 0) (0.175454, 0) (-0.124065, 0) (0.124065, 0) (-0.175454, 0) (0.124065, 0) (0.249369, 0) (-0.0798199, 0) (-0.103292, 0) (0.0330625, 0) (-0.103292, 0) (0.0330625, 0) (0.249369, 0) (-0.0798199, 0) (-0.263531, 0) (0.372689, 0) (-0.263531, 0) 
0 1.54601 1 (-0.263531, 0) (0.372689, 0) (-0.263531, 0) (-0.0798199, 0) (0.249369, 0) (0.0330625, 0) (-0.103292, 0) (0.0330625, 0) (-0.103292, 0) (-0.0798199, 0) (0.249369, 0) (0.124065, 0) (-0.175454, 0) (0.124065, 0) (-0.124065, 0) (0.175454, 0) (-0.124065, 0) (-0.249369, 0) (0.0798199, 0) (0.103292, 0) (-0.0330625, 0) (0.103292, 0) (-0.0330625, 0) (-0.249369, 0) (0.0798199, 0) (0.263531, 0) (-0.372689, 0) (0.263531, 0) 
1 2.50399 0 (0.263531, 0) (-0.372689, 0) (0.263531, 0) (-0.0798199, 0) (-0.249369, 0) (0.0330625, 0) (0.103292, 0) (0.0330625, 0) (0.103292, 0) (-0.0798199, 0) (-0.249369, 0) (0.124065, 0) (-0.175454, 0) (0.124065, 0) (0.124065, 0) (-0.175454, 0) (0.124065, 0) (-0.249369, 0) (-0.0798199, 0) (0.103292, 0) (0.0330625, 0) (0.103292, 0) (0.0330625, 0) (-0.249369, 0) (-0.0798199, 0) (0.263531, 0) (-0.372689, 0) (0.263531, 0) 
0 2.50411 0 (-0.263531, 0) (0.372689, 0) (-0.263531, 0) (0.0798199, 0) (0.249369, 0) (-0.0330625, 0) (-0.103292, 0) (-0.0330625, 0) (-0.103292, 0) (0.0798199, 0) (0.249369, 0) (-0.124065, 0) (0.175454, 0) (-0.124065, 0) (-0.124065, 0) (0.175454, 0) (-0.124065, 0) (0.249369, 0) (0.0798199, 0) (-0.103292, 0) (-0.0330625, 0) (-0.103292, 0) (-0.0330625, 0) (0.249369, 0) (0.0798199, 0) (-0.263531, 0) (0.372689, 0) (-0.263531, 0) 
1 3.92742 0 (0.28143, 0) (7.90026e-17, 0) (-0.28143, 0) (-0.0991511, 0) (-0.211565, 0) (-0.0991511, 0) (-0.211565, 0) (0.0991511, 0) (0.211565, 0) (0.0991511, 0) (0.211565, 0) (0.248225, 0) (7.08208e-17, 0) (-0.248225, 0) (0.248225, 0) (-1.1573e-15, 0) (-0.248225, 0) (-0.211565, 0) (-0.0991511, 0) (-0.211565, 0) (-0.0991511, 0) (0.211565, 0) (0.0991511, 0) (0.211565, 0) (0.0991511, 0) (0.28143, 0) (-1.11284e-15, 0) (-0.28143, 0) 
0 3.92755 0 (-0.28143, 0) (-1.92535e-15, 0) (0.28143, 0) (0.0991511, 0) (0.211565, 0) (0.0991511, 0) (0.211565, 0) (-0.0991511, 0) (-0.211565, 0) (-0.0991511, 0) (-0.211565, 0) (-0.248225, 0) (-1.86543e-15, 0) (0.248225, 0) (-0.248225, 0) (8.9226e-16, 0) (0.248225, 0) (0.211565, 0) (0.0991511, 0) (0.211565, 0) (0.0991511, 0) (-0.211565, 0) (-0.0991511, 0) (-0.211565, 0) (-0.0991511, 0) (-0.28143, 0) (2.62724e-16, 0) (0.28143, 0) 
1 4.36436 0 (0.180103, 0) (-0.254704, 0) (0.180103, 0) (-0.266395, 0) (0.0507152, 0) (0.110344, 0) (-0.0210069, 0) (0.110344, 0) (-0.0210069, 0) (-0.266395, 0) (0.0507152, 0) (0.222453, 0) (-0.314596, 0) (0.222453, 0) (-0.222453, 0) (0.314596, 0) (-0.222453, 0) (-0.0507152, 0) (0.266395, 0) (0.0210069, 0) (-0.110344, 0) (0.0210069, 0) (-0.110344, 0) (-0.0507152, 0) (0.266395, 0) (-0.180103, 0) (0.254704, 0) (-0.180103, 0) 
0 4.36448 0 (-0.180103, 0) (0.254704, 0) (-0.180103, 0) (0.266395, 0) (-0.0507152, 0) (-0.110344, 0) (0.0210069, 0) (-0.110344, 0) (0.0210069, 0) (0.266395, 0) (-0.0507152, 0) (-0.222453, 0) (0.314596, 0) (-0.222453, 0) (0.222453, 0) (-0.314596, 0) (0.222453, 0) (0.0507152, 0) (-0.266395, 0) (-0.0210069, 0) (0.110344, 0) (-0.0210069, 0) (0.110344, 0) (0.0507152, 0) (-0.266395, 0) (0.180103, 0) (-0.254704, 0) (0.180103, 0) 
1 4.72494 0 (1.24747e-16, 0) (1.03899e-16, 0) (3.34215e-16, 0) (-0.29985, 0) (0.29985, 0) (0.29985, 0) (-0.29985, 0) (-0.29985, 0) (0.29985, 0) (0.29985, 0) (-0.29985, 0) (-1.17352e-17, 0) (2.35084e-16, 0) (3.25285e-17, 0) (3.71216e-16, 0) (9.44629e-17, 0) (4.77216e-17, 0) (-0.187323, 0) (0.187323, 0) (0.187323, 0) (-0.187323, 0) (-0.187323, 0) (0.187323, 0) (0.187323, 0) (-0.187323, 0) (6.95033e-16, 0) (-1.70433e-16, 0) (3.32714e-17, 0) 
1 4.72494 0 (3.38277e-16, 0) (2.66652e-16, 0) (1.80381e-16, 0) (0.187323, 0) (-0.187323, 0) (-0.187323, 0) (0.187323, 0) (0.187323, 0) (-0.187323, 0) (-0.187323, 0) (0.187323, 0) (9.63218e-17, 0) (1.24068e-17, 0) (1.42017e-16, 0) (-2.78513e-16, 0) (7.74956e-16, 0) (2.32253e-17, 0) (-0.29985, 0) (0.29985, 0) (0.29985, 0) (-0.29985, 0) (-0.29985, 0) (0.29985, 0) (0.29985, 0) (-0.29985, 0) (3.63343e-16, 0) (2.43064e-16, 0) (-9.44474e-17, 0) 
0 4.72506 0 (8.65527e-16, 0) (-4.49305e-16, 0) (-4.17693e-16, 0) (-0.352792, 0) (0.352792, 0) (0.352792, 0) (-0.352792, 0) (-0.352792, 0) (0.352792, 0) (0.352792, 0) (-0.352792, 0) (9.84719e-16, 0) (-9.59295e-16, 0) (-4.78332e-17, 0) (-4.86932e-16, 0) (2.55957e-16, 0) (-4.08642e-16, 0) (-0.0231977, 0) (0.0231977, 0) (0.0231977, 0) (-0.0231977, 0) (-0.0231977, 0) (0.0231977, 0) (0.0231977, 0) (-0.0231977, 0) (-3.18525e-16, 0) (5.94667e-16, 0) (-6.43815e-16, 0) 
0 4.72506 0 (1.01571e-15, 0) (-3.81788e-16, 0) (-7.47996e-16, 0) (0.0231977, 0) (-0.0231977, 0) (-0.0231977, 0) (0.0231977, 0) (0.0231977, 0) (-0.0231977, 0) (-0.0231977, 0) (0.0231977, 0) (8.73162e-16, 0) (9.39336e-17, 0) (-9.39885e-16, 0) (-2.36153e-16, 0) (-2.42988e-17, 0) (1.86118e-16, 0) (-0.352792, 0) (0.352792, 0) (0.352792, 0) (-0.352792, 0) (-0.352792, 0) (0.352792, 0) (0.352792, 0) (-0.352792, 0) (-7.3474e-16, 0) (6.70175e-16, 0) (-3.44005e-16, 0) 
1 5.02138 0 (-0.180748, 0) (-0.255616, 0) (-0.180748, 0) (0.0587522, 0) (0.115545, 0) (0.14184, 0) (0.278951, 0) (0.14184, 0) (0.278951, 0) (0.0587522, 0) (0.115545, 0) (-0.186983, 0) (-0.264434, 0) (-0.186983, 0) (-0.186983, 0) (-0.264434, 0) (-0.186983, 0) (0.115545, 0) (0.0587522, 0) (0.278951, 0) (0.14184, 0) (0.278951, 0) (0.14184, 0) (0.115545, 0) (0.0587522, 0) (-0.180748, 0) (-0.255616, 0) (-0.180748, 0) 
0 5.0215 0 (-0.180748, 0) (-0.255616, 0) (-0.180748, 0) (0.0587522, 0) (0.115545, 0) (0.14184, 0) (0.278951, 0) (0.14184, 0) (0.278951, 0) (0.0587522, 0) (0.115545, 0) (-0.186983, 0) (-0.264434, 0) (-0.186983, 0) (-0.186983, 0) (-0.264434, 0) (-0.186983, 0) (0.115545, 0) (0.0587522, 0) (0.278951, 0) (0.14184, 0) (0.278951, 0) (0.14184, 0) (0.115545, 0) (0.0587522, 0) (-0.180748, 0) (-0.255616, 0) (-0.180748, 0) 
1 5.582 0 (-0.3103, 0) (7.04e-16, 0) (0.3103, 0) (0.2044, 0) (0.0410181, 0) (0.2044, 0) (0.0410181, 0) (-0.2044, 0) (-0.0410181, 0) (-0.2044, 0) (-0.0410181, 0) (-0.258438, 0) (-9.20623e-17, 0) (0.258438, 0) (0.258438, 0) (-1.10332e-15, 0) (-0.258438, 0) (-0.0410181, 0) (-0.2044, 0) (-0.0410181, 0) (-0.2044, 0) (0.0410181, 0) (0.2044, 0) (0.0410181, 0) (0.2044, 0) (0.3103, 0) (-5.85334e-17, 0) (-0.3103, 0) 
0 5.58212 0 (0.3103, 0) (-1.51634e-15, 0) (-0.3103, 0) (-0.2044, 0) (-0.0410181, 0) (-0.2044, 0) (-0.0410181, 0) (0.2044, 0) (0.0410181, 0) (0.2044, 0) (0.0410181, 0) (0.258438, 0) (3.23214e-16, 0) (-0.258438, 0) (-0.258438, 0) (4.15384e-16, 0) (0.258438, 0) (0.0410181, 0) (0.2044, 0) (0.0410181, 0) (0.2044, 0) (-0.0410181, 0) (-0.2044, 0) (-0.0410181, 0) (-0.2044, 0) (-0.3103, 0) (-1.12381e-15, 0) (0.3103, 0) 
1 5.66078 0 (0.134191, 0) (-0.189774, 0) (0.134191, 0) (-0.308478, 0) (0.281207, 0) (0.127776, 0) (-0.11648, 0) (0.127776, 0) (-0.11648, 0) (-0.308478, 0) (0.281207, 0) (-0.0701982, 0) (0.0992752, 0) (-0.0701982, 0) (-0.0701982, 0) (0.0992752, 0) (-0.0701982, 0) (0.281207, 0) (-0.308478, 0) (-0.11648, 0) (0.127776, 0) (-0.11648, 0) (0.127776, 0) (0.281207, 0) (-0.308478, 0) (0.134191, 0) (-0.189774, 0) (0.134191, 0) 
0 5.6609 0 (0.134191, 0) (-0.189774, 0) (0.134191, 0) (-0.308478, 0) (0.281207, 0) (0.127776, 0) (-0.11648, 0) (0.127776, 0) (-0.11648, 0) (-0.308478, 0) (0.281207, 0) (-0.0701982, 0) (0.0992752, 0) (-0.0701982, 0) (-0.0701982, 0) (0.0992752, 0) (-0.0701982, 0) (0.281207, 0) (-0.308478, 0) (-0.11648, 0) (0.127776, 0) (-0.11648, 0) (0.127776, 0) (0.281207, 0) (-0.308478, 0) (0.134191, 0) (-0.189774, 0) (0.134191, 0) 
1 6.50041 0 (0.0714638, 0) (-0.101065, 0) (0.0714638, 0) (-0.202219, 0) (0.263731, 0) (0.0837618, 0) (-0.109241, 0) (0.0837618, 0) (-0.109241, 0) (-0.202219, 0) (0.263731, 0) (-0.234936, 0) (0.33225, 0) (-0.234936, 0) (0.234936, 0) (-0.33225, 0) (0.234936, 0) (-0.263731, 0) (0.202219, 0) (0.109241, 0) (-0.0837618, 0) (0.109241, 0) (-0.0837618, 0) (-0.263731, 0) (0.202219, 0) (-0.0714638, 0) (0.101065, 0) (-0.0714638, 0) 
0 6.50053 0 (-0.0714638, 0) (0.101065, 0) (-0.0714638, 0) (0.202219, 0) (-0.263731, 0) (-0.0837618, 0) (0.109241, 0) (-0.0837618, 0) (0.109241, 0) (0.202219, 0) (-0.263731, 0) (0.234936, 0) (-0.33225, 0) (0.234936, 0) (-0.234936, 0) (0.33225, 0) (-0.234936, 0) (0.263731, 0) (-0.202219, 0) (-0.109241, 0) (0.0837618, 0) (-0.109241, 0) (0.0837618, 0) (0.263731, 0) (-0.202219, 0) (0.0714638, 0) (-0.101065, 0) (0.0714638, 0) 
1 6.60916 0 (-0.22329, 0) (-0.31578, 0) (-0.22329, 0) (0.11104, 0) (0.0347593, 0) (0.268075, 0) (0.0839164, 0) (0.268075, 0) (0.0839164, 0) (0.11104, 0) (0.0347593, 0) (-0.170057, 0) (-0.240497, 0) (-0.170057, 0) (0.170057, 0) (0.240497, 0) (0.170057, 0) (-0.0347593, 0) (-0.11104, 0) (-0.0839164, 0) (-0.268075, 0) (-0.0839164, 0) (-0.268075, 0) (-0.0347593, 0) (-0.11104, 0) (0.22329, 0) (0.31578, 0) (0.22329, 0) 
0 6.60928 0 (0.22329, 0) (0.31578, 0) (0.22329, 0) (-0.11104, 0) (-0.0347593, 0) (-0.268075, 0) (-0.0839164, 0) (-0.268075, 0) (-0.0839164, 0) (-0.11104, 0) (-0.0347593, 0) (0.170057, 0) (0.240497, 0) (0.170057, 0) (-0.170057, 0) (-0.240497, 0) (-0.170057, 0) (0.0347593, 0) (0.11104, 0) (0.0839164, 0) (0.268075, 0) (0.0839164, 0) (0.268075, 0) (0.0347593, 0) (0.11104, 0) (-0.22329, 0) (-0.31578, 0) (-0.22329, 0) 
1 7.13123 0 (0.240319, 0) (-3.41759e-16, 0) (-0.240319, 0) (-0.227248, 0) (0.189457, 0) (-0.227248, 0) (0.189457, 0) (0.227248, 0) (-0.189457, 0) (0.227248, 0) (-0.189457, 0) (-0.131057, 0) (4.16301e-16, 0) (0.131057, 0) (-0.131057, 0) (-4.55704e-16, 0) (0.131057, 0) (0.189457, 0) (-0.227248, 0) (0.189457, 0) (-0.227248, 0) (-0.189457, 0) (0.227248, 0) (-0.189457, 0) (0.227248, 0) (0.240319, 0) (1.47026e-16, 0) (-0.240319, 0) 
0 7.13136 0 (0.240319, 0) (-3.4598e-16, 0) (-0.240319, 0) (-0.227248, 0) (0.189457, 0) (-0.227248, 0) (0.189457, 0) (0.227248, 0) (-0.189457, 0) (0.227248, 0) (-0.189457, 0) (-0.131057, 0) (-5.03177e-16, 0) (0.131057, 0) (-0.131057, 0) (7.75743e-16, 0) (0.131057, 0) (0.189457, 0) (-0.227248, 0) (0.189457, 0) (-0.227248, 0) (-0.189457, 0) (0.227248, 0) (-0.189457, 0) (0.227248, 0) (0.240319, 0) (3.16686e-16, 0) (-0.240319, 0) 
1 8.17665 0 (-0.129452, 0) (1.64872e-14, 0) (0.129452, 0) (0.147473, 0) (-0.206552, 0) (0.147473, 0) (-0.206552, 0) (-0.147473, 0) (0.206552, 0) (-0.147473, 0) (0.206552, 0) (0.323138, 0) (-9.38964e-15, 0) (-0.323138, 0) (-0.323138, 0) (-9.95861e-15, 0) (0.323138, 0) (0.206552, 0) (-0.147473, 0) (0.206552, 0) (-0.147473, 0) (-0.206552, 0) (0.147473, 0) (-0.206552, 0) (0.147473, 0) (0.129452, 0) (1.74517e-14, 0) (-0.129452, 0) 
0 8.17678 0 (-0.129452, 0) (2.80238e-14, 0) (0.129452, 0) (0.147473, 0) (-0.206552, 0) (0.147473, 0) (-0.206552, 0) (-0.147473, 0) (0.206552, 0) (-0.147473, 0) (0.206552, 0) (0.323138, 0) (-1.50108e-14, 0) (-0.323138, 0) (-0.323138, 0) (-1.5802e-14, 0) (0.323138, 0) (0.206552, 0) (-0.147473, 0) (0.206552, 0) (-0.147473, 0) (-0.206552, 0) (0.147473, 0) (-0.206552, 0) (0.147473, 0) (0.129452, 0) (2.76052e-14, 0) (-0.129452, 0) 
1 8.20738 0 (-0.180787, 0) (-0.255672, 0) (-0.180787, 0) (0.121248, 0) (-0.0968451, 0) (0.292718, 0) (-0.233805, 0) (0.292718, 0) (-0.233805, 0) (0.121248, 0) (-0.0968451, 0) (0.100508, 0) (0.142139, 0) (0.100508, 0) (0.100508, 0) (0.142139, 0) (0.100508, 0) (-0.0968451, 0) (0.121248, 0) (-0.233805, 0) (0.292718, 0) (-0.233805, 0) (0.292718, 0) (-0.0968451, 0) (0.121248, 0) (-0.180787, 0) (-0.255672, 0) (-0.180787, 0) 
0 8.20751 0 (0.180787, 0) (0.255672, 0) (0.180787, 0) (-0.121248, 0) (0.0968451, 0) (-0.292718, 0) (0.233805, 0) (-0.292718, 0) (0.233805, 0) (-0.121248, 0) (0.0968451, 0) (-0.100508, 0) (-0.142139, 0) (-0.100508, 0) (-0.100508, 0) (-0.142139, 0) (-0.100508, 0) (0.0968451, 0) (-0.121248, 0) (0.233805, 0) (-0.292718, 0) (0.233805, 0) (-0.292718, 0) (0.0968451, 0) (-0.121248, 0) (0.180787, 0) (0.255672, 0) (0.180787, 0) 
1 9.3196 0 (-0.0989326, 0) (-0.139912, 0) (-0.0989326, 0) (0.0782871, 0) (-0.112578, 0) (0.189002, 0) (-0.271787, 0) (0.189002, 0) (-0.271787, 0) (0.0782871, 0) (-0.112578, 0) (0.225867, 0) (0.319425, 0) (0.225867, 0) (-0.225867, 0) (-0.319425, 0) (-0.225867, 0) (0.112578, 0) (-0.0782871, 0) (0.271787, 0) (-0.189002, 0) (0.271787, 0) (-0.189002, 0) (0.112578, 0) (-0.0782871, 0) (0.0989326, 0) (0.139912, 0) (0.0989326, 0) 
0 9.31973 0 (0.0989326, 0) (0.139912, 0) (0.0989326, 0) (-0.0782871, 0) (0.112578, 0) (-0.189002, 0) (0.271787, 0) (-0.189002, 0) (0.271787, 0) (-0.0782871, 0) (0.112578, 0) (-0.225867, 0) (-0.319425, 0) (-0.225867, 0) (0.225867, 0) (0.319425, 0) (0.225867, 0) (-0.112578, 0) (0.0782871, 0) (-0.271787, 0) (0.189002, 0) (-0.271787, 0) (0.189002, 0) (-0.112578, 0) (0.0782871, 0) (-0.0989326, 0) (-0.139912, 0) (-0.0989326, 0) 
