1 -5.26966 1 (0.0989194, 0) (0.139882, 0) (0.098915, 0) (0.0782807, -0) (0.11257, 0) (0.188987, -0) (0.271776, 0) (0.188987, -0) (0.271776, 0) (0.0782802, -0) (0.112566, 0) (0.225865, -0) (0.319429, -0) (0.225869, -0) (0.22587, 0) (0.319421, 0) (0.225866, 0) (0.112586, -0) (0.0782937, 0) (0.271798, -0) (0.189017, 0) (0.271798, -0) (0.189017, 0) (0.11259, -0) (0.078294, 0) (0.0989455, -0) (0.139941, -0) (0.0989501, -0) 
0 -5.26966 1 (0.0989458, 0) (0.139942, 0) (0.0989503, 0) (0.0782935, 0) (0.112586, 0) (0.189017, 0) (0.271798, 0) (0.189017, 0) (0.271798, 0) (0.078294, 0) (0.11259, 0) (0.22587, 0) (0.319421, 0) (0.225866, 0) (0.225865, 0) (0.319429, 0) (0.225869, 0) (0.11257, 0) (0.0782806, 0) (0.271776, 0) (0.188987, 0) (0.271776, 0) (0.188987, 0) (0.112566, 0) (0.0782803, 0) (0.0989198, 0) (0.139883, 0) (0.0989152, 0) 
0 -4.15745 1 (-0.180789, 0) (-0.255719, 0) (-0.180825, 0) (-0.121234, 0) (-0.0968185, 0) (-0.292711, 0) (-0.23376, 0) (-0.292741, 0) (-0.2338, 0) (-0.121264, 0) (-0.0968625, 0) (-0.100448, 0) (-0.142088, 0) (-0.100508, 0) (0.100567, 0) (0.14219, 0) (0.100507, 0) (0.0968718, 0) (0.121261, 0) (0.23385, 0) (0.292725, 0) (0.233809, 0) (0.292694, 0) (0.0968276, 0) (0.121231, 0) (0.180786, 0) (0.255625, 0) (0.180749, 0) 
1 -4.15745 1 (-0.180785, 0) (-0.255625, 0) (-0.180749, 0) (-0.121261, 0) (-0.0968717, 0) (-0.292725, 0) (-0.23385, 0) (-0.292694, 0) (-0.233809, 0) (-0.121231, 0) (-0.0968277, 0) (-0.100567, 0) (-0.142191, 0) (-0.100508, 0) (0.100449, 0) (0.142088, 0) (0.100508, 0) (0.0968185, 0) (0.121234, 0) (0.23376, 0) (0.292711, 0) (0.2338, 0) (0.292742, 0) (0.0968626, 0) (0.121265, 0) (0.180789, 0) (0.255718, 0) (0.180825, 0) 
1 -4.12672 1 (0.129416, 0) (-2.63801e-05, 0) (-0.129447, 0) (0.147448, 0) (0.206523, 0) (0.147434, 0) (0.206516, 0) (-0.147494, 0) (-0.206567, 0) (-0.147472, 0) (-0.206536, 0) (0.323123, 0) (-1.54929e-05, 0) (-0.32315, 0) (0.323153, 0) (1.51472e-05, 0) (-0.323126, 0) (0.20658, 0) (0.147498, 0) (0.206587, 0) (0.147511, 0) (-0.206537, 0) (-0.147452, 0) (-0.206568, 0) (-0.147474, 0) (0.129487, 0) (2.61787e-05, 0) (-0.129458, 0) 
0 -4.12672 1 (0.129488, 0) (2.6387e-05, 0) (-0.129458, 0) (0.147498, 0) (0.206581, 0) (0.147511, 0) (0.206588, 0) (-0.147451, 0) (-0.206537, 0) (-0.147474, 0) (-0.206568, 0) (0.323153, 0) (1.5485e-05, 0) (-0.323126, 0) (0.323123, 0) (-1.51502e-05, 0) (-0.32315, 0) (0.206524, 0) (0.147448, 0) (0.206517, 0) (0.147435, 0) (-0.206567, 0) (-0.147494, 0) (-0.206536, 0) (-0.147472, 0) (0.129417, 0) (-2.61634e-05, 0) (-0.129447, 0) 
1 -3.08129 1 (0.240314, 0) (7.35583e-06, 0) (-0.240287, 0) (0.227256, 0) (0.189465, 0) (0.227264, 0) (0.18947, 0) (-0.22725, 0) (-0.18948, 0) (-0.227248, 0) (-0.189456, 0) (0.131088, 0) (-1.127e-05, 0) (-0.1311, 0) (-0.131026, 0) (-1.13425e-05, 0) (0.131013, 0) (-0.189448, 0) (-0.22724, 0) (-0.189444, 0) (-0.227232, 0) (0.189434, 0) (0.227245, 0) (0.189457, 0) (0.227248, 0) (-0.240323, 0) (7.18546e-06, 0) (0.24035, 0) 
0 -3.08129 1 (0.240324, 0) (-7.35052e-06, 0) (-0.24035, 0) (0.22724, 0) (0.189449, 0) (0.227231, 0) (0.189444, 0) (-0.227245, 0) (-0.189434, 0) (-0.227248, 0) (-0.189458, 0) (0.131026, 0) (1.12743e-05, 0) (-0.131013, 0) (-0.131087, 0) (1.1338e-05, 0) (0.1311, 0) (-0.189465, 0) (-0.227255, 0) (-0.18947, 0) (-0.227264, 0) (0.18948, 0) (0.22725, 0) (0.189456, 0) (0.227247, 0) (-0.240315, 0) (-7.19103e-06, 0) (0.240288, 0) 
0 -2.55922 1 (0.223285, 0) (0.315819, 0) (0.223278, 0) (0.111015, 0) (-0.0347908, 0) (0.26806, 0) (-0.083957, 0) (0.268043, 0) (-0.0839725, 0) (0.110994, 0) (-0.0348106, 0) (-0.170081, 0) (-0.240521, 0) (-0.170089, 0) (-0.170034, 0) (-0.24047, 0) (-0.170026, 0) (-0.0347299, 0) (0.111064, 0) (-0.0838759, 0) (0.26809, 0) (-0.08386, 0) (0.268107, 0) (-0.0347097, 0) (0.111086, 0) (0.223295, 0) (0.315743, 0) (0.223302, 0) 
1 -2.55922 1 (-0.223295, 0) (-0.315741, 0) (-0.223303, 0) (-0.111065, 0) (0.0347279, 0) (-0.26809, 0) (0.0838758, 0) (-0.268107, 0) (0.0838603, 0) (-0.111087, 0) (0.0347082, 0) (0.170033, 0) (0.240472, 0) (0.170025, 0) (0.170079, 0) (0.240523, 0) (0.170088, 0) (0.0347889, 0) (-0.111017, 0) (0.0839569, 0) (-0.26806, 0) (0.0839728, 0) (-0.268043, 0) (0.0348091, 0) (-0.110995, 0) (-0.223285, 0) (-0.315817, 0) (-0.223278, 0) 
1 -2.45047 1 (0.0714498, 0) (-0.10102, 0) (0.0714544, 0) (0.20219, 0) (0.263686, 0) (-0.0837462, 0) (-0.109241, 0) (-0.0837385, 0) (-0.10923, 0) (0.202199, 0) (0.263678, 0) (0.234924, 0) (-0.33226, 0) (0.234932, 0) (0.234949, 0) (-0.332239, 0) (0.234942, 0) (0.263774, 0) (0.202247, 0) (-0.10924, 0) (-0.0837792, 0) (-0.10925, 0) (-0.0837863, 0) (0.263783, 0) (0.202239, 0) (0.0714759, 0) (-0.101112, 0) (0.0714718, 0) 
0 -2.45047 1 (-0.0714779, 0) (0.10111, 0) (-0.0714732, 0) (-0.202248, 0) (-0.263775, 0) (0.0837773, 0) (0.109241, 0) (0.083785, 0) (0.109251, 0) (-0.202239, 0) (-0.263783, 0) (-0.234948, 0) (0.33224, 0) (-0.23494, 0) (-0.234923, 0) (0.332261, 0) (-0.234931, 0) (-0.263687, 0) (-0.202191, 0) (0.109241, 0) (0.0837443, 0) (0.109231, 0) (0.0837371, 0) (-0.263678, 0) (-0.202199, 0) (-0.0714518, 0) (0.101018, 0) (-0.0714558, 0) 
1 -1.61084 1 (-0.134163, 0) (0.189767, 0) (-0.134151, 0) (-0.308487, 0) (-0.281231, 0) (0.127803, 0) (0.116487, 0) (0.127807, 0) (0.116478, 0) (-0.30849, 0) (-0.281221, 0) (-0.0702551, 0) (0.099322, 0) (-0.0702708, 0) (0.0701409, 0) (-0.0992287, 0) (0.0701254, 0) (0.281184, 0) (0.30847, 0) (-0.116473, 0) (-0.127749, 0) (-0.116482, 0) (-0.127744, 0) (0.281193, 0) (0.308465, 0) (0.134217, 0) (-0.18978, 0) (0.13423, 0) 
0 -1.61084 1 (0.134218, 0) (-0.189781, 0) (0.134231, 0) (0.308468, 0) (0.281184, 0) (-0.127749, 0) (-0.116473, 0) (-0.127744, 0) (-0.116482, 0) (0.308465, 0) (0.281193, 0) (0.0701412, 0) (-0.0992284, 0) (0.0701256, 0) (-0.0702554, 0) (0.0993217, 0) (-0.0702709, 0) (-0.281231, 0) (-0.308485, 0) (0.116487, 0) (0.127802, 0) (0.116478, 0) (0.127807, 0) (-0.281222, 0) (-0.30849, 0) (-0.134164, 0) (0.189768, 0) (-0.134151, 0) 
1 -1.53206 1 (0.310286, 0) (4.37224e-07, 0) (-0.310271, 0) (0.204413, 0) (-0.0409962, 0) (0.20441, 0) (-0.0410038, 0) (-0.20441, 0) (0.0409937, 0) (-0.204431, 0) (0.0409759, 0) (-0.258428, 0) (-4.35244e-06, 0) (0.258424, 0) (-0.258448, 0) (4.41376e-06, 0) (0.258453, 0) (-0.0410389, 0) (0.204387, 0) (-0.0410321, 0) (0.204389, 0) (0.0410423, 0) (-0.20439, 0) (0.04106, 0) (-0.204369, 0) (0.310314, 0) (-2.52811e-07, 0) (-0.310329, 0) 
0 -1.53206 1 (0.310315, 0) (-4.26184e-07, 0) (-0.31033, 0) (0.204386, 0) (-0.04104, 0) (0.204389, 0) (-0.0410323, 0) (-0.20439, 0) (0.0410425, 0) (-0.204368, 0) (0.0410603, 0) (-0.258448, 0) (4.34719e-06, 0) (0.258453, 0) (-0.258428, 0) (-4.41892e-06, 0) (0.258424, 0) (-0.0409973, 0) (0.204412, 0) (-0.041004, 0) (0.20441, 0) (0.0409939, 0) (-0.20441, 0) (0.0409762, 0) (-0.204431, 0) (0.310287, 0) (2.6403e-07, 0) (-0.310272, 0) 
0 -0.971441 1 (-0.180723, 0) (-0.255625, 0) (-0.18072, 0) (-0.0587462, 0) (0.115524, 0) (-0.141794, 0) (0.278976, 0) (-0.141805, 0) (0.278957, 0) (-0.0587097, 0) (0.115556, 0) (0.18694, 0) (0.264443, 0) (0.186926, 0) (-0.187027, 0) (-0.264425, 0) (-0.18704, 0) (-0.115567, 0) (0.0587582, 0) (-0.278926, 0) (0.141887, 0) (-0.278945, 0) (0.141875, 0) (-0.115534, 0) (0.058795, 0) (0.180774, 0) (0.255608, 0) (0.180776, 0) 
1 -0.971436 1 (-0.180773, 0) (-0.255608, 0) (-0.180776, 0) (-0.0587583, 0) (0.115566, 0) (-0.141887, 0) (0.278925, 0) (-0.141876, 0) (0.278945, 0) (-0.0587948, 0) (0.115534, 0) (0.187027, 0) (0.264426, 0) (0.187041, 0) (-0.18694, 0) (-0.264443, 0) (-0.186926, 0) (-0.115524, 0) (0.0587463, 0) (-0.278976, 0) (0.141794, 0) (-0.278957, 0) (0.141806, 0) (-0.115557, 0) (0.0587095, 0) (0.180722, 0) (0.255624, 0) (0.18072, 0) 
1 -0.675051 1 (3.5972e-05, 0) (-2.91392e-06, 0) (-8.67726e-06, 0) (3.26031e-05, 0) (-3.36998e-06, 0) (3.37461e-06, 0) (-2.96836e-05, 0) (-6.28963e-06, 0) (5.30201e-06, 0) (-2.39004e-06, 0) (6.28751e-06, 0) (-3.59736e-05, 0) (2.91299e-06, 0) (8.67915e-06, 0) (-2.9189e-06, 0) (2.72943e-05, 0) (-2.91131e-06, 0) (0.353581, 0) (0.353549, 0) (-0.353548, 0) (-0.353559, 0) (0.353572, 0) (0.353529, 0) (-0.353584, 0) (-0.353505, 0) (-1.01218e-05, 0) (-2.96494e-05, 0) (2.42307e-05, 0) 
0 -0.675048 1 (1.04755e-05, 0) (2.83794e-05, 0) (-2.32957e-05, 0) (-0.353547, 0) (-0.353583, 0) (0.353557, 0) (0.353549, 0) (-0.353529, 0) (-0.353573, 0) (0.353506, 0) (0.353584, 0) (1.84297e-06, 0) (-2.55502e-05, 0) (1.8356e-06, 0) (3.54225e-05, 0) (-1.83727e-06, 0) (-9.87211e-06, 0) (4.06867e-06, 0) (-3.13533e-05, 0) (2.95099e-05, 0) (-4.0731e-06, 0) (-5.7968e-06, 0) (5.91207e-06, 0) (-5.90985e-06, 0) (3.96077e-06, 0) (-3.54212e-05, 0) (1.8383e-06, 0) (9.87016e-06, 0) 
1 -0.674952 1 (1.04822e-05, 0) (2.83729e-05, 0) (-2.32891e-05, 0) (0.35356, 0) (0.353524, 0) (-0.35355, 0) (-0.353558, 0) (0.353578, 0) (0.353534, 0) (-0.353601, 0) (-0.353522, 0) (1.83962e-06, 0) (-2.55587e-05, 0) (1.84699e-06, 0) (3.54182e-05, 0) (-1.84532e-06, 0) (-9.85962e-06, 0) (4.06822e-06, 0) (-3.13505e-05, 0) (2.95113e-05, 0) (-4.06379e-06, 0) (-5.79805e-06, 0) (5.90741e-06, 0) (-5.90962e-06, 0) (3.95148e-06, 0) (-3.54195e-05, 0) (1.8443e-06, 0) (9.86157e-06, 0) 
0 -0.674949 1 (3.59713e-05, 0) (-2.92094e-06, 0) (-8.66888e-06, 0) (3.26002e-05, 0) (-3.37002e-06, 0) (3.36539e-06, 0) (-2.96848e-05, 0) (-6.28523e-06, 0) (5.30413e-06, 0) (-2.38125e-06, 0) (6.28735e-06, 0) (-3.59697e-05, 0) (2.92187e-06, 0) (8.667e-06, 0) (-2.91596e-06, 0) (2.73028e-05, 0) (-2.92355e-06, 0) (-0.353526, 0) (-0.353558, 0) (0.353559, 0) (0.353548, 0) (-0.353534, 0) (-0.353578, 0) (0.353523, 0) (0.353602, 0) (-1.01287e-05, 0) (-2.96427e-05, 0) (2.42249e-05, 0) 
1 -0.314421 1 (0.180057, 0) (-0.254684, 0) (0.180062, 0) (0.26644, 0) (0.0507864, 0) (-0.110404, 0) (-0.0210245, 0) (-0.110359, 0) (-0.0209885, 0) (0.266421, 0) (0.0507415, 0) (-0.22243, 0) (0.314616, 0) (-0.222444, 0) (-0.222476, 0) (0.314576, 0) (-0.222462, 0) (0.0506432, 0) (0.266349, 0) (-0.0209877, 0) (-0.110284, 0) (-0.0210277, 0) (-0.110332, 0) (0.0506913, 0) (0.266371, 0) (0.180147, 0) (-0.254722, 0) (0.180143, 0) 
0 -0.314416 1 (0.180149, 0) (-0.254724, 0) (0.180144, 0) (0.26635, 0) (0.050644, 0) (-0.110285, 0) (-0.0209893, 0) (-0.11033, 0) (-0.0210254, 0) (0.266369, 0) (0.0506889, 0) (-0.222476, 0) (0.314575, 0) (-0.222462, 0) (-0.22243, 0) (0.314615, 0) (-0.222444, 0) (0.0507871, 0) (0.26644, 0) (-0.0210261, 0) (-0.110405, 0) (-0.0209861, 0) (-0.110357, 0) (0.0507391, 0) (0.266418, 0) (0.180059, 0) (-0.254686, 0) (0.180063, 0) 
0 0.122511 1 (0.281422, 0) (1.72736e-05, 0) (-0.281452, 0) (0.0991504, 0) (-0.211553, 0) (0.0991073, 0) (-0.211599, 0) (-0.0990951, 0) (0.211601, 0) (-0.0991505, 0) (0.211574, 0) (-0.24819, 0) (-2.69736e-06, 0) (0.248181, 0) (0.248259, 0) (-3.27734e-06, 0) (-0.248269, 0) (0.211578, 0) (-0.0991512, 0) (0.211531, 0) (-0.0991938, 0) (-0.211531, 0) (0.0992068, 0) (-0.211556, 0) (0.0991514, 0) (-0.281438, 0) (1.8495e-05, 0) (0.281407, 0) 
1 0.122517 1 (-0.281437, 0) (1.72538e-05, 0) (0.281407, 0) (-0.0991517, 0) (0.211577, 0) (-0.0991948, 0) (0.211531, 0) (0.099207, 0) (-0.21153, 0) (0.0991516, 0) (-0.211556, 0) (0.24826, 0) (-2.6874e-06, 0) (-0.248269, 0) (-0.248191, 0) (-3.28648e-06, 0) (0.248182, 0) (-0.211553, 0) (0.0991509, 0) (-0.2116, 0) (0.0991084, 0) (0.2116, 0) (-0.0990953, 0) (0.211575, 0) (-0.0991507, 0) (0.281421, 0) (1.85145e-05, 0) (-0.281452, 0) 
0 1.54594 1 (0.263669, 0) (-0.372894, 0) (0.263685, 0) (0.0797449, 0) (-0.249515, 0) (-0.0329997, 0) (0.103368, 0) (-0.0330294, 0) (0.103346, 0) (0.0797467, 0) (-0.249524, 0) (-0.123985, 0) (0.175319, 0) (-0.123961, 0) (0.124142, 0) (-0.175587, 0) (0.124168, 0) (0.249222, 0) (-0.0798936, 0) (-0.103216, 0) (0.0331255, 0) (-0.103238, 0) (0.0330942, 0) (0.249214, 0) (-0.0798921, 0) (-0.263394, 0) (0.372485, 0) (-0.263379, 0) 
1 1.54595 1 (0.263394, 0) (-0.372484, 0) (0.263378, 0) (0.0798949, 0) (-0.249223, 0) (-0.0331253, 0) (0.103216, 0) (-0.0330956, 0) (0.103238, 0) (0.0798932, 0) (-0.249214, 0) (-0.124144, 0) (0.175589, 0) (-0.124168, 0) (0.123987, 0) (-0.17532, 0) (0.123961, 0) (0.249516, 0) (-0.0797463, 0) (-0.103368, 0) (0.0329994, 0) (-0.103346, 0) (0.0330308, 0) (0.249524, 0) (-0.0797477, 0) (-0.263668, 0) (0.372893, 0) (-0.263684, 0) 
0 2.50405 0 (-0.263394, 0) (0.372484, 0) (-0.263378, 0) (0.0798949, 0) (0.249223, 0) (-0.0331253, 0) (-0.103216, 0) (-0.0330956, 0) (-0.103238, 0) (0.0798932, 0) (0.249214, 0) (-0.124144, 0) (0.175589, 0) (-0.124168, 0) (-0.123987, 0) (0.17532, 0) (-0.123961, 0) (0.249516, 0) (0.0797463, 0) (-0.103368, 0) (-0.0329994, 0) (-0.103346, 0) (-0.0330308, 0) (0.249524, 0) (0.0797477, 0) (-0.263668, 0) (0.372893, 0) (-0.263684, 0) 
1 2.50406 0 (0.263669, 0) (-0.372894, 0) (0.263685, 0) (-0.0797449, 0) (-0.249515, 0) (0.0329997, 0) (0.103368, 0) (0.0330294, 0) (0.103346, 0) (-0.0797467, 0) (-0.249524, 0) (0.123985, 0) (-0.175319, 0) (0.123961, 0) (0.124142, 0) (-0.175587, 0) (0.124168, 0) (-0.249222, 0) (-0.0798936, 0) (0.103216, 0) (0.0331255, 0) (0.103238, 0) (0.0330942, 0) (-0.249214, 0) (-0.0798921, 0) (0.263394, 0) (-0.372485, 0) (0.263379, 0) 
0 3.92748 0 (-0.281437, 0) (1.72538e-05, 0) (0.281407, 0) (0.0991517, 0) (0.211577, 0) (0.0991948, 0) (0.211531, 0) (-0.099207, 0) (-0.21153, 0) (-0.0991516, 0) (-0.211556, 0) (-0.24826, 0) (2.6874e-06, 0) (0.248269, 0) (-0.248191, 0) (-3.28648e-06, 0) (0.248182, 0) (0.211553, 0) (0.0991509, 0) (0.2116, 0) (0.0991084, 0) (-0.2116, 0) (-0.0990953, 0) (-0.211575, 0) (-0.0991507, 0) (-0.281421, 0) (-1.85145e-05, 0) (0.281452, 0) 
1 3.92749 0 (0.281422, 0) (1.72736e-05, 0) (-0.281452, 0) (-0.0991504, 0) (-0.211553, 0) (-0.0991073, 0) (-0.211599, 0) (0.0990951, 0) (0.211601, 0) (0.0991505, 0) (0.211574, 0) (0.24819, 0) (2.69736e-06, 0) (-0.248181, 0) (0.248259, 0) (-3.27734e-06, 0) (-0.248269, 0) (-0.211578, 0) (-0.0991512, 0) (-0.211531, 0) (-0.0991938, 0) (0.211531, 0) (0.0992068, 0) (0.211556, 0) (0.0991514, 0) (0.281438, 0) (-1.8495e-05, 0) (-0.281407, 0) 
1 4.36442 0 (0.180149, 0) (-0.254724, 0) (0.180144, 0) (-0.26635, 0) (0.050644, 0) (0.110285, 0) (-0.0209893, 0) (0.11033, 0) (-0.0210254, 0) (-0.266369, 0) (0.0506889, 0) (0.222476, 0) (-0.314575, 0) (0.222462, 0) (-0.22243, 0) (0.314615, 0) (-0.222444, 0) (-0.0507871, 0) (0.26644, 0) (0.0210261, 0) (-0.110405, 0) (0.0209861, 0) (-0.110357, 0) (-0.0507391, 0) (0.266418, 0) (-0.180059, 0) (0.254686, 0) (-0.180063, 0) 
0 4.36442 0 (0.180057, 0) (-0.254684, 0) (0.180062, 0) (-0.26644, 0) (0.0507864, 0) (0.110404, 0) (-0.0210245, 0) (0.110359, 0) (-0.0209885, 0) (-0.266421, 0) (0.0507415, 0) (0.22243, 0) (-0.314616, 0) (0.222444, 0) (-0.222476, 0) (0.314576, 0) (-0.222462, 0) (-0.0506432, 0) (0.266349, 0) (0.0209877, 0) (-0.110284, 0) (0.0210277, 0) (-0.110332, 0) (-0.0506913, 0) (0.266371, 0) (-0.180147, 0) (0.254722, 0) (-0.180143, 0) 
1 4.72495 0 (-3.59713e-05, 0) (2.92094e-06, 0) (8.66888e-06, 0) (3.26002e-05, 0) (3.37001e-06, 0) (3.36539e-06, 0) (2.96848e-05, 0) (-6.28523e-06, 0) (-5.30413e-06, 0) (-2.38125e-06, 0) (-6.28735e-06, 0) (-3.59697e-05, 0) (2.92187e-06, 0) (8.667e-06, 0) (2.91596e-06, 0) (-2.73028e-05, 0) (2.92355e-06, 0) (-0.353526, 0) (0.353558, 0) (0.353559, 0) (-0.353548, 0) (-0.353534, 0) (0.353578, 0) (0.353523, 0) (-0.353602, 0) (-1.01287e-05, 0) (-2.96427e-05, 0) (2.42249e-05, 0) 
0 4.72495 0 (1.04822e-05, 0) (2.83729e-05, 0) (-2.32891e-05, 0) (-0.35356, 0) (0.353524, 0) (0.35355, 0) (-0.353558, 0) (-0.353578, 0) (0.353534, 0) (0.353601, 0) (-0.353522, 0) (-1.83962e-06, 0) (2.55587e-05, 0) (-1.84699e-06, 0) (3.54182e-05, 0) (-1.84532e-06, 0) (-9.85962e-06, 0) (-4.06821e-06, 0) (-3.13505e-05, 0) (-2.95113e-05, 0) (-4.06378e-06, 0) (5.79805e-06, 0) (5.9074e-06, 0) (5.90962e-06, 0) (3.95149e-06, 0) (3.54195e-05, 0) (-1.8443e-06, 0) (-9.86157e-06, 0) 
1 4.72505 0 (1.04755e-05, 0) (2.83794e-05, 0) (-2.32957e-05, 0) (0.353547, 0) (-0.353583, 0) (-0.353557, 0) (0.353549, 0) (0.353529, 0) (-0.353573, 0) (-0.353506, 0) (0.353584, 0) (-1.84297e-06, 0) (2.55502e-05, 0) (-1.8356e-06, 0) (3.54225e-05, 0) (-1.83727e-06, 0) (-9.87211e-06, 0) (-4.06867e-06, 0) (-3.13533e-05, 0) (-2.95099e-05, 0) (-4.0731e-06, 0) (5.7968e-06, 0) (5.91207e-06, 0) (5.90985e-06, 0) (3.96077e-06, 0) (3.54212e-05, 0) (-1.8383e-06, 0) (-9.87016e-06, 0) 
0 4.72505 0 (3.5972e-05, 0) (-2.91392e-06, 0) (-8.67726e-06, 0) (-3.26031e-05, 0) (-3.36998e-06, 0) (-3.3746e-06, 0) (-2.96836e-05, 0) (6.28962e-06, 0) (5.30202e-06, 0) (2.39004e-06, 0) (6.2875e-06, 0) (3.59736e-05, 0) (-2.91299e-06, 0) (-8.67915e-06, 0) (-2.9189e-06, 0) (2.72943e-05, 0) (-2.91131e-06, 0) (-0.353581, 0) (0.353549, 0) (0.353548, 0) (-0.353559, 0) (-0.353572, 0) (0.353529, 0) (0.353584, 0) (-0.353505, 0) (1.01218e-05, 0) (2.96494e-05, 0) (-2.42307e-05, 0) 
0 5.02144 0 (-0.180773, 0) (-0.255608, 0) (-0.180776, 0) (0.0587583, 0) (0.115566, 0) (0.141887, 0) (0.278925, 0) (0.141876, 0) (0.278945, 0) (0.0587948, 0) (0.115534, 0) (-0.187027, 0) (-0.264426, 0) (-0.187041, 0) (-0.18694, 0) (-0.264443, 0) (-0.186926, 0) (0.115524, 0) (0.0587463, 0) (0.278976, 0) (0.141794, 0) (0.278957, 0) (0.141806, 0) (0.115557, 0) (0.0587095, 0) (-0.180722, 0) (-0.255624, 0) (-0.18072, 0) 
1 5.02144 0 (-0.180723, 0) (-0.255625, 0) (-0.18072, 0) (0.0587462, 0) (0.115524, 0) (0.141794, 0) (0.278976, 0) (0.141805, 0) (0.278957, 0) (0.0587097, 0) (0.115556, 0) (-0.18694, 0) (-0.264443, 0) (-0.186926, 0) (-0.187027, 0) (-0.264425, 0) (-0.18704, 0) (0.115567, 0) (0.0587582, 0) (0.278926, 0) (0.141887, 0) (0.278945, 0) (0.141875, 0) (0.115534, 0) (0.058795, 0) (-0.180774, 0) (-0.255608, 0) (-0.180776, 0) 
1 5.58206 0 (-0.310315, 0) (4.26184e-07, 0) (0.31033, 0) (0.204386, 0) (0.04104, 0) (0.204389, 0) (0.0410323, 0) (-0.20439, 0) (-0.0410425, 0) (-0.204368, 0) (-0.0410603, 0) (-0.258448, 0) (4.34719e-06, 0) (0.258453, 0) (0.258428, 0) (4.41892e-06, 0) (-0.258424, 0) (-0.0409973, 0) (-0.204412, 0) (-0.041004, 0) (-0.20441, 0) (0.0409939, 0) (0.20441, 0) (0.0409762, 0) (0.204431, 0) (0.310287, 0) (2.6403e-07, 0) (-0.310272, 0) 
0 5.58206 0 (-0.310286, 0) (-4.37224e-07, 0) (0.310271, 0) (0.204413, 0) (0.0409962, 0) (0.20441, 0) (0.0410038, 0) (-0.20441, 0) (-0.0409937, 0) (-0.204431, 0) (-0.0409759, 0) (-0.258428, 0) (-4.35244e-06, 0) (0.258424, 0) (0.258448, 0) (-4.41376e-06, 0) (-0.258453, 0) (-0.0410389, 0) (-0.204387, 0) (-0.0410321, 0) (-0.204389, 0) (0.0410423, 0) (0.20439, 0) (0.04106, 0) (0.204369, 0) (0.310314, 0) (-2.52811e-07, 0) (-0.310329, 0) 
1 5.66084 0 (0.134218, 0) (-0.189781, 0) (0.134231, 0) (-0.308468, 0) (0.281184, 0) (0.127749, 0) (-0.116473, 0) (0.127744, 0) (-0.116482, 0) (-0.308465, 0) (0.281193, 0) (-0.0701412, 0) (0.0992284, 0) (-0.0701256, 0) (-0.0702554, 0) (0.0993217, 0) (-0.0702709, 0) (0.281231, 0) (-0.308485, 0) (-0.116487, 0) (0.127802, 0) (-0.116478, 0) (0.127807, 0) (0.281222, 0) (-0.30849, 0) (0.134164, 0) (-0.189768, 0) (0.134151, 0) 
0 5.66084 0 (0.134163, 0) (-0.189767, 0) (0.134151, 0) (-0.308487, 0) (0.281231, 0) (0.127803, 0) (-0.116487, 0) (0.127807, 0) (-0.116478, 0) (-0.30849, 0) (0.281221, 0) (-0.0702551, 0) (0.099322, 0) (-0.0702708, 0) (-0.0701409, 0) (0.0992287, 0) (-0.0701254, 0) (0.281184, 0) (-0.30847, 0) (-0.116473, 0) (0.127749, 0) (-0.116482, 0) (0.127744, 0) (0.281193, 0) (-0.308465, 0) (0.134217, 0) (-0.18978, 0) (0.13423, 0) 
1 6.50047 0 (0.0714779, 0) (-0.10111, 0) (0.0714732, 0) (-0.202248, 0) (0.263775, 0) (0.0837773, 0) (-0.109241, 0) (0.083785, 0) (-0.109251, 0) (-0.202239, 0) (0.263783, 0) (-0.234948, 0) (0.33224, 0) (-0.23494, 0) (0.234923, 0) (-0.332261, 0) (0.234931, 0) (-0.263687, 0) (0.202191, 0) (0.109241, 0) (-0.0837443, 0) (0.109231, 0) (-0.0837371, 0) (-0.263678, 0) (0.202199, 0) (-0.0714518, 0) (0.101018, 0) (-0.0714558, 0) 
0 6.50047 0 (-0.0714498, 0) (0.10102, 0) (-0.0714544, 0) (0.20219, 0) (-0.263686, 0) (-0.0837462, 0) (0.109241, 0) (-0.0837385, 0) (0.10923, 0) (0.202199, 0) (-0.263678, 0) (0.234924, 0) (-0.33226, 0) (0.234932, 0) (-0.234949, 0) (0.332239, 0) (-0.234942, 0) (0.263774, 0) (-0.202247, 0) (-0.10924, 0) (0.0837792, 0) (-0.10925, 0) (0.0837863, 0) (0.263783, 0) (-0.202239, 0) (0.0714759, 0) (-0.101112, 0) (0.0714718, 0) 
0 6.60922 0 (0.223295, 0) (0.315741, 0) (0.223303, 0) (-0.111065, 0) (-0.0347279, 0) (-0.26809, 0) (-0.0838758, 0) (-0.268107, 0) (-0.0838603, 0) (-0.111087, 0) (-0.0347082, 0) (0.170033, 0) (0.240472, 0) (0.170025, 0) (-0.170079, 0) (-0.240523, 0) (-0.170088, 0) (0.0347889, 0) (0.111017, 0) (0.0839569, 0) (0.26806, 0) (0.0839728, 0) (0.268043, 0) (0.0348091, 0) (0.110995, 0) (-0.223285, 0) (-0.315817, 0) (-0.223278, 0) 
1 6.60922 0 (-0.223285, 0) (-0.315819, 0) (-0.223278, 0) (0.111015, 0) (0.0347908, 0) (0.26806, 0) (0.083957, 0) (0.268043, 0) (0.0839725, 0) (0.110994, 0) (0.0348106, 0) (-0.170081, 0) (-0.240521, 0) (-0.170089, 0) (0.170034, 0) (0.24047, 0) (0.170026, 0) (-0.0347299, 0) (-0.111064, 0) (-0.0838759, 0) (-0.26809, 0) (-0.08386, 0) (-0.268107, 0) (-0.0347097, 0) (-0.111086, 0) (0.223295, 0) (0.315743, 0) (0.223302, 0) 
1 7.13129 0 (0.240324, 0) (-7.35052e-06, 0) (-0.24035, 0) (-0.22724, 0) (0.189449, 0) (-0.227231, 0) (0.189444, 0) (0.227245, 0) (-0.189434, 0) (0.227248, 0) (-0.189458, 0) (-0.131026, 0) (-1.12743e-05, 0) (0.131013, 0) (-0.131087, 0) (1.1338e-05, 0) (0.1311, 0) (0.189465, 0) (-0.227255, 0) (0.18947, 0) (-0.227264, 0) (-0.18948, 0) (0.22725, 0) (-0.189456, 0) (0.227247, 0) (0.240315, 0) (7.19103e-06, 0) (-0.240288, 0) 
0 7.13129 0 (0.240314, 0) (7.35583e-06, 0) (-0.240287, 0) (-0.227256, 0) (0.189465, 0) (-0.227264, 0) (0.18947, 0) (0.22725, 0) (-0.18948, 0) (0.227248, 0) (-0.189456, 0) (-0.131088, 0) (1.127e-05, 0) (0.1311, 0) (-0.131026, 0) (-1.13425e-05, 0) (0.131013, 0) (0.189448, 0) (-0.22724, 0) (0.189444, 0) (-0.227232, 0) (-0.189434, 0) (0.227245, 0) (-0.189457, 0) (0.227248, 0) (0.240323, 0) (-7.18546e-06, 0) (-0.24035, 0) 
1 8.17672 0 (-0.129488, 0) (-2.6387e-05, 0) (0.129458, 0) (0.147498, 0) (-0.206581, 0) (0.147511, 0) (-0.206588, 0) (-0.147451, 0) (0.206537, 0) (-0.147474, 0) (0.206568, 0) (0.323153, 0) (1.5485e-05, 0) (-0.323126, 0) (-0.323123, 0) (1.51502e-05, 0) (0.32315, 0) (0.206524, 0) (-0.147448, 0) (0.206517, 0) (-0.147435, 0) (-0.206567, 0) (0.147494, 0) (-0.206536, 0) (0.147472, 0) (0.129417, 0) (-2.61634e-05, 0) (-0.129447, 0) 
0 8.17672 0 (-0.129416, 0) (2.63801e-05, 0) (0.129447, 0) (0.147448, 0) (-0.206523, 0) (0.147434, 0) (-0.206516, 0) (-0.147494, 0) (0.206567, 0) (-0.147472, 0) (0.206536, 0) (0.323123, 0) (-1.54929e-05, 0) (-0.32315, 0) (-0.323153, 0) (-1.51472e-05, 0) (0.323126, 0) (0.20658, 0) (-0.147498, 0) (0.206587, 0) (-0.147511, 0) (-0.206537, 0) (0.147452, 0) (-0.206568, 0) (0.147474, 0) (0.129487, 0) (2.61787e-05, 0) (-0.129458, 0) 
0 8.20745 0 (-0.180785, 0) (-0.255625, 0) (-0.180749, 0) (0.121261, 0) (-0.0968717, 0) (0.292725, 0) (-0.23385, 0) (0.292694, 0) (-0.233809, 0) (0.121231, 0) (-0.0968277, 0) (0.100567, 0) (0.142191, 0) (0.100508, 0) (0.100449, 0) (0.142088, 0) (0.100508, 0) (-0.0968185, 0) (0.121234, 0) (-0.23376, 0) (0.292711, 0) (-0.2338, 0) (0.292742, 0) (-0.0968626, 0) (0.121265, 0) (-0.180789, 0) (-0.255718, 0) (-0.180825, 0) 
1 8.20745 0 (0.180789, 0) (0.255719, 0) (0.180825, 0) (-0.121234, 0) (0.0968185, 0) (-0.292711, 0) (0.23376, 0) (-0.292741, 0) (0.2338, 0) (-0.121264, 0) (0.0968625, 0) (-0.100448, 0) (-0.142088, 0) (-0.100508, 0) (-0.100567, 0) (-0.14219, 0) (-0.100507, 0) (0.0968718, 0) (-0.121261, 0) (0.23385, 0) (-0.292725, 0) (0.233809, 0) (-0.292694, 0) (0.0968276, 0) (-0.121231, 0) (0.180786, 0) (0.255625, 0) (0.180749, 0) 
1 9.31966 0 (0.0989458, -0) (0.139942, -0) (0.0989503, -0) (-0.0782935, 0) (0.112586, -0) (-0.189017, 0) (0.271798, -0) (-0.189017, 0) (0.271798, -0) (-0.078294, 0) (0.11259, -0) (-0.22587, 0) (-0.319421, 0) (-0.225866, 0) (0.225865, -0) (0.319429, -0) (0.225869, -0) (-0.11257, 0) (0.0782806, -0) (-0.271776, 0) (0.188987, -0) (-0.271776, 0) (0.188987, -0) (-0.112566, 0) (0.0782803, -0) (-0.0989198, 0) (-0.139883, 0) (-0.0989152, 0) 
0 9.31966 0 (0.0989194, 0) (0.139882, 0) (0.098915, 0) (-0.0782807, 0) (0.11257, 0) (-0.188987, 0) (0.271776, 0) (-0.188987, 0) (0.271776, 0) (-0.0782802, 0) (0.112566, 0) (-0.225865, 0) (-0.319429, 0) (-0.225869, 0) (0.22587, 0) (0.319421, 0) (0.225866, 0) (-0.112586, 0) (0.0782937, 0) (-0.271798, 0) (0.189017, 0) (-0.271798, 0) (0.189017, 0) (-0.11259, 0) (0.078294, 0) (-0.0989455, 0) (-0.139941, 0) (-0.0989501, 0) 
