su -1.78085 (-0.233248,0.000000) (-0.136995,0.000000) (-0.096938,0.000000) (-0.136995,0.000000) (-0.233248,0.000000) (-0.315199,0.000000) (-0.199293,0.000000) (-0.136995,0.000000) (-0.233248,0.000000) (-0.199293,0.000000) (-0.233248,0.000000) (-0.315199,0.000000) (-0.339958,0.000000) (-0.233248,0.000000) (-0.136995,0.000000) (-0.096938,0.000000) (-0.136995,0.000000) (-0.315199,0.000000) (-0.233248,0.000000) (-0.199293,0.000000) (-0.136995,0.000000) (-0.096938,0.000000)
sd -1.69753 (0.242544,0.000000) (0.118170,0.000000) (0.096389,0.000000) (0.118170,0.000000) (0.242544,0.000000) (0.319489,0.000000) (0.165129,0.000000) (0.118170,0.000000) (0.242544,0.000000) (0.165129,0.000000) (0.242544,0.000000) (0.319489,0.000000) (0.383868,0.000000) (0.242544,0.000000) (0.118170,0.000000) (0.096389,0.000000) (0.118170,0.000000) (0.319489,0.000000) (0.242544,0.000000) (0.165129,0.000000) (0.118170,0.000000) (0.096389,0.000000)
su -1.32024 (0.339766,0.000000) (0.272758,0.000000) (0.192004,0.000000) (0.181490,0.000000) (0.161829,0.000000) (0.239089,0.000000) (-0.043111,0.000000) (-0.240939,0.000000) (-0.242885,0.000000) (0.280658,0.000000) (0.187914,0.000000) (0.043391,0.000000) (0.000000,0.000000) (-0.096881,0.000000) (-0.031819,0.000000) (0.034846,0.000000) (0.114259,0.000000) (-0.282480,0.000000) (-0.349743,0.000000) (-0.237547,0.000000) (-0.295749,0.000000) (-0.226850,0.000000)
su -1.32024 (-0.084296,0.000000) (-0.120735,0.000000) (-0.151090,0.000000) (-0.236718,0.000000) (-0.310416,0.000000) (-0.188142,0.000000) (-0.299186,0.000000) (-0.175848,0.000000) (-0.252098,0.000000) (0.112257,0.000000) (0.295356,0.000000) (0.301128,0.000000) (0.000000,0.000000) (0.336394,0.000000) (0.296583,0.000000) (0.241825,0.000000) (0.275534,0.000000) (-0.112986,0.000000) (0.015060,0.000000) (0.186928,0.000000) (-0.038816,0.000000) (-0.090735,0.000000)
sd -1.19689 (-0.361222,0.000000) (-0.242498,0.000000) (-0.212899,0.000000) (-0.172932,0.000000) (-0.196523,0.000000) (-0.251329,0.000000) (0.034235,0.000000) (0.224474,0.000000) (0.279952,0.000000) (-0.223067,0.000000) (-0.182387,0.000000) (-0.045565,0.000000) (-0.000000,0.000000) (0.081270,0.000000) (0.018024,0.000000) (-0.038598,0.000000) (-0.093340,0.000000) (0.296894,0.000000) (0.378911,0.000000) (0.188832,0.000000) (0.266272,0.000000) (0.251497,0.000000)
sd -1.19689 (-0.114709,0.000000) (-0.119194,0.000000) (-0.167486,0.000000) (-0.207622,0.000000) (-0.324065,0.000000) (-0.197719,0.000000) (-0.237810,0.000000) (-0.150412,0.000000) (-0.255473,0.000000) (0.089257,0.000000) (0.332227,0.000000) (0.316517,0.000000) (0.000000,0.000000) (0.370182,0.000000) (0.269606,0.000000) (0.268119,0.000000) (0.253575,0.000000) (-0.118798,0.000000) (-0.008161,0.000000) (0.148553,0.000000) (-0.045953,0.000000) (-0.100633,0.000000)
su -0.746543 (0.296599,0.000000) (0.327533,-0.000000) (0.154056,-0.000000) (-0.051444,0.000000) (-0.224839,0.000000) (0.047079,-0.000000) (-0.391081,0.000000) (-0.140462,0.000000) (-0.286090,0.000000) (0.147046,0.000000) (-0.104490,0.000000) (-0.075446,0.000000) (-0.000000,0.000000) (-0.010509,0.000000) (-0.187072,0.000000) (-0.246884,0.000000) (-0.255377,0.000000) (0.028368,0.000000) (0.329329,-0.000000) (0.244035,-0.000000) (0.306822,0.000000) (0.092828,0.000000)
su -0.746543 (-0.159107,0.000000) (0.026910,0.000000) (0.196133,0.000000) (0.324586,-0.000000) (0.250466,-0.000000) (0.059937,0.000000) (0.055997,-0.000000) (-0.297107,0.000000) (-0.177308,0.000000) (-0.366685,0.000000) (-0.319949,0.000000) (0.010803,-0.000000) (0.000000,-0.000000) (0.336415,-0.000000) (0.270197,-0.000000) (0.035350,-0.000000) (-0.206845,0.000000) (-0.070740,0.000000) (0.069484,0.000000) (0.310688,0.000000) (-0.117741,0.000000) (-0.231483,0.000000)
su -0.684108 (-0.038876,0.000000) (-0.247305,0.000000) (-0.285952,0.000000) (-0.247305,0.000000) (-0.038876,0.000000) (0.243857,0.000000) (-0.062500,0.000000) (-0.247305,0.000000) (-0.038876,0.000000) (-0.062500,0.000000) (-0.038876,0.000000) (0.243857,0.000000) (0.434226,0.000000) (-0.038876,0.000000) (-0.247305,0.000000) (-0.285952,0.000000) (-0.247305,0.000000) (0.243857,0.000000) (-0.038876,0.000000) (-0.062500,0.000000) (-0.247305,0.000000) (-0.285952,0.000000)
sd -0.584197 (0.058328,0.000000) (0.223694,0.000000) (0.334217,0.000000) (0.223693,0.000000) (0.058327,0.000000) (-0.207617,0.000000) (0.063945,0.000000) (0.223693,0.000000) (0.058327,0.000000) (0.063946,0.000000) (0.058328,0.000000) (-0.207617,0.000000) (-0.450190,0.000000) (0.058327,0.000000) (0.223693,0.000000) (0.334217,0.000000) (0.223693,0.000000) (-0.207617,0.000000) (0.058328,0.000000) (0.063946,0.000000) (0.223694,0.000000) (0.334217,0.000000)
sd -0.567608 (0.329749,0.000000) (0.286137,0.000000) (0.167628,0.000000) (-0.064530,0.000000) (-0.279796,0.000000) (0.031419,0.000000) (-0.346111,0.000000) (-0.141416,0.000000) (-0.345869,0.000000) (0.129369,0.000000) (-0.095889,0.000000) (-0.050172,0.000000) (0.000001,0.000000) (0.016120,0.000000) (-0.144722,0.000000) (-0.267682,0.000000) (-0.209160,0.000000) (0.018754,0.000000) (0.375685,0.000000) (0.216742,0.000000) (0.273689,0.000000) (0.100054,0.000000)
sd -0.567608 (0.208994,0.000000) (-0.001909,0.000000) (-0.212313,0.000000) (-0.278773,0.000000) (-0.272263,0.000000) (-0.039794,0.000000) (-0.050445,0.000000) (0.248757,0.000000) (0.181074,0.000000) (0.324964,0.000000) (0.378442,0.000000) (-0.007312,0.000000) (0.000000,0.000000) (-0.390068,0.000000) (-0.246848,0.000000) (-0.039014,0.000000) (0.195270,0.000000) (0.047107,0.000000) (-0.106179,0.000000) (-0.274519,0.000000) (0.083502,0.000000) (0.251326,0.000000)
su -0.197351 (0.260123,0.000000) (0.314647,0.000000) (0.000000,0.000000) (-0.314647,0.000000) (-0.260123,0.000000) (-0.000000,0.000000) (-0.000000,0.000000) (0.314647,0.000000) (0.260123,0.000000) (-0.000000,0.000000) (-0.260123,0.000000) (0.000000,0.000000) (0.000000,0.000000) (0.260123,0.000000) (0.314647,0.000000) (-0.000000,0.000000) (-0.314647,0.000000) (0.000000,0.000000) (-0.260123,0.000000) (0.000000,0.000000) (-0.314647,0.000000) (-0.000000,0.000000)
su -0.137619 (0.226937,0.000000) (-0.025597,0.000000) (-0.246569,0.000000) (-0.266145,0.000000) (0.042441,0.000000) (0.294297,0.000000) (0.020649,0.000000) (-0.229728,0.000000) (-0.028037,0.000000) (-0.007751,0.000000) (-0.232343,0.000000) (-0.471136,0.000000) (0.000000,0.000000) (-0.198900,0.000000) (0.255325,0.000000) (0.394729,0.000000) (0.211721,0.000000) (0.176839,0.000000) (0.189902,0.000000) (-0.012899,0.000000) (0.054424,0.000000) (-0.148160,0.000000)
su -0.137619 (-0.098648,0.000000) (0.280045,0.000000) (0.313437,0.000000) (0.090815,0.000000) (-0.243783,0.000000) (-0.374108,0.000000) (0.002972,0.000000) (-0.162190,0.000000) (0.245857,0.000000) (-0.019370,0.000000) (0.085137,0.000000) (-0.067814,0.000000) (0.000000,0.000000) (-0.147209,0.000000) (-0.117855,0.000000) (0.056817,0.000000) (0.185081,0.000000) (0.441923,0.000000) (0.158647,0.000000) (0.016397,0.000000) (-0.275896,0.000000) (-0.370254,0.000000)
sd -0.0879912 (-0.092138,0.000000) (0.231919,0.000000) (0.384037,0.000000) (0.091596,0.000000) (-0.268752,0.000000) (-0.325042,0.000000) (-0.001908,0.000000) (-0.148926,0.000000) (0.266217,0.000000) (0.012436,0.000000) (0.108653,0.000000) (-0.058927,0.000000) (-0.000000,0.000000) (-0.174079,0.000000) (-0.082993,0.000000) (0.069622,0.000000) (0.141643,0.000000) (0.383969,0.000000) (0.160098,0.000000) (-0.010527,0.000000) (-0.233239,0.000000) (-0.453659,0.000000)
sd -0.0879911 (-0.254205,0.000000) (0.038067,0.000000) (0.302117,0.000000) (0.216438,0.000000) (-0.029702,0.000000) (-0.255706,0.000000) (0.013258,0.000000) (0.181814,0.000000) (0.047309,0.000000) (-0.004976,0.000000) (0.247596,0.000000) (0.409348,0.000000) (0.000000,0.000000) (0.206896,0.000000) (-0.219881,0.000000) (-0.483644,0.000000) (-0.187544,0.000000) (-0.153642,0.000000) (-0.217895,0.000000) (-0.008282,0.000000) (-0.028895,0.000000) (0.181528,0.000000)
su -0.0853409 (0.128605,0.000000) (-0.122044,0.000000) (-0.215831,0.000000) (-0.122045,0.000000) (0.128605,0.000000) (-0.135419,0.000000) (0.398620,0.000000) (-0.122045,0.000000) (0.128605,0.000000) (0.398620,0.000000) (0.128605,0.000000) (-0.135419,0.000000) (-0.374083,0.000000) (0.128605,0.000000) (-0.122044,0.000000) (-0.215830,0.000000) (-0.122044,0.000000) (-0.135419,0.000000) (0.128605,0.000000) (0.398620,0.000000) (-0.122044,0.000000) (-0.215831,0.000000)
sd -0.0389713 (0.314647,0.000000) (0.260123,0.000000) (-0.000000,0.000000) (-0.260123,0.000000) (-0.314647,0.000000) (0.000000,0.000000) (0.000000,0.000000) (0.260123,0.000000) (0.314647,0.000000) (0.000000,0.000000) (-0.314647,0.000000) (-0.000000,0.000000) (-0.000000,0.000000) (0.314647,0.000000) (0.260123,0.000000) (0.000000,0.000000) (-0.260123,0.000000) (-0.000000,0.000000) (-0.314647,0.000000) (-0.000000,0.000000) (-0.260123,0.000000) (0.000000,0.000000)
sd 0.105945 (-0.178835,0.000000) (0.088554,0.000000) (0.273118,0.000000) (0.088554,0.000000) (-0.178835,0.000000) (0.104881,0.000000) (-0.315365,0.000000) (0.088554,0.000000) (-0.178835,0.000000) (-0.315365,0.000000) (-0.178835,0.000000) (0.104881,0.000000) (0.453777,0.000000) (-0.178835,0.000000) (0.088554,0.000000) (0.273118,0.000000) (0.088554,0.000000) (0.104882,0.000000) (-0.178834,0.000000) (-0.315365,0.000000) (0.088554,0.000000) (0.273117,0.000000)
su 0.618357 (-0.008967,0.000000) (0.336598,0.000000) (0.012672,0.000000) (-0.331185,0.000000) (-0.016317,0.000000) (-0.158666,0.000000) (0.483423,0.000000) (-0.392774,0.000000) (-0.011938,0.000000) (-0.181465,0.000000) (0.019573,0.000000) (0.254017,0.000000) (0.000000,0.000000) (0.020905,0.000000) (0.056176,0.000000) (-0.020287,0.000000) (-0.064843,0.000000) (-0.095352,0.000000) (-0.003256,0.000000) (-0.301959,0.000000) (0.396028,0.000000) (0.007615,0.000000)
su 0.618357 (-0.018962,0.000000) (-0.259201,0.000000) (0.016109,0.000000) (0.266084,0.000000) (-0.013180,0.000000) (-0.201708,0.000000) (-0.069567,0.000000) (-0.161902,0.000000) (0.017247,0.000000) (0.453441,0.000000) (-0.007540,0.000000) (-0.036554,0.000000) (-0.000000,0.000000) (0.001715,0.000000) (0.421104,0.000000) (0.002919,0.000000) (-0.419856,0.000000) (0.238263,0.000000) (0.020721,0.000000) (-0.383873,0.000000) (0.153773,0.000000) (-0.019028,0.000000)
sd 1.18164 (-0.018962,0.000000) (0.259201,0.000000) (0.016109,0.000000) (-0.266084,0.000000) (-0.013180,0.000000) (0.201708,0.000000) (0.069567,0.000000) (0.161902,0.000000) (0.017247,0.000000) (-0.453441,0.000000) (-0.007540,0.000000) (0.036554,0.000000) (-0.000000,0.000000) (0.001715,0.000000) (-0.421104,0.000000) (0.002919,0.000000) (0.419856,0.000000) (-0.238263,0.000000) (0.020721,0.000000) (0.383873,0.000000) (-0.153773,0.000000) (-0.019028,0.000000)
sd 1.18164 (-0.008967,0.000000) (-0.336598,0.000000) (0.012672,0.000000) (0.331185,0.000000) (-0.016317,0.000000) (0.158666,0.000000) (-0.483423,0.000000) (0.392774,0.000000) (-0.011938,0.000000) (0.181465,0.000000) (0.019573,0.000000) (-0.254017,0.000000) (0.000000,0.000000) (0.020905,0.000000) (-0.056176,0.000000) (-0.020287,0.000000) (0.064843,0.000000) (0.095352,0.000000) (-0.003256,0.000000) (0.301959,0.000000) (-0.396028,0.000000) (0.007615,0.000000)
su 1.69406 (-0.178835,0.000000) (-0.088554,0.000000) (0.273118,0.000000) (-0.088554,0.000000) (-0.178835,0.000000) (-0.104881,0.000000) (0.315365,0.000000) (-0.088554,0.000000) (-0.178835,0.000000) (0.315365,0.000000) (-0.178835,0.000000) (-0.104881,0.000000) (0.453777,0.000000) (-0.178835,0.000000) (-0.088554,0.000000) (0.273118,0.000000) (-0.088554,0.000000) (-0.104882,0.000000) (-0.178834,0.000000) (0.315365,0.000000) (-0.088554,0.000000) (0.273117,0.000000)
su 1.83897 (0.314647,0.000000) (-0.260123,0.000000) (-0.000000,0.000000) (0.260123,0.000000) (-0.314647,0.000000) (-0.000000,0.000000) (-0.000000,0.000000) (-0.260123,0.000000) (0.314647,0.000000) (-0.000000,0.000000) (-0.314647,0.000000) (0.000000,0.000000) (-0.000000,0.000000) (0.314647,0.000000) (-0.260123,0.000000) (0.000000,0.000000) (0.260123,0.000000) (0.000000,0.000000) (-0.314647,0.000000) (0.000000,0.000000) (0.260123,0.000000) (0.000000,0.000000)
sd 1.88534 (0.128605,0.000000) (0.122044,0.000000) (-0.215831,0.000000) (0.122045,0.000000) (0.128605,0.000000) (0.135419,0.000000) (-0.398620,0.000000) (0.122045,0.000000) (0.128605,0.000000) (-0.398620,0.000000) (0.128605,0.000000) (0.135419,0.000000) (-0.374083,0.000000) (0.128605,0.000000) (0.122044,0.000000) (-0.215830,0.000000) (0.122044,0.000000) (0.135419,0.000000) (0.128605,0.000000) (-0.398620,0.000000) (0.122044,0.000000) (-0.215831,0.000000)
su 1.88799 (-0.254205,0.000000) (-0.038067,0.000000) (0.302117,0.000000) (-0.216438,0.000000) (-0.029702,0.000000) (0.255706,0.000000) (-0.013258,0.000000) (-0.181814,0.000000) (0.047309,0.000000) (0.004976,0.000000) (0.247596,0.000000) (-0.409348,0.000000) (0.000000,0.000000) (0.206896,0.000000) (0.219881,0.000000) (-0.483644,0.000000) (0.187544,0.000000) (0.153642,0.000000) (-0.217895,0.000000) (0.008282,0.000000) (0.028895,0.000000) (0.181528,0.000000)
su 1.88799 (-0.092138,0.000000) (-0.231919,0.000000) (0.384037,0.000000) (-0.091596,0.000000) (-0.268752,0.000000) (0.325042,0.000000) (0.001908,0.000000) (0.148926,0.000000) (0.266217,0.000000) (-0.012436,0.000000) (0.108653,0.000000) (0.058927,0.000000) (-0.000000,0.000000) (-0.174079,0.000000) (0.082993,0.000000) (0.069622,0.000000) (-0.141643,0.000000) (-0.383969,0.000000) (0.160098,0.000000) (0.010527,0.000000) (0.233239,0.000000) (-0.453659,0.000000)
sd 1.93762 (-0.098648,0.000000) (-0.280045,0.000000) (0.313437,0.000000) (-0.090815,0.000000) (-0.243783,0.000000) (0.374108,0.000000) (-0.002972,0.000000) (0.162190,0.000000) (0.245857,0.000000) (0.019370,0.000000) (0.085137,0.000000) (0.067814,0.000000) (0.000000,0.000000) (-0.147209,0.000000) (0.117855,0.000000) (0.056817,0.000000) (-0.185081,0.000000) (-0.441923,0.000000) (0.158647,0.000000) (-0.016397,0.000000) (0.275896,0.000000) (-0.370254,0.000000)
sd 1.93762 (0.226937,0.000000) (0.025597,0.000000) (-0.246569,0.000000) (0.266145,0.000000) (0.042441,0.000000) (-0.294297,0.000000) (-0.020649,0.000000) (0.229728,0.000000) (-0.028037,0.000000) (0.007751,0.000000) (-0.232343,0.000000) (0.471136,0.000000) (0.000000,0.000000) (-0.198900,0.000000) (-0.255325,0.000000) (0.394729,0.000000) (-0.211721,0.000000) (-0.176839,0.000000) (0.189902,0.000000) (0.012899,0.000000) (-0.054424,0.000000) (-0.148160,0.000000)
sd 1.99735 (-0.260123,0.000000) (0.314647,0.000000) (-0.000000,0.000000) (-0.314647,0.000000) (0.260123,0.000000) (-0.000000,0.000000) (-0.000000,0.000000) (0.314647,0.000000) (-0.260123,0.000000) (-0.000000,0.000000) (0.260123,0.000000) (0.000000,0.000000) (-0.000000,0.000000) (-0.260123,0.000000) (0.314647,0.000000) (0.000000,0.000000) (-0.314647,0.000000) (0.000000,0.000000) (0.260123,0.000000) (0.000000,0.000000) (-0.314647,0.000000) (0.000000,0.000000)
su 2.36761 (-0.208994,0.000000) (-0.001909,0.000000) (0.212313,0.000000) (-0.278773,0.000000) (0.272263,0.000000) (-0.039794,0.000000) (-0.050445,0.000000) (0.248757,0.000000) (-0.181074,0.000000) (0.324963,0.000000) (-0.378442,0.000000) (-0.007312,0.000000) (-0.000000,0.000000) (0.390068,0.000000) (-0.246848,0.000000) (0.039014,0.000000) (0.195270,0.000000) (0.047107,0.000000) (0.106179,0.000000) (-0.274519,0.000000) (0.083502,0.000000) (-0.251326,0.000000)
su 2.36761 (0.329749,0.000000) (-0.286137,0.000000) (0.167628,0.000000) (0.064530,0.000000) (-0.279796,0.000000) (-0.031419,0.000000) (0.346111,0.000000) (0.141415,0.000000) (-0.345869,0.000000) (-0.129369,0.000000) (-0.095888,0.000000) (0.050172,0.000000) (0.000001,0.000000) (0.016119,0.000000) (0.144723,0.000000) (-0.267683,0.000000) (0.209160,0.000000) (-0.018754,0.000000) (0.375684,0.000000) (-0.216742,0.000000) (-0.273689,0.000000) (0.100054,0.000000)
su 2.3842 (0.058328,0.000000) (-0.223694,0.000000) (0.334217,0.000000) (-0.223693,0.000000) (0.058327,0.000000) (0.207617,0.000000) (-0.063945,0.000000) (-0.223693,0.000000) (0.058327,0.000000) (-0.063946,0.000000) (0.058328,0.000000) (0.207617,0.000000) (-0.450190,0.000000) (0.058327,0.000000) (-0.223693,0.000000) (0.334217,0.000000) (-0.223693,0.000000) (0.207617,0.000000) (0.058328,0.000000) (-0.063946,0.000000) (-0.223694,0.000000) (0.334217,0.000000)
sd 2.48411 (0.038876,0.000000) (-0.247305,0.000000) (0.285952,0.000000) (-0.247305,0.000000) (0.038876,0.000000) (0.243857,0.000000) (-0.062500,0.000000) (-0.247305,0.000000) (0.038876,0.000000) (-0.062500,0.000000) (0.038876,0.000000) (0.243857,0.000000) (-0.434226,0.000000) (0.038876,0.000000) (-0.247305,0.000000) (0.285952,0.000000) (-0.247305,0.000000) (0.243857,0.000000) (0.038876,0.000000) (-0.062500,0.000000) (-0.247305,0.000000) (0.285952,0.000000)
sd 2.54654 (0.159107,0.000000) (0.026910,0.000000) (-0.196133,0.000000) (0.324586,0.000000) (-0.250466,0.000000) (0.059937,0.000000) (0.055997,0.000000) (-0.297107,0.000000) (0.177308,0.000000) (-0.366685,0.000000) (0.319949,0.000000) (0.010803,0.000000) (-0.000000,0.000000) (-0.336415,0.000000) (0.270197,0.000000) (-0.035350,0.000000) (-0.206845,0.000000) (-0.070740,0.000000) (-0.069484,0.000000) (0.310688,0.000000) (-0.117740,0.000000) (0.231483,0.000000)
sd 2.54654 (0.296599,0.000000) (-0.327533,0.000000) (0.154056,0.000000) (0.051444,0.000000) (-0.224839,0.000000) (-0.047079,0.000000) (0.391081,0.000000) (0.140462,0.000000) (-0.286090,0.000000) (-0.147046,0.000000) (-0.104490,0.000000) (0.075446,0.000000) (-0.000000,0.000000) (-0.010509,0.000000) (0.187072,0.000000) (-0.246884,0.000000) (0.255377,0.000000) (-0.028368,0.000000) (0.329329,0.000000) (-0.244035,0.000000) (-0.306822,0.000000) (0.092828,0.000000)
su 2.99689 (-0.114709,0.000000) (0.119194,0.000000) (-0.167486,0.000000) (0.207622,0.000000) (-0.324065,0.000000) (0.197719,0.000000) (0.237810,0.000000) (0.150412,0.000000) (-0.255473,0.000000) (-0.089257,0.000000) (0.332227,0.000000) (-0.316517,0.000000) (0.000000,0.000000) (0.370182,0.000000) (-0.269606,0.000000) (0.268119,0.000000) (-0.253575,0.000000) (0.118798,0.000000) (-0.008161,0.000000) (-0.148553,0.000000) (0.045953,0.000000) (-0.100633,0.000000)
su 2.99689 (0.361222,0.000000) (-0.242498,0.000000) (0.212899,0.000000) (-0.172932,0.000000) (0.196523,0.000000) (-0.251329,0.000000) (0.034235,0.000000) (0.224474,0.000000) (-0.279952,0.000000) (-0.223067,0.000000) (0.182387,0.000000) (-0.045565,0.000000) (0.000000,0.000000) (-0.081270,0.000000) (0.018024,0.000000) (0.038598,0.000000) (-0.093340,0.000000) (0.296894,0.000000) (-0.378911,0.000000) (0.188832,0.000000) (0.266272,0.000000) (-0.251497,0.000000)
sd 3.12024 (-0.084296,0.000000) (0.120735,0.000000) (-0.151090,0.000000) (0.236718,0.000000) (-0.310416,0.000000) (0.188142,0.000000) (0.299186,0.000000) (0.175848,0.000000) (-0.252098,0.000000) (-0.112257,0.000000) (0.295356,0.000000) (-0.301128,0.000000) (0.000000,0.000000) (0.336394,0.000000) (-0.296583,0.000000) (0.241825,0.000000) (-0.275534,0.000000) (0.112986,0.000000) (0.015060,0.000000) (-0.186928,0.000000) (0.038816,0.000000) (-0.090735,0.000000)
sd 3.12024 (-0.339766,0.000000) (0.272758,0.000000) (-0.192004,0.000000) (0.181490,0.000000) (-0.161829,0.000000) (0.239089,0.000000) (-0.043111,0.000000) (-0.240939,0.000000) (0.242885,0.000000) (0.280658,0.000000) (-0.187914,0.000000) (0.043391,0.000000) (-0.000000,0.000000) (0.096881,0.000000) (-0.031819,0.000000) (-0.034846,0.000000) (0.114259,0.000000) (-0.282480,0.000000) (0.349743,0.000000) (-0.237547,0.000000) (-0.295749,0.000000) (0.226850,0.000000)
su 3.49753 (0.242544,0.000000) (-0.118170,0.000000) (0.096389,0.000000) (-0.118170,0.000000) (0.242544,0.000000) (-0.319489,0.000000) (-0.165129,0.000000) (-0.118170,0.000000) (0.242544,0.000000) (-0.165129,0.000000) (0.242544,0.000000) (-0.319489,0.000000) (0.383868,0.000000) (0.242544,0.000000) (-0.118170,0.000000) (0.096389,0.000000) (-0.118170,0.000000) (-0.319489,0.000000) (0.242544,0.000000) (-0.165129,0.000000) (-0.118170,0.000000) (0.096389,0.000000)
sd 3.58085 (-0.233248,0.000000) (0.136995,0.000000) (-0.096938,0.000000) (0.136995,0.000000) (-0.233248,0.000000) (0.315199,0.000000) (0.199293,0.000000) (0.136995,0.000000) (-0.233248,0.000000) (0.199293,0.000000) (-0.233248,0.000000) (0.315199,0.000000) (-0.339958,0.000000) (-0.233248,0.000000) (0.136995,0.000000) (-0.096938,0.000000) (0.136995,0.000000) (0.315199,0.000000) (-0.233248,0.000000) (0.199293,0.000000) (0.136995,0.000000) (-0.096938,0.000000)
