sd -1.87544 (-0.234734,0.000000) (-0.135224,0.000000) (-0.097476,0.000000) (-0.135224,0.000000) (-0.234734,0.000000) (-0.314806,0.000000) (-0.196088,0.000000) (-0.135226,0.000000) (-0.234734,0.000000) (-0.196088,0.000000) (-0.234734,0.000000) (-0.314807,0.000000) (-0.344266,0.000000) (-0.234734,0.000000) (-0.135225,0.000000) (-0.097476,0.000000) (-0.135225,0.000000) (-0.314808,0.000000) (-0.234734,0.000000) (-0.196088,0.000000) (-0.135226,0.000000) (-0.097476,0.000000)
su -1.79816 (-0.241154,0.000000) (-0.119586,0.000000) (-0.095703,0.000000) (-0.119586,0.000000) (-0.241155,0.000000) (-0.320875,0.000000) (-0.167502,0.000000) (-0.119585,0.000000) (-0.241156,0.000000) (-0.167501,0.000000) (-0.241155,0.000000) (-0.320874,0.000000) (-0.380436,0.000000) (-0.241155,0.000000) (-0.119586,0.000000) (-0.095704,0.000000) (-0.119586,0.000000) (-0.320873,0.000000) (-0.241156,0.000000) (-0.167502,0.000000) (-0.119585,0.000000) (-0.095704,0.000000)
sd -1.41147 (-0.226426,0.000000) (-0.147667,0.000000) (-0.067841,0.000000) (-0.009083,0.000000) (0.049741,0.000000) (-0.083306,0.000000) (0.206226,0.000000) (0.295519,0.000000) (0.348317,0.000000) (-0.287223,0.000000) (-0.327972,0.000000) (-0.212111,0.000000) (-0.000000,0.000000) (-0.121894,0.000000) (-0.147849,0.000000) (-0.172734,0.000000) (-0.251263,0.000000) (0.295417,0.000000) (0.278230,0.000000) (0.080994,0.000000) (0.260348,0.000000) (0.240574,0.000000)
sd -1.41147 (-0.271478,0.000000) (-0.255976,0.000000) (-0.238626,0.000000) (-0.295376,0.000000) (-0.349992,0.000000) (-0.293021,0.000000) (-0.212592,0.000000) (0.000104,0.000000) (-0.060352,0.000000) (-0.072303,0.000000) (0.131918,0.000000) (0.218655,0.000000) (-0.000000,0.000000) (0.331828,0.000000) (0.255873,0.000000) (0.178065,0.000000) (0.155554,0.000000) (0.074365,0.000000) (0.218072,0.000000) (0.284893,0.000000) (0.139824,0.000000) (0.060560,0.000000)
su -1.2984 (0.375628,0.000000) (0.267761,0.000000) (0.244799,0.000000) (0.221675,0.000000) (0.268843,0.000000) (0.294419,0.000000) (0.027313,0.000000) (-0.180763,0.000000) (-0.203847,0.000000) (0.197070,0.000000) (0.093333,0.000000) (-0.035838,0.000000) (0.000001,0.000000) (-0.171782,0.000000) (-0.086997,0.000000) (-0.029799,0.000000) (0.027420,0.000000) (-0.258579,0.000000) (-0.362178,0.000000) (-0.224384,0.000000) (-0.249093,0.000000) (-0.215005,0.000000)
su -1.2984 (0.018513,0.000000) (0.054136,0.000000) (0.106926,0.000000) (0.159646,0.000000) (0.262988,0.000000) (0.128600,0.000000) (0.243327,0.000000) (0.204818,0.000000) (0.316049,0.000000) (-0.145317,0.000000) (-0.364319,0.000000) (-0.319274,0.000000) (-0.000000,0.000000) (-0.334561,0.000000) (-0.258955,0.000000) (-0.265467,0.000000) (-0.271798,0.000000) (0.190673,0.000000) (0.101331,0.000000) (-0.098009,0.000000) (0.112152,0.000000) (0.158542,0.000000)
sd -0.83261 (-0.324748,0.000000) (-0.313725,0.000000) (-0.118832,0.000000) (0.107947,0.000000) (0.271460,0.000000) (-0.034557,0.000000) (0.390733,0.000000) (0.086816,0.000000) (0.256551,0.000000) (-0.206947,0.000000) (0.045092,0.000000) (0.073467,0.000000) (-0.000001,0.000000) (0.068198,0.000000) (0.226917,0.000000) (0.252639,0.000000) (0.210575,0.000000) (-0.038912,0.000000) (-0.316553,0.000000) (-0.183784,0.000000) (-0.318529,0.000000) (-0.133805,0.000000)
sd -0.83261 (-0.108747,0.000000) (0.080888,0.000000) (0.223115,0.000000) (0.305472,0.000000) (0.208797,0.000000) (0.064884,0.000000) (-0.013371,0.000000) (-0.312146,0.000000) (-0.226866,0.000000) (-0.331698,0.000000) (-0.339491,0.000000) (-0.002513,0.000000) (0.000004,0.000000) (0.335612,0.000000) (0.231251,0.000000) (-0.008648,0.000000) (-0.246226,0.000000) (-0.062365,0.000000) (0.130693,0.000000) (0.345069,0.000000) (-0.059252,0.000000) (-0.214468,0.000000)
sd -0.777219 (0.040443,0.000000) (0.244517,0.000000) (0.291740,0.000000) (0.244518,0.000000) (0.040444,0.000000) (-0.240024,0.000000) (0.062414,0.000000) (0.244518,0.000000) (0.040441,0.000000) (0.062413,0.000000) (0.040441,0.000000) (-0.240026,0.000000) (-0.437719,0.000000) (0.040445,0.000000) (0.244519,0.000000) (0.291735,0.000000) (0.244516,0.000000) (-0.240029,0.000000) (0.040444,0.000000) (0.062417,0.000000) (0.244520,0.000000) (0.291732,0.000000)
su -0.682293 (-0.057925,0.000000) (-0.226977,0.000000) (-0.328161,0.000000) (-0.226948,0.000000) (-0.057875,0.000000) (0.211282,0.000000) (-0.065658,0.000000) (-0.226999,0.000000) (-0.057918,0.000000) (-0.065699,0.000000) (-0.057940,0.000000) (0.211279,0.000000) (0.448116,0.000000) (-0.057862,0.000000) (-0.226950,0.000000) (-0.328181,0.000000) (-0.226996,0.000000) (0.211274,0.000000) (-0.057890,0.000000) (-0.065636,0.000000) (-0.226983,0.000000) (-0.328216,0.000000)
su -0.67078 (0.082029,-0.000000) (0.204995,-0.000000) (0.264304,0.000000) (0.157558,0.000000) (0.001886,0.000000) (0.053724,0.000000) (-0.208653,0.000000) (-0.281457,0.000000) (-0.367458,0.000000) (-0.144398,0.000000) (-0.335021,0.000000) (-0.031776,0.000000) (-0.000034,0.000000) (0.285441,0.000000) (0.076516,0.000000) (-0.156167,0.000000) (-0.290731,0.000000) (-0.021995,0.000000) (0.333149,-0.000000) (0.353066,0.000000) (0.133221,-0.000000) (-0.108070,0.000000)
su -0.67078 (0.376945,0.000000) (0.206663,0.000000) (-0.027794,0.000000) (-0.244788,0.000000) (-0.385770,0.000000) (-0.005630,0.000000) (-0.287215,0.000000) (0.074160,-0.000000) (-0.117446,0.000000) (0.324303,-0.000000) (0.191250,-0.000000) (-0.043699,0.000000) (0.000034,-0.000000) (-0.259514,0.000000) (-0.280871,0.000000) (-0.215016,0.000000) (-0.014067,0.000000) (0.049377,-0.000000) (0.194508,0.000000) (-0.037103,0.000000) (0.258801,0.000000) (0.242741,-0.000000)
sd -0.281677 (-0.266713,0.000000) (-0.309070,0.000000) (-0.000009,0.000000) (0.309059,0.000000) (0.266722,0.000000) (0.000009,0.000000) (0.000008,0.000000) (-0.309092,0.000000) (-0.266716,0.000000) (-0.000003,0.000000) (0.266710,0.000000) (-0.000020,0.000000) (-0.000000,0.000000) (-0.266730,0.000000) (-0.309063,0.000000) (0.000020,0.000000) (0.309087,0.000000) (0.000011,0.000000) (0.266727,0.000000) (-0.000004,0.000000) (0.309079,0.000000) (-0.000011,0.000000)
sd -0.232881 (-0.247555,0.000000) (0.174556,0.000000) (0.389677,0.000000) (0.266533,0.000000) (-0.172669,0.000000) (-0.445934,0.000000) (-0.012261,0.000000) (0.096960,0.000000) (0.163454,0.000000) (-0.003407,0.000000) (0.244995,0.000000) (0.349212,0.000000) (0.000015,0.000000) (0.084056,0.000000) (-0.271534,0.000000) (-0.305130,0.000000) (-0.073861,0.000000) (0.096738,0.000000) (-0.072313,0.000000) (0.015624,0.000000) (-0.192630,0.000000) (-0.084515,0.000000)
sd -0.232877 (-0.045843,0.000000) (-0.212762,0.000000) (-0.127384,0.000000) (0.068572,0.000000) (0.183215,0.000000) (0.145761,0.000000) (-0.010966,0.000000) (0.257536,0.000000) (-0.191457,0.000000) (0.016116,0.000000) (0.057956,0.000000) (0.313308,0.000000) (-0.000019,0.000000) (0.237294,0.000000) (-0.044820,0.000000) (-0.273785,0.000000) (-0.265092,0.000000) (-0.459090,0.000000) (-0.241121,0.000000) (-0.005091,0.000000) (0.196534,0.000000) (0.401127,0.000000)
su -0.181209 (-0.062940,0.000000) (-0.175057,0.000000) (-0.147111,0.000000) (0.045282,0.000000) (0.201445,0.000000) (0.129242,0.000000) (0.007601,0.000000) (0.231555,0.000000) (-0.191849,0.000000) (-0.011089,0.000000) (0.048940,0.000000) (0.283372,0.000000) (0.000014,0.000000) (0.254759,0.000000) (-0.056510,0.000000) (-0.322567,0.000000) (-0.228037,0.000000) (-0.412602,0.000000) (-0.250389,0.000000) (0.003462,0.000000) (0.182770,0.000000) (0.469703,0.000000)
su -0.181202 (0.257845,0.000000) (-0.166317,0.000000) (-0.457408,0.000000) (-0.237185,0.000000) (0.172810,0.000000) (0.401828,0.000000) (-0.008407,0.000000) (-0.068436,0.000000) (-0.183424,0.000000) (-0.002396,0.000000) (-0.260870,0.000000) (-0.312833,0.000000) (0.000011,0.000000) (-0.074427,0.000000) (0.234762,0.000000) (0.356122,0.000000) (0.079382,0.000000) (-0.088985,0.000000) (0.088041,0.000000) (0.010783,0.000000) (0.157796,0.000000) (0.101305,0.000000)
sd -0.166667 (-0.133994,0.000000) (0.118706,0.000000) (0.222782,0.000000) (0.118718,0.000000) (-0.133985,0.000000) (0.132451,0.000000) (-0.391019,0.000000) (0.118736,0.000000) (-0.134017,0.000000) (-0.391016,0.000000) (-0.134007,0.000000) (0.132427,0.000000) (0.384019,0.000000) (-0.133993,0.000000) (0.118734,0.000000) (0.222800,0.000000) (0.118714,0.000000) (0.132396,0.000000) (-0.134011,0.000000) (-0.391021,0.000000) (0.118744,0.000000) (0.222823,0.000000)
su -0.140085 (0.309070,0.000000) (0.266722,0.000000) (0.000002,0.000000) (-0.266721,0.000000) (-0.309072,0.000000) (-0.000002,0.000000) (0.000003,0.000000) (0.266720,0.000000) (0.309075,0.000000) (-0.000001,0.000000) (-0.309071,0.000000) (0.000008,0.000000) (-0.000000,0.000000) (0.309080,0.000000) (0.266717,0.000000) (-0.000008,0.000000) (-0.266724,0.000000) (-0.000006,0.000000) (-0.309081,0.000000) (-0.000001,0.000000) (-0.266714,0.000000) (0.000006,0.000000)
su 0.00763949 (-0.174550,0.000000) (0.093163,0.000000) (0.268743,0.000000) (0.093159,0.000000) (-0.174555,0.000000) (0.107142,0.000000) (-0.325150,0.000000) (0.093146,0.000000) (-0.174537,0.000000) (-0.325152,0.000000) (-0.174543,0.000000) (0.107155,0.000000) (0.443704,0.000000) (-0.174550,0.000000) (0.093150,0.000000) (0.268732,0.000000) (0.093157,0.000000) (0.107171,0.000000) (-0.174540,0.000000) (-0.325150,0.000000) (0.093143,0.000000) (0.268717,0.000000)
sd 0.570624 (-0.015224,0.000000) (0.137352,0.000000) (0.016691,0.000000) (-0.131870,0.000000) (-0.018100,0.000000) (-0.240070,0.000000) (0.366393,0.000000) (-0.417356,0.000000) (-0.000915,0.000000) (0.098052,0.000000) (0.010135,0.000000) (0.189387,0.000000) (-0.000001,0.000000) (0.016153,0.000000) (0.280008,0.000000) (-0.013167,0.000000) (-0.284333,0.000000) (0.050683,0.000000) (0.007950,0.000000) (-0.464445,0.000000) (0.416199,0.000000) (-0.003523,0.000000)
sd 0.570639 (-0.009862,0.000000) (-0.402626,0.000000) (0.005566,0.000000) (0.404454,0.000000) (-0.001252,0.000000) (-0.080081,0.000000) (-0.324757,0.000000) (0.082362,0.000000) (0.018110,0.000000) (0.479684,0.000000) (-0.015038,0.000000) (-0.167865,0.000000) (-0.000001,0.000000) (-0.008258,0.000000) (0.320260,0.000000) (0.011669,0.000000) (-0.316428,0.000000) (0.247945,0.000000) (0.016300,0.000000) (-0.154926,0.000000) (-0.088023,0.000000) (-0.017235,0.000000)
su 1.02936 (-0.009862,0.000000) (0.402626,0.000000) (0.005566,0.000000) (-0.404454,0.000000) (-0.001252,0.000000) (0.080081,0.000000) (0.324757,0.000000) (-0.082362,0.000000) (0.018110,0.000000) (-0.479684,0.000000) (-0.015038,0.000000) (0.167865,0.000000) (-0.000001,0.000000) (-0.008258,0.000000) (-0.320260,0.000000) (0.011669,0.000000) (0.316428,0.000000) (-0.247945,0.000000) (0.016300,0.000000) (0.154926,0.000000) (0.088023,0.000000) (-0.017235,0.000000)
su 1.02938 (0.015224,0.000000) (0.137352,0.000000) (-0.016691,0.000000) (-0.131870,0.000000) (0.018100,0.000000) (-0.240070,0.000000) (0.366393,0.000000) (-0.417356,0.000000) (0.000915,0.000000) (0.098052,0.000000) (-0.010135,0.000000) (0.189387,0.000000) (0.000001,0.000000) (-0.016153,0.000000) (0.280008,0.000000) (0.013167,0.000000) (-0.284333,0.000000) (0.050683,0.000000) (-0.007950,0.000000) (-0.464444,0.000000) (0.416199,0.000000) (0.003523,0.000000)
sd 1.59236 (-0.174550,0.000000) (-0.093163,0.000000) (0.268743,0.000000) (-0.093159,0.000000) (-0.174555,0.000000) (-0.107142,0.000000) (0.325150,0.000000) (-0.093146,0.000000) (-0.174537,0.000000) (0.325152,0.000000) (-0.174543,0.000000) (-0.107155,0.000000) (0.443704,0.000000) (-0.174550,0.000000) (-0.093150,0.000000) (0.268732,0.000000) (-0.093157,0.000000) (-0.107171,0.000000) (-0.174540,0.000000) (0.325150,0.000000) (-0.093143,0.000000) (0.268717,0.000000)
sd 1.74008 (0.309070,0.000000) (-0.266722,0.000000) (0.000002,0.000000) (0.266721,0.000000) (-0.309072,0.000000) (0.000002,0.000000) (-0.000003,0.000000) (-0.266720,0.000000) (0.309075,0.000000) (0.000001,0.000000) (-0.309071,0.000000) (-0.000008,0.000000) (-0.000000,0.000000) (0.309080,0.000000) (-0.266717,0.000000) (-0.000008,0.000000) (0.266724,0.000000) (0.000006,0.000000) (-0.309081,0.000000) (0.000001,0.000000) (0.266714,0.000000) (0.000006,0.000000)
su 1.76667 (-0.133994,0.000000) (-0.118706,0.000000) (0.222782,0.000000) (-0.118718,0.000000) (-0.133985,0.000000) (-0.132451,0.000000) (0.391019,0.000000) (-0.118736,0.000000) (-0.134017,0.000000) (0.391016,0.000000) (-0.134007,0.000000) (-0.132427,0.000000) (0.384019,0.000000) (-0.133993,0.000000) (-0.118734,0.000000) (0.222800,0.000000) (-0.118714,0.000000) (-0.132396,0.000000) (-0.134011,0.000000) (0.391021,0.000000) (-0.118744,0.000000) (0.222823,0.000000)
sd 1.7812 (-0.257845,0.000000) (-0.166317,0.000000) (0.457408,0.000000) (-0.237185,0.000000) (-0.172810,0.000000) (0.401828,0.000000) (-0.008407,0.000000) (-0.068436,0.000000) (0.183424,0.000000) (-0.002396,0.000000) (0.260870,0.000000) (-0.312833,0.000000) (-0.000011,0.000000) (0.074427,0.000000) (0.234762,0.000000) (-0.356122,0.000000) (0.079382,0.000000) (-0.088985,0.000000) (-0.088041,0.000000) (0.010783,0.000000) (0.157796,0.000000) (-0.101305,0.000000)
sd 1.78121 (-0.062940,0.000000) (0.175057,0.000000) (-0.147111,0.000000) (-0.045282,0.000000) (0.201445,0.000000) (-0.129242,0.000000) (-0.007601,0.000000) (-0.231555,0.000000) (-0.191849,0.000000) (0.011089,0.000000) (0.048940,0.000000) (-0.283372,0.000000) (0.000014,0.000000) (0.254759,0.000000) (0.056510,0.000000) (-0.322567,0.000000) (0.228037,0.000000) (0.412602,0.000000) (-0.250389,0.000000) (-0.003462,0.000000) (-0.182770,0.000000) (0.469703,0.000000)
su 1.83288 (0.045843,0.000000) (-0.212762,0.000000) (0.127384,0.000000) (0.068572,0.000000) (-0.183215,0.000000) (0.145761,0.000000) (-0.010966,0.000000) (0.257536,0.000000) (0.191457,0.000000) (0.016116,0.000000) (-0.057956,0.000000) (0.313308,0.000000) (0.000019,0.000000) (-0.237294,0.000000) (-0.044820,0.000000) (0.273785,0.000000) (-0.265092,0.000000) (-0.459090,0.000000) (0.241121,0.000000) (-0.005091,0.000000) (0.196534,0.000000) (-0.401127,0.000000)
su 1.83288 (-0.247555,0.000000) (-0.174556,0.000000) (0.389677,0.000000) (-0.266532,0.000000) (-0.172669,0.000000) (0.445934,0.000000) (0.012261,0.000000) (-0.096960,0.000000) (0.163454,0.000000) (0.003407,0.000000) (0.244995,0.000000) (-0.349212,0.000000) (0.000015,0.000000) (0.084056,0.000000) (0.271534,0.000000) (-0.305130,0.000000) (0.073861,0.000000) (-0.096738,0.000000) (-0.072313,0.000000) (-0.015624,0.000000) (0.192630,0.000000) (-0.084515,0.000000)
su 1.88168 (0.266713,0.000000) (-0.309070,0.000000) (0.000009,0.000000) (0.309059,0.000000) (-0.266722,0.000000) (0.000009,0.000000) (0.000008,0.000000) (-0.309092,0.000000) (0.266716,0.000000) (-0.000003,0.000000) (-0.266710,0.000000) (-0.000020,0.000000) (0.000000,0.000000) (0.266730,0.000000) (-0.309063,0.000000) (-0.000020,0.000000) (0.309087,0.000000) (0.000011,0.000000) (-0.266727,0.000000) (-0.000004,0.000000) (0.309079,0.000000) (0.000011,0.000000)
sd 2.27078 (0.376945,0.000000) (-0.206663,0.000000) (-0.027794,0.000000) (0.244788,0.000000) (-0.385770,0.000000) (0.005630,0.000000) (0.287215,0.000000) (-0.074160,0.000000) (-0.117446,0.000000) (-0.324303,0.000000) (0.191250,0.000000) (0.043699,0.000000) (0.000034,0.000000) (-0.259514,0.000000) (0.280871,0.000000) (-0.215016,0.000000) (0.014067,0.000000) (-0.049377,0.000000) (0.194507,0.000000) (0.037103,0.000000) (-0.258801,0.000000) (0.242741,0.000000)
sd 2.27078 (0.082029,0.000000) (-0.204995,0.000000) (0.264304,0.000000) (-0.157558,0.000000) (0.001886,0.000000) (-0.053724,0.000000) (0.208653,0.000000) (0.281457,0.000000) (-0.367458,0.000000) (0.144398,0.000000) (-0.335021,0.000000) (0.031776,0.000000) (-0.000034,0.000000) (0.285441,0.000000) (-0.076516,0.000000) (-0.156167,0.000000) (0.290731,0.000000) (0.021995,0.000000) (0.333149,0.000000) (-0.353066,0.000000) (-0.133221,0.000000) (-0.108070,0.000000)
sd 2.28229 (-0.057925,0.000000) (0.226977,0.000000) (-0.328161,0.000000) (0.226948,0.000000) (-0.057875,0.000000) (-0.211282,0.000000) (0.065658,0.000000) (0.226999,0.000000) (-0.057918,0.000000) (0.065699,0.000000) (-0.057940,0.000000) (-0.211279,0.000000) (0.448116,0.000000) (-0.057862,0.000000) (0.226950,0.000000) (-0.328181,0.000000) (0.226996,0.000000) (-0.211274,0.000000) (-0.057890,0.000000) (0.065636,0.000000) (0.226983,0.000000) (-0.328216,0.000000)
su 2.37722 (0.040443,0.000000) (-0.244517,0.000000) (0.291740,0.000000) (-0.244518,0.000000) (0.040444,0.000000) (0.240024,0.000000) (-0.062414,0.000000) (-0.244518,0.000000) (0.040441,0.000000) (-0.062413,0.000000) (0.040441,0.000000) (0.240026,0.000000) (-0.437719,0.000000) (0.040445,0.000000) (-0.244519,0.000000) (0.291735,0.000000) (-0.244516,0.000000) (0.240029,0.000000) (0.040444,0.000000) (-0.062417,0.000000) (-0.244520,0.000000) (0.291732,0.000000)
su 2.43261 (-0.108747,0.000000) (-0.080888,0.000000) (0.223115,0.000000) (-0.305472,0.000000) (0.208797,0.000000) (-0.064884,0.000000) (0.013371,0.000000) (0.312146,0.000000) (-0.226866,0.000000) (0.331698,0.000000) (-0.339491,0.000000) (0.002513,0.000000) (0.000004,0.000000) (0.335612,0.000000) (-0.231251,0.000000) (-0.008648,0.000000) (0.246226,0.000000) (0.062365,0.000000) (0.130693,0.000000) (-0.345069,0.000000) (0.059252,0.000000) (-0.214468,0.000000)
su 2.43261 (0.324748,0.000000) (-0.313725,0.000000) (0.118832,0.000000) (0.107947,0.000000) (-0.271460,0.000000) (-0.034557,0.000000) (0.390733,0.000000) (0.086816,0.000000) (-0.256551,0.000000) (-0.206947,0.000000) (-0.045092,0.000000) (0.073467,0.000000) (0.000001,0.000000) (-0.068198,0.000000) (0.226917,0.000000) (-0.252639,0.000000) (0.210575,0.000000) (-0.038912,0.000000) (0.316553,0.000000) (-0.183784,0.000000) (-0.318529,0.000000) (0.133805,0.000000)
sd 2.8984 (0.018513,0.000000) (-0.054137,0.000000) (0.106927,0.000000) (-0.159647,0.000000) (0.262989,0.000000) (-0.128600,0.000000) (-0.243327,0.000000) (-0.204817,0.000000) (0.316049,0.000000) (0.145317,0.000000) (-0.364319,0.000000) (0.319274,0.000000) (-0.000000,0.000000) (-0.334561,0.000000) (0.258955,0.000000) (-0.265467,0.000000) (0.271798,0.000000) (-0.190673,0.000000) (0.101330,0.000000) (0.098010,0.000000) (-0.112152,0.000000) (0.158541,0.000000)
sd 2.8984 (0.375628,0.000000) (-0.267761,0.000000) (0.244798,0.000000) (-0.221675,0.000000) (0.268843,0.000000) (-0.294419,0.000000) (-0.027313,0.000000) (0.180763,0.000000) (-0.203848,0.000000) (-0.197070,0.000000) (0.093334,0.000000) (0.035837,0.000000) (0.000001,0.000000) (-0.171782,0.000000) (0.086996,0.000000) (-0.029798,0.000000) (-0.027420,0.000000) (0.258579,0.000000) (-0.362178,0.000000) (0.224384,0.000000) (0.249093,0.000000) (-0.215005,0.000000)
su 3.01147 (-0.271478,0.000000) (0.255976,0.000000) (-0.238626,0.000000) (0.295376,0.000000) (-0.349992,0.000000) (0.293021,0.000000) (0.212592,0.000000) (-0.000104,0.000000) (-0.060352,0.000000) (0.072303,0.000000) (0.131918,0.000000) (-0.218655,0.000000) (-0.000000,0.000000) (0.331828,0.000000) (-0.255873,0.000000) (0.178065,0.000000) (-0.155554,0.000000) (-0.074365,0.000000) (0.218072,0.000000) (-0.284893,0.000000) (-0.139824,0.000000) (0.060560,0.000000)
su 3.01147 (0.226426,0.000000) (-0.147667,0.000000) (0.067842,0.000000) (-0.009083,0.000000) (-0.049741,0.000000) (-0.083306,0.000000) (0.206226,0.000000) (0.295519,0.000000) (-0.348317,0.000000) (-0.287223,0.000000) (0.327972,0.000000) (-0.212111,0.000000) (0.000000,0.000000) (0.121894,0.000000) (-0.147849,0.000000) (0.172734,0.000000) (-0.251263,0.000000) (0.295417,0.000000) (-0.278230,0.000000) (0.080994,0.000000) (0.260348,0.000000) (-0.240574,0.000000)
sd 3.39816 (0.241154,0.000000) (-0.119586,0.000000) (0.095703,0.000000) (-0.119586,0.000000) (0.241155,0.000000) (-0.320875,0.000000) (-0.167502,0.000000) (-0.119585,0.000000) (0.241156,0.000000) (-0.167501,0.000000) (0.241155,0.000000) (-0.320874,0.000000) (0.380436,0.000000) (0.241155,0.000000) (-0.119586,0.000000) (0.095704,0.000000) (-0.119586,0.000000) (-0.320873,0.000000) (0.241156,0.000000) (-0.167502,0.000000) (-0.119585,0.000000) (0.095704,0.000000)
su 3.47544 (0.234734,0.000000) (-0.135224,0.000000) (0.097476,0.000000) (-0.135224,0.000000) (0.234734,0.000000) (-0.314806,0.000000) (-0.196088,0.000000) (-0.135226,0.000000) (0.234734,0.000000) (-0.196088,0.000000) (0.234734,0.000000) (-0.314807,0.000000) (0.344266,0.000000) (0.234734,0.000000) (-0.135225,0.000000) (0.097476,0.000000) (-0.135225,0.000000) (-0.314808,0.000000) (0.234734,0.000000) (-0.196088,0.000000) (-0.135226,0.000000) (0.097476,0.000000)
