su -1.19138 (-0.169288,0) (-0.106752,-0) (-0.0590363,0) (-0.0920005,-0) (-0.137737,0) (-0.285918,-0) (-0.0857891,-0) (-0.115138,-0) (-0.151081,0) (-0.177258,-0) (-0.209836,0) (-0.431527,-0) (-0.304505,0) (-0.408622,0) (-0.156698,-0) (-0.11892,0) (-0.0976519,-0) (-0.307706,-0) (-0.202544,0) (-0.285748,-0) (-0.088434,-0) (-0.0951792,0) 
su -0.730302 (-0.29466,0) (-0.296893,0) (-0.203452,0) (-0.294244,0) (-0.290216,0) (-0.408986,0) (-0.140003,0) (-0.107557,0) (-0.116568,0) (-0.150267,0) (0.0425502,0) (0.20579,0) (-0.101299,0) (0.404014,0) (0.192513,0) (0.155339,0) (0.0681079,0) (-0.091133,0) (0.0649694,0) (0.279531,0) (0.000372971,0) (-0.0638857,0) 
su -0.666926 (-0.190876,0) (-0.174663,0) (-0.0910953,0) (-0.0842444,0) (-0.0449067,0) (-0.139494,0) (0.0961059,0) (0.463697,0) (0.318055,0) (-0.228343,0) (-0.177756,0) (-0.174574,0) (0.0105877,0) (-0.11466,0) (-0.0800924,0) (-0.112976,0) (-0.102292,0) (0.34416,0) (0.22696,0) (0.0695624,0) (0.231333,0) (0.430526,0) 
su -0.190039 (-0.14567,0) (-0.139239,0) (-0.0127123,0) (0.109171,0) (0.136893,0) (0.157472,0) (0.0571458,0) (-0.372237,0) (-0.0017274,0) (-0.362783,0) (-0.266991,0) (-0.0240431,0) (0.1879,0) (0.0517421,0) (-0.109924,0) (-0.311743,0) (-0.24468,0) (0.311006,0) (0.167592,0) (0.192824,0) (-0.107428,0) (-0.421688,0) 
su -0.100801 (-0.050909,0) (0.265394,0) (0.329108,0) (0.483667,0) (0.177896,0) (-0.125667,0) (0.0468982,0) (0.0548502,0) (-0.0711545,0) (-0.255597,0) (-0.217021,0) (-0.199486,0) (-0.258718,0) (0.266628,0) (0.173633,0) (0.128566,0) (-0.0388636,0) (-0.263698,0) (0.0534508,0) (0.305346,0) (0.0800085,0) (0.128651,0) 
sd 0 (-0.409994,0) (-0.22778,0) (-0.0879596,0) (0.173605,0) (0.467482,0) (0.0827414,0) (0.0315757,0) (-0.216042,0) (-0.448034,0) (-0.107478,0) (0.175035,0) (0.0847363,0) (0.123395,0) (-0.113187,0) (-0.337423,0) (-0.0946322,0) (0.130546,0) (-0.0914784,0) (0.124656,0) (0.00524635,0) (0.163008,0) (-0.0242594,0) 
sd 1.58101e-322 (0.011685,0) (-0.146398,0) (-0.382704,0) (-0.222562,0) (-0.181338,0) (0.169667,0) (-0.12193,0) (-0.0203726,0) (0.0637859,0) (-0.0120031,0) (-0.0421046,0) (0.204643,0) (0.599641,0) (-0.0389093,0) (-0.229918,0) (-0.182752,0) (-0.233232,0) (0.203798,0) (-0.146939,0) (-0.0733331,0) (-0.272128,0) (-0.115416,0) 
sd 1.58101e-322 (0.1704,0) (0.0362346,0) (-0.0822581,0) (-0.107168,0) (-0.178432,0) (-0.096905,0) (0.0502069,0) (0.139688,0) (0.221726,0) (0.207611,0) (0.334621,0) (-0.100746,0) (-0.227694,0) (-0.351996,0) (-0.614554,0) (-0.177948,0) (0.181687,0) (0.00130498,0) (0.00914228,0) (-0.140944,0) (0.147523,0) (0.11807,0) 
sd 1.58101e-322 (-0.0548067,0) (0.537342,0) (-0.100718,0) (-0.35004,0) (0.202032,0) (0.0775014,0) (-0.103171,0) (0.0875584,0) (-0.01017,0) (-0.512922,0) (0.203264,0) (0.203477,0) (-0.169657,0) (-0.0925,0) (0.0904871,0) (-0.0757747,0) (-0.0685553,0) (0.0345252,0) (0.169834,0) (-0.267191,0) (-0.083167,0) (-0.0151724,0) 
sd 1.58101e-322 (-0.180343,0) (0.282732,0) (-0.0377254,0) (-0.194398,0) (0.187663,0) (-0.116715,0) (-0.1283,0) (0.000101845,0) (0.112754,0) (0.256257,0) (-0.0173052,0) (0.0588846,0) (0.0827013,0) (-0.110813,0) (-0.234686,0) (0.660333,0) (-0.274621,0) (-0.135816,0) (-0.0907022,0) (0.261271,0) (0.0869246,0) (-0.112832,0) 
sd 1.58101e-322 (-0.272027,0) (0.286253,0) (-0.180173,0) (0.281281,0) (-0.264172,0) (0.417648,0) (0.133196,0) (0.191405,0) (-0.155387,0) (0.152966,0) (0.0303829,0) (-0.193273,0) (-0.123569,0) (0.398504,0) (-0.172263,0) (0.144114,0) (-0.0553969,0) (0.16486,0) (0.0185236,0) (-0.263988,0) (0.0407801,0) (-0.146978,0) 
sd 1.58101e-322 (-0.145512,0) (0.0946647,0) (-0.0480362,0) (0.078976,0) (-0.113436,0) (0.26383,0) (0.0672393,0) (0.107757,0) (-0.12962,0) (0.1675,0) (-0.196954,0) (0.456459,0) (-0.280471,0) (-0.455837,0) (0.159604,0) (-0.121096,0) (0.0879858,0) (0.293552,0) (-0.190097,0) (0.315927,0) (0.0776792,0) (-0.0906973,0) 
sd 1.63042e-322 (-0.0930702,0) (-0.0342435,0) (0.0410773,0) (0.0321119,0) (0.00767898,0) (-0.116287,0) (0.0837762,0) (0.148838,0) (-0.0120264,0) (0.15536,0) (0.328957,0) (0.353008,0) (-0.0911698,0) (0.298194,0) (0.0673743,0) (-0.30169,0) (-0.525439,0) (-0.23199,0) (-0.249041,0) (0.0323733,0) (0.212541,0) (0.238011,0) 
sd 1.63042e-322 (0.0580528,0) (0.264738,0) (-0.309598,0) (0.515568,0) (-0.180276,0) (-0.105997,0) (0.0447951,0) (0.030916,0) (0.0673755,0) (-0.305057,0) (0.231801,0) (-0.21037,0) (0.222938,0) (-0.254854,0) (0.124285,0) (-0.0583927,0) (-0.0688025,0) (-0.245523,0) (-0.057026,0) (0.328238,0) (0.0610133,0) (-0.0967508,0) 
sd 3.16202e-322 (0.0427606,0) (0.0152042,0) (-0.0182051,0) (-0.0160203,0) (-0.00766839,0) (-0.14755,0) (0.163227,0) (-0.250036,0) (0.0149852,0) (0.134263,0) (0.17408,0) (0.0478148,0) (-0.273393,0) (0.176536,0) (-0.119489,0) (-0.181892,0) (-0.174275,0) (0.0874805,0) (0.399693,0) (0.356788,0) (-0.426352,0) (-0.418804,0) 
sd 4.74303e-322 (0.0829035,0) (-0.0150022,0) (-0.0826331,0) (0.146244,0) (0.0799972,0) (0.0299437,0) (-0.303242,0) (-0.391932,0) (0.401626,0) (-0.146612,0) (-0.0802609,0) (0.172344,0) (-0.16344,0) (0.240595,0) (-0.100277,0) (-0.0813311,0) (0.101743,0) (0.0572957,0) (-0.239218,0) (-0.0764036,0) (0.399044,0) (-0.394561,0) 
sd 4.79244e-322 (-0.190261,0) (-0.0593523,0) (-0.00243819,0) (0.0552647,-0) (0.181866,-0) (-0.0352207,0) (0.28485,-0) (0.113066,-0) (0.295678,-0) (-0.224394,0) (-0.538279,0) (-0.240192,0) (-0.105956,0) (-0.135597,0) (-0.197629,0) (-0.195723,0) (-0.437824,0) (0.0977802,-0) (0.127741,-0) (-0.00241957,0) (0.118794,-0) (0.0714143,-0) 
sd 1.061e-313 (-0.187978,0) (-0.142427,0) (0.252831,0) (-0.369696,0) (-0.0844942,0) (0.579706,0) (-0.0388626,0) (-0.0321158,0) (0.163213,0) (-0.0565184,0) (0.213713,0) (-0.337326,0) (0.00851026,0) (-0.068626,0) (0.100345,0) (-0.134628,0) (-0.0390435,0) (-0.259618,0) (-0.0535089,0) (0.268229,0) (0.099774,0) (-0.148589,0) 
sd 4.68072e-310 (-0.233976,0) (-0.0951,0) (-0.110335,0) (-0.13112,0) (-0.364388,0) (-0.261021,0) (-0.354963,0) (-0.122311,0) (-0.363392,0) (-0.123599,0) (-0.213517,0) (-0.181962,0) (-0.346667,0) (-0.0986145,0) (-0.0761694,0) (-0.0575554,0) (-0.132211,0) (-0.267787,0) (-0.259468,0) (-0.0989037,0) (-0.165296,0) (-0.0794382,0) 
sd 4.68072e-310 (-0.247712,0) (-0.144091,0) (-0.205709,0) (-0.180215,0) (-0.361385,0) (-0.176876,0) (-0.212644,0) (0.058694,0) (0.0261435,0) (-0.0695588,0) (0.0288275,0) (0.0644942,0) (0.0525103,0) (0.12161,0) (0.109364,0) (0.0508067,0) (0.0505122,0) (0.195167,0) (0.535488,0) (0.208817,0) (0.440231,0) (0.158552,0) 
sd 4.68072e-310 (0.45913,0) (0.268946,0) (0.292914,0) (0.0901791,0) (-0.0407496,0) (0.194894,0) (-0.335034,0) (-0.118031,0) (-0.370016,0) (0.0990739,0) (-0.182094,0) (-0.0390941,0) (0.126593,0) (-0.0538168,0) (-0.178608,0) (-0.165164,0) (-0.283235,0) (-0.000590866,0) (0.241771,0) (0.0672161,0) (0.229796,0) (0.0399694,0) 
sd 4.68072e-310 (0.0170106,0) (0.159759,0) (0.11062,0) (-0.245083,0) (-0.306416,0) (-0.13929,0) (0.620718,0) (-0.418864,0) (-0.172359,0) (-0.03359,0) (-0.0438455,0) (0.0708049,0) (0.178127,0) (-0.0777159,0) (0.0405162,0) (0.0464648,0) (-0.00339575,0) (-0.0689089,0) (-0.0608189,0) (-0.173408,0) (0.289228,0) (-0.16227,0) 
sd 4.68072e-310 (-0.163171,0) (0.364518,0) (-0.0808591,0) (-0.183419,0) (0.203651,0) (-0.211813,0) (-0.0608812,0) (-0.169343,0) (-0.0672968,0) (0.212747,0) (0.0207456,0) (-0.39606,0) (0.101321,0) (0.14308,0) (0.0822282,0) (-0.327245,0) (0.13685,0) (0.380947,0) (-0.289053,0) (0.218045,0) (0.0483944,0) (0.180665,0) 
sd 4.68072e-310 (0.13787,0) (-0.168066,0) (0.039057,0) (0.0656215,0) (-0.108139,0) (0.159304,0) (0.0587157,0) (-0.344049,0) (-0.0458696,0) (-0.352865,0) (0.2336,0) (-0.0470879,0) (-0.197436,0) (0.0134065,0) (-0.128818,0) (0.324477,0) (-0.212767,0) (0.405647,0) (-0.18373,0) (0.161793,0) (-0.0855257,0) (0.40806,0) 
sd 4.68072e-310 (0.209045,0) (-0.210766,0) (0.110779,0) (-0.131279,0) (0.0884291,0) (-0.203115,0) (0.0613563,0) (0.488752,0) (-0.277876,0) (-0.231577,0) (0.142357,0) (-0.137921,0) (0.0107395,0) (0.0561891,0) (-0.0421444,0) (0.0739381,0) (-0.0700517,0) (0.307876,0) (-0.200045,0) (0.0948022,0) (0.214991,0) (-0.463772,0) 
sd 6.93689e-310 (0.392335,0) (-0.133992,0) (-0.671674,0) (-0.211602,0) (0.230539,0) (0.18854,0) (0.14168,0) (-0.0513776,0) (-0.157641,0) (0.147319,0) (-0.0852139,0) (-0.135374,0) (-0.229817,0) (0.0328106,0) (0.173596,0) (0.0565089,0) (-0.0557893,0) (-0.171412,0) (0.0301064,0) (0.0301797,0) (0.156723,0) (0.0505317,0) 
sd 6.93689e-310 (0.0964754,0) (0.138256,0) (-0.00794215,0) (-0.130871,0) (-0.075862,0) (0.0523237,0) (0.149088,0) (0.167578,0) (-0.0627691,0) (-0.280288,0) (-0.27596,0) (0.193987,0) (0.0128925,0) (0.387289,0) (-0.370373,0) (-0.042894,0) (0.342905,0) (-0.258299,0) (-0.115527,0) (0.42439,0) (-0.0586661,0) (0.170079,0) 
su 0.0759637 (0.230073,0) (0.337784,0) (0.0643009,0) (-0.2028,0) (-0.241038,0) (-0.121127,0) (-0.182077,0) (-0.0377166,0) (-0.14119,0) (0.266328,0) (0.00202734,0) (-0.000851805,0) (-0.0945955,0) (0.0918258,0) (-0.218444,0) (-0.550398,0) (-0.26122,0) (-0.076603,0) (0.169027,0) (0.29932,0) (0.132117,0) (0.108321,0) 
su 0.206425 (-0.139591,0) (-0.281409,0) (-0.0689402,0) (0.145679,0) (0.176892,0) (0.151004,0) (0.0515829,0) (0.204987,0) (-0.0753351,0) (-0.144422,0) (0.0325709,0) (0.400751,0) (0.074596,0) (0.189799,0) (-0.112344,0) (-0.410983,0) (-0.192204,0) (-0.40489,0) (-0.299294,0) (-0.147761,0) (-0.0366002,0) (0.227235,0) 
su 0.412601 (0.200228,0) (-0.154117,0) (-0.282658,0) (-0.344104,0) (0.0986144,0) (0.571217,0) (-0.0532923,0) (-0.0348717,0) (-0.192549,0) (-0.0641711,0) (-0.23455,0) (-0.308229,0) (0.00667141,0) (0.0630233,0) (0.127798,0) (0.162237,0) (-0.0410256,0) (-0.251229,0) (0.0515084,0) (0.214139,0) (0.127881,0) (0.173898,0) 
su 0.581318 (0.0690239,0) (0.508444,0) (0.117133,0) (-0.321744,0) (-0.234933,0) (0.0687519,0) (-0.121472,0) (0.131149,0) (0.0413178,0) (-0.467178,0) (-0.240072,0) (0.179636,0) (0.191082,0) (0.114761,0) (0.127504,0) (0.0884705,0) (-0.0951127,0) (0.0561797,0) (-0.21183,0) (-0.265123,0) (-0.128696,0) (0.00669985,0) 
su 0.735655 (0.119569,0) (0.0130402,0) (-0.116807,0) (-0.181193,0) (0.0784315,0) (-0.0430574,0) (0.337159,0) (0.312737,0) (0.406935,0) (0.202146,0) (-0.0767556,0) (-0.191026,0) (-0.20712,0) (0.243417,0) (0.100792,0) (-0.0983192,0) (-0.121615,0) (-0.0640812,0) (-0.213387,0) (0.141789,0) (-0.384895,0) (-0.340699,0) 
su 1.43764 (0.0922528,0) (-0.230187,0) (0.020584,0) (0.24537,0) (-0.140863,0) (-0.0426418,0) (-0.306627,0) (-0.0222454,0) (-0.0853012,0) (0.340874,0) (-0.259348,0) (-0.172041,0) (0.0695133,0) (0.274168,0) (0.3632,0) (-0.00627573,0) (-0.360124,0) (0.265955,0) (-0.114582,0) (-0.325555,0) (-0.0249143,0) (0.0962057,0) 
su 1.54532 (0.0202142,0) (0.139837,0) (-0.103819,0) (-0.205233,0) (0.226522,0) (-0.167297,0) (0.515219,0) (-0.456767,0) (0.0980209,0) (0.0401937,0) (-0.0442448,0) (0.0715877,0) (-0.146714,0) (0.148158,0) (0.165793,0) (-0.0437234,0) (-0.139652,0) (0.00329275,0) (0.0467242,0) (-0.32596,0) (0.3521,0) (0.175068,0) 
su 2.30504 (-0.080865,0) (0.0370594,0) (0.0305537,0) (-0.0410254,0) (0.0251418,0) (0.108092,0) (-0.0703305,0) (-0.200346,0) (-0.0160127,0) (-0.134655,0) (0.263671,0) (-0.369033,0) (-0.0910215,0) (0.328344,0) (-0.0287781,0) (-0.324609,0) (0.469463,0) (0.272755,0) (-0.263255,0) (-0.0479451,0) (-0.190639,0) (0.288,0) 
su 2.39343 (-0.0626088,0) (0.0220975,0) (0.0306562,0) (-0.0287866,0) (0.0109687,0) (-0.174127,0) (0.20052,0) (-0.258114,0) (-0.0547217,0) (0.165691,0) (-0.176977,0) (0.0383872,0) (0.303425,0) (-0.181955,0) (-0.142648,0) (0.21308,0) (-0.165462,0) (0.0695335,0) (-0.349247,0) (0.367364,0) (-0.360693,0) (0.42795,0) 
su 2.75726 (-0.373208,0) (-0.150953,0) (0.646404,0) (-0.225271,0) (-0.238707,0) (0.21859,0) (0.145615,0) (-0.0480646,0) (0.153955,0) (0.14958,0) (0.102497,0) (-0.157331,0) (0.216309,0) (-0.0340667,0) (0.182731,0) (-0.0722872,0) (-0.0519046,0) (-0.187156,0) (-0.0315479,0) (0.036255,0) (0.169263,0) (-0.0669673,0) 
su 2.8586 (0.391799,0) (-0.244065,0) (0.0746454,0) (0.193054,0) (-0.443601,0) (0.0716564,0) (0.0384315,0) (-0.228407,0) (0.417339,0) (-0.0953339,0) (-0.209601,0) (0.0817476,0) (-0.0851434,0) (0.138513,0) (-0.35259,0) (0.102435,0) (0.156821,0) (-0.0952198,0) (-0.150216,0) (0.00612351,0) (0.191749,0) (0.0191812,0) 
su 3.14416 (0.179137,0) (-0.0510324,0) (-0.0670337,0) (0.115983,0) (-0.187748,0) (0.117465,0) (-0.0515333,0) (-0.181469,0) (0.23768,0) (-0.240004,0) (0.348082,0) (0.121504,0) (-0.249425,0) (-0.365567,0) (0.517766,0) (-0.136112,0) (-0.218768,0) (0.00270636,0) (0.00579986,0) (0.163775,0) (-0.172101,0) (0.160954,0) 
su 3.22776 (-0.0204171,0) (-0.158903,0) (0.382765,0) (-0.243967,0) (0.173555,0) (0.176724,0) (-0.115428,0) (-0.0332829,0) (-0.0520638,0) (0.00366843,0) (0.012052,0) (0.2051,0) (-0.556123,0) (0.0763796,0) (-0.282571,0) (0.221033,0) (-0.221453,0) (0.203509,0) (0.144122,0) (-0.0966982,0) (-0.258503,0) (0.127959,0) 
su 3.46316 (0.420879,0) (-0.27164,0) (0.262487,0) (-0.0664239,0) (-0.0953844,0) (-0.169997,0) (0.359268,0) (0.122977,0) (-0.367326,0) (-0.100423,0) (-0.168243,0) (0.047571,0) (0.102167,0) (-0.053599,0) (0.180522,0) (-0.178899,0) (0.269537,0) (-0.00915815,0) (0.288198,0) (-0.0932535,0) (-0.268765,0) (0.0579509,0) 
su 3.83696 (-0.275792,0) (0.175474,0) (-0.231241,0) (0.208787,0) (-0.372052,0) (0.207647,0) (0.201814,0) (-0.066675,0) (0.0366909,0) (0.07517,0) (0.0585871,0) (-0.0910401,0) (0.0478431,0) (0.156631,0) (-0.140487,0) (0.0768201,0) (-0.0814857,0) (-0.19611,0) (0.482127,0) (-0.221061,0) (-0.383994,0) (0.155967,0) 
su 3.92595 (0.188219,0) (-0.0644994,0) (0.00389228,0) (0.0576851,0) (-0.175707,0) (-0.031902,0) (0.28183,0) (0.139394,0) (-0.317697,0) (-0.233116,0) (0.506118,0) (-0.247518,0) (0.0825083,0) (0.148607,0) (-0.201224,0) (0.203679,0) (-0.405432,0) (0.134972,0) (-0.166825,0) (0.00611649,0) (0.150975,0) (-0.0974883,0) 
su 4.32171 (0.243716,0) (-0.105133,0) (0.11103,0) (-0.133189,0) (0.338386,0) (-0.278925,0) (-0.314224,0) (-0.124567,0) (0.336089,0) (-0.139073,0) (0.225554,0) (-0.209178,0) (0.359062,0) (0.121205,0) (-0.0872806,0) (0.0661404,0) (-0.135894,0) (-0.282615,0) (0.258466,0) (-0.11252,0) (-0.159656,0) (0.0842328,0) 
