1 -5.17722 1 (-0.233117, 0) (-0.243214, 0) (-0.233117, 0) (-0.247602, 0) (-0.29075, 0) (-0.27132, 0) (-0.229489, 0) (-0.176722, 0) (-0.164158, 0) (-0.247602, 0) (-0.164158, 0) (-0.176722, 0) (-0.229489, 0) (-0.128394, 0) (-0.132821, 0) (-0.164839, 0) (-0.214429, 0) (-0.128394, 0) (-0.132821, 0) (-0.164839, 0) (-0.0960351, 0) (-0.0668119, 0) (-0.0909329, 0) (-0.163246, 0) (-0.163246, 0) (-0.134398, 0) (-0.0960351, 0) (-0.0668119, 0) (-0.0909329, 0) (-0.109566, 0) (-0.052482, 0) (-0.042894, 0) (-0.0606104, 0) (-0.109566, 0) (-0.072906, 0) (-0.0606104, 0) (-0.042894, 0) (-0.052482, 0) 
0 -5.17722 1 (0.247602, 0) (0.29075, -0) (0.247602, 0) (0.233117, -0) (0.243214, 0) (0.214429, -0) (0.164839, 0) (0.132821, -0) (0.128394, 0) (0.233117, -0) (0.128394, 0) (0.132821, -0) (0.164839, 0) (0.164158, -0) (0.176722, 0) (0.229489, -0) (0.27132, 0) (0.164158, -0) (0.176722, 0) (0.229489, -0) (0.0606104, 0) (0.042894, -0) (0.052482, 0) (0.109566, -0) (0.109566, -0) (0.072906, 0) (0.0606104, 0) (0.042894, -0) (0.052482, 0) (0.163246, 0) (0.0909329, -0) (0.0668119, 0) (0.0960351, -0) (0.163246, 0) (0.134398, -0) (0.0960351, -0) (0.0668119, 0) (0.0909329, -0) 
1 -4.73657 1 (-0.119781, 0) (-0.204491, 0) (-0.119781, 0) (0.0242133, 0) (0.10852, 0) (0.219961, 0) (0.231696, 0) (0.156422, 0) (0.0745918, 0) (0.0242133, 0) (0.0745918, 0) (0.156422, 0) (0.231696, 0) (-0.118339, 0) (-0.198187, 0) (-0.273222, 0) (-0.299355, 0) (-0.118339, 0) (-0.198187, 0) (-0.273222, 0) (0.101617, 0) (0.0846816, 0) (0.121538, 0) (0.202972, 0) (0.202972, 0) (0.179138, 0) (0.101617, 0) (0.0846816, 0) (0.121538, 0) (-0.215043, 0) (-0.109999, 0) (-0.0865524, 0) (-0.104075, 0) (-0.215043, 0) (-0.151307, 0) (-0.104075, 0) (-0.0865524, 0) (-0.109999, 0) 
0 -4.73657 1 (0.0242133, 0) (0.10852, 0) (0.0242133, 0) (-0.119781, 0) (-0.204491, 0) (-0.299355, 0) (-0.273222, 0) (-0.198187, 0) (-0.118339, 0) (-0.119781, 0) (-0.118339, 0) (-0.198187, 0) (-0.273222, 0) (0.0745918, 0) (0.156422, 0) (0.231696, 0) (0.219961, 0) (0.0745918, 0) (0.156422, 0) (0.231696, 0) (-0.104075, 0) (-0.0865524, 0) (-0.109999, 0) (-0.215043, 0) (-0.215043, 0) (-0.151307, 0) (-0.104075, 0) (-0.0865524, 0) (-0.109999, 0) (0.202972, 0) (0.121538, 0) (0.0846816, 0) (0.101617, 0) (0.202972, 0) (0.179138, 0) (0.101617, 0) (0.0846816, 0) (0.121538, 0) 
1 -3.79939 1 (-0.247018, 0) (-0.184494, 0) (-0.247018, 0) (-0.274878, 0) (-0.260682, 0) (-0.00446846, 0) (0.125307, 0) (0.0345501, 0) (-0.115846, 0) (-0.274878, 0) (-0.115846, 0) (0.0345501, 0) (0.125307, 0) (-0.0707083, 0) (0.0815735, 0) (0.169903, 0) (0.0718569, 0) (-0.0707083, 0) (0.0815735, 0) (0.169903, 0) (0.0686432, 0) (0.104492, 0) (0.170446, 0) (0.239753, 0) (0.239753, 0) (0.249874, 0) (0.0686432, 0) (0.104492, 0) (0.170446, 0) (0.230716, 0) (0.138586, 0) (0.101155, 0) (0.0764941, 0) (0.230716, 0) (0.184915, 0) (0.0764941, 0) (0.101155, 0) (0.138586, 0) 
0 -3.79939 1 (-0.274878, 0) (-0.260682, 0) (-0.274878, 0) (-0.247018, 0) (-0.184494, 0) (0.0718569, 0) (0.169903, 0) (0.0815735, 0) (-0.0707083, 0) (-0.247018, 0) (-0.0707083, 0) (0.0815735, 0) (0.169903, 0) (-0.115846, 0) (0.0345501, 0) (0.125307, 0) (-0.00446846, 0) (-0.115846, 0) (0.0345501, 0) (0.125307, 0) (0.0764941, 0) (0.101155, 0) (0.138586, 0) (0.230716, 0) (0.230716, 0) (0.184915, 0) (0.0764941, 0) (0.101155, 0) (0.138586, 0) (0.239753, 0) (0.170446, 0) (0.104492, 0) (0.0686432, 0) (0.239753, 0) (0.249874, 0) (0.0686432, 0) (0.104492, 0) (0.170446, 0) 
1 -3.78334 1 (0.124985, 0) (-2.71601e-15, 0) (-0.124985, 0) (-0.159492, 0) (-3.11692e-15, 0) (-2.16813e-16, 0) (-0.242822, 0) (-0.328419, 0) (-0.235865, 0) (0.159492, 0) (0.235865, 0) (0.328419, 0) (0.242822, 0) (-0.107973, 0) (-0.12701, 0) (-0.0851587, 0) (6.55283e-16, 0) (0.107973, 0) (0.12701, 0) (0.0851587, 0) (-0.261788, 0) (-0.200296, 0) (-0.195322, 0) (-0.193029, 0) (0.193029, 0) (3.05162e-15, 0) (0.261788, 0) (0.200296, 0) (0.195322, 0) (-0.065025, 0) (-0.0535158, 0) (-0.0628105, 0) (-0.0796615, 0) (0.065025, 0) (2.60295e-15, 0) (0.0796615, 0) (0.0628105, 0) (0.0535158, 0) 
0 -3.78334 1 (0.159492, 0) (1.26688e-14, 0) (-0.159492, 0) (-0.124985, 0) (8.69437e-15, 0) (-3.721e-15, 0) (-0.0851587, 0) (-0.12701, 0) (-0.107973, 0) (0.124985, 0) (0.107973, 0) (0.12701, 0) (0.0851587, 0) (-0.235865, 0) (-0.328419, 0) (-0.242822, 0) (1.82855e-16, 0) (0.235865, 0) (0.328419, 0) (0.242822, 0) (-0.0796615, 0) (-0.0628105, 0) (-0.0535158, 0) (-0.065025, 0) (0.065025, 0) (-9.11616e-15, 0) (0.0796615, 0) (0.0628105, 0) (0.0535158, 0) (-0.193029, 0) (-0.195322, 0) (-0.200296, 0) (-0.261788, 0) (0.193029, 0) (-1.23353e-14, 0) (0.261788, 0) (0.200296, 0) (0.195322, 0) 
1 -3.53877 1 (-0.115595, 0) (-5.15525e-16, 0) (0.115595, 0) (0.0319837, 0) (-1.37337e-15, 0) (-3.16701e-16, 0) (-0.105861, 0) (-0.123229, 0) (-0.0461295, 0) (-0.0319837, 0) (0.0461295, 0) (0.123229, 0) (0.105861, 0) (0.204917, 0) (0.344093, 0) (0.260355, 0) (4.3477e-16, 0) (-0.204917, 0) (-0.344093, 0) (-0.260355, 0) (-0.114688, 0) (-0.0980089, 0) (-0.100108, 0) (-0.0945134, 0) (0.0945134, 0) (1.35663e-15, 0) (0.114688, 0) (0.0980089, 0) (0.100108, 0) (0.219433, 0) (0.187738, 0) (0.21202, 0) (0.242604, 0) (-0.219433, 0) (9.43063e-16, 0) (-0.242604, 0) (-0.21202, 0) (-0.187738, 0) 
0 -3.53877 1 (0.0319837, 0) (1.58253e-15, 0) (-0.0319837, 0) (-0.115595, 0) (1.11449e-15, 0) (-6.61352e-16, 0) (-0.260355, 0) (-0.344093, 0) (-0.204917, 0) (0.115595, 0) (0.204917, 0) (0.344093, 0) (0.260355, 0) (0.0461295, 0) (0.123229, 0) (0.105861, 0) (3.60519e-16, 0) (-0.0461295, 0) (-0.123229, 0) (-0.105861, 0) (-0.242604, 0) (-0.21202, 0) (-0.187738, 0) (-0.219433, 0) (0.219433, 0) (-1.29122e-15, 0) (0.242604, 0) (0.21202, 0) (0.187738, 0) (0.0945134, 0) (0.100108, 0) (0.0980089, 0) (0.114688, 0) (-0.0945134, 0) (-1.37375e-15, 0) (-0.114688, 0) (-0.0980089, 0) (-0.100108, 0) 
1 -2.67283 1 (-0.198522, 0) (-0.309823, 0) (-0.198522, 0) (0.101712, 0) (0.244548, 0) (0.214465, 0) (0.0745738, 0) (0.134061, 0) (0.142263, 0) (0.101712, 0) (0.142263, 0) (0.134061, 0) (0.0745738, 0) (-0.13507, 0) (-0.0611587, 0) (-0.00437682, 0) (-0.182653, 0) (-0.13507, 0) (-0.0611587, 0) (-0.00437682, 0) (0.0302878, 0) (-0.0853483, 0) (-0.189964, 0) (-0.219055, 0) (-0.219055, 0) (-0.291733, 0) (0.0302878, 0) (-0.0853483, 0) (-0.189964, 0) (0.235742, 0) (0.183289, 0) (0.126701, 0) (0.0332442, 0) (0.235742, 0) (0.22688, 0) (0.0332442, 0) (0.126701, 0) (0.183289, 0) 
0 -2.67283 1 (-0.101712, 0) (-0.244548, 0) (-0.101712, 0) (0.198522, 0) (0.309823, 0) (0.182653, 0) (0.00437682, 0) (0.0611587, 0) (0.13507, 0) (0.198522, 0) (0.13507, 0) (0.0611587, 0) (0.00437682, 0) (-0.142263, 0) (-0.134061, 0) (-0.0745738, 0) (-0.214465, 0) (-0.142263, 0) (-0.134061, 0) (-0.0745738, 0) (-0.0332442, 0) (-0.126701, 0) (-0.183289, 0) (-0.235742, 0) (-0.235742, 0) (-0.22688, 0) (-0.0332442, 0) (-0.126701, 0) (-0.183289, 0) (0.219055, 0) (0.189964, 0) (0.0853483, 0) (-0.0302878, 0) (0.219055, 0) (0.291733, 0) (-0.0302878, 0) (0.0853483, 0) (0.189964, 0) 
1 -2.36136 1 (0.306442, 0) (1.72548e-16, 0) (-0.306442, 0) (-0.319838, 0) (4.19314e-17, 0) (-6.6845e-16, 0) (0.0654409, 0) (-0.063712, 0) (-0.248744, 0) (0.319838, 0) (0.248744, 0) (0.063712, 0) (-0.0654409, 0) (-0.17455, 0) (-0.00900668, 0) (0.0838511, 0) (-1.91158e-16, 0) (0.17455, 0) (0.00900668, 0) (-0.0838511, 0) (0.0732083, 0) (0.17301, 0) (0.230512, 0) (0.169778, 0) (-0.169778, 0) (4.52465e-16, 0) (-0.0732083, 0) (-0.17301, 0) (-0.230512, 0) (0.153932, 0) (0.16336, 0) (0.150258, 0) (0.0760978, 0) (-0.153932, 0) (3.50935e-16, 0) (-0.0760978, 0) (-0.150258, 0) (-0.16336, 0) 
0 -2.36136 1 (-0.319838, 0) (-8.30676e-16, 0) (0.319838, 0) (0.306442, 0) (8.00452e-16, 0) (5.92976e-16, 0) (-0.0838511, 0) (0.00900668, 0) (0.17455, 0) (-0.306442, 0) (-0.17455, 0) (-0.00900668, 0) (0.0838511, 0) (0.248744, 0) (0.063712, 0) (-0.0654409, 0) (-8.49402e-16, 0) (-0.248744, 0) (-0.063712, 0) (0.0654409, 0) (-0.0760978, 0) (-0.150258, 0) (-0.16336, 0) (-0.153932, 0) (0.153932, 0) (-1.07299e-15, 0) (0.0760978, 0) (0.150258, 0) (0.16336, 0) (-0.169778, 0) (-0.230512, 0) (-0.17301, 0) (-0.0732083, 0) (0.169778, 0) (1.01757e-15, 0) (0.0732083, 0) (0.17301, 0) (0.230512, 0) 
1 -2.1453 1 (0.00699816, 0) (0.0342086, 0) (0.00699816, 0) (-0.0382568, 0) (-0.23217, 0) (-0.274861, 0) (-0.109346, 0) (0.274834, 0) (0.161826, 0) (-0.0382568, 0) (0.161826, 0) (0.274834, 0) (-0.109346, 0) (0.0147785, 0) (0.018527, 0) (0.0164471, 0) (0.0433262, 0) (0.0147785, 0) (0.018527, 0) (0.0164471, 0) (0.400443, 0) (0.290972, 0) (0.0870778, 0) (-0.16845, 0) (-0.16845, 0) (-0.25789, 0) (0.400443, 0) (0.290972, 0) (0.0870778, 0) (-0.0347426, 0) (-0.0325564, 0) (-0.023275, 0) (-0.00267315, 0) (-0.0347426, 0) (-0.0369063, 0) (-0.00267315, 0) (-0.023275, 0) (-0.0325564, 0) 
0 -2.1453 1 (0.0382568, 0) (0.23217, 0) (0.0382568, 0) (-0.00699816, 0) (-0.0342086, 0) (-0.0433262, 0) (-0.0164471, 0) (-0.018527, 0) (-0.0147785, 0) (-0.00699816, 0) (-0.0147785, 0) (-0.018527, 0) (-0.0164471, 0) (-0.161826, 0) (-0.274834, 0) (0.109346, 0) (0.274861, 0) (-0.161826, 0) (-0.274834, 0) (0.109346, 0) (0.00267315, 0) (0.023275, 0) (0.0325564, 0) (0.0347426, 0) (0.0347426, 0) (0.0369063, 0) (0.00267315, 0) (0.023275, 0) (0.0325564, 0) (0.16845, 0) (-0.0870778, 0) (-0.290972, 0) (-0.400443, 0) (0.16845, 0) (0.25789, 0) (-0.400443, 0) (-0.290972, 0) (-0.0870778, 0) 
1 -1.85336 1 (-0.00833564, 0) (0.182588, 0) (-0.00833564, 0) (-0.00455043, 0) (0.00192163, 0) (0.0118013, 0) (0.00808024, 0) (0.00369935, 0) (-0.000628659, 0) (-0.00455043, 0) (-0.000628659, 0) (0.00369935, 0) (0.00808024, 0) (-0.189917, 0) (-0.299153, 0) (0.126885, 0) (0.302888, 0) (-0.189917, 0) (-0.299153, 0) (0.126885, 0) (-0.00175508, 0) (-0.00598942, 0) (-0.00763253, 0) (-0.00392465, 0) (-0.00392465, 0) (-0.00655068, 0) (-0.00175508, 0) (-0.00598942, 0) (-0.00763253, 0) (0.191696, 0) (-0.0711344, 0) (-0.31077, 0) (-0.365653, 0) (0.191696, 0) (0.216041, 0) (-0.365653, 0) (-0.31077, 0) (-0.0711344, 0) 
0 -1.85336 1 (-0.00455043, 0) (0.00192163, 0) (-0.00455043, 0) (-0.00833564, 0) (0.182588, 0) (0.302888, 0) (0.126885, 0) (-0.299153, 0) (-0.189917, 0) (-0.00833564, 0) (-0.189917, 0) (-0.299153, 0) (0.126885, 0) (-0.000628659, 0) (0.00369935, 0) (0.00808024, 0) (0.0118013, 0) (-0.000628659, 0) (0.00369935, 0) (0.00808024, 0) (-0.365653, 0) (-0.31077, 0) (-0.0711344, 0) (0.191696, 0) (0.191696, 0) (0.216041, 0) (-0.365653, 0) (-0.31077, 0) (-0.0711344, 0) (-0.00392465, 0) (-0.00763253, 0) (-0.00598942, 0) (-0.00175508, 0) (-0.00392465, 0) (-0.00655068, 0) (-0.00175508, 0) (-0.00598942, 0) (-0.00763253, 0) 
1 -1.53984 1 (-0.148752, 0) (-0.0195888, 0) (-0.148752, 0) (-0.197846, 0) (-0.0882516, 0) (0.281918, 0) (0.243736, 0) (0.140632, 0) (-0.0462264, 0) (-0.197846, 0) (-0.0462264, 0) (0.140632, 0) (0.243736, 0) (0.0227098, 0) (0.182884, 0) (0.187993, 0) (0.269073, 0) (0.0227098, 0) (0.182884, 0) (0.187993, 0) (0.00271456, 0) (-0.137405, 0) (-0.202124, 0) (-0.101667, 0) (-0.101667, 0) (-0.187903, 0) (0.00271456, 0) (-0.137405, 0) (-0.202124, 0) (-0.184235, 0) (-0.205643, 0) (-0.136119, 0) (0.0301334, 0) (-0.184235, 0) (-0.222171, 0) (0.0301334, 0) (-0.136119, 0) (-0.205643, 0) 
0 -1.53984 1 (-0.197846, 0) (-0.0882516, 0) (-0.197846, 0) (-0.148752, 0) (-0.0195888, 0) (0.269073, 0) (0.187993, 0) (0.182884, 0) (0.0227098, 0) (-0.148752, 0) (0.0227098, 0) (0.182884, 0) (0.187993, 0) (-0.0462264, 0) (0.140632, 0) (0.243736, 0) (0.281918, 0) (-0.0462264, 0) (0.140632, 0) (0.243736, 0) (0.0301334, 0) (-0.136119, 0) (-0.205643, 0) (-0.184235, 0) (-0.184235, 0) (-0.222171, 0) (0.0301334, 0) (-0.136119, 0) (-0.205643, 0) (-0.101667, 0) (-0.202124, 0) (-0.137405, 0) (0.00271456, 0) (-0.101667, 0) (-0.187903, 0) (0.00271456, 0) (-0.137405, 0) (-0.202124, 0) 
1 -1.47471 1 (-0.164298, 0) (-7.78209e-16, 0) (0.164298, 0) (-0.0355748, 0) (2.23285e-16, 0) (7.14181e-16, 0) (-0.042535, 0) (-0.224572, 0) (-0.214367, 0) (0.0355748, 0) (0.214367, 0) (0.224572, 0) (0.042535, 0) (0.246686, 0) (0.200507, 0) (0.00822155, 0) (-5.51273e-16, 0) (-0.246686, 0) (-0.200507, 0) (-0.00822155, 0) (-0.0574139, 0) (0.157709, 0) (0.282484, 0) (0.1696, 0) (-0.1696, 0) (1.74583e-16, 0) (0.0574139, 0) (-0.157709, 0) (-0.282484, 0) (-0.188997, 0) (-0.249681, 0) (-0.193938, 0) (0.0042991, 0) (0.188997, 0) (-3.10761e-16, 0) (-0.0042991, 0) (0.193938, 0) (0.249681, 0) 
0 -1.47471 1 (-0.0355748, 0) (-5.38273e-16, 0) (0.0355748, 0) (-0.164298, 0) (-2.91428e-16, 0) (4.96962e-16, 0) (-0.00822155, 0) (-0.200507, 0) (-0.246686, 0) (0.164298, 0) (0.246686, 0) (0.200507, 0) (0.00822155, 0) (0.214367, 0) (0.224572, 0) (0.042535, 0) (-3.85526e-16, 0) (-0.214367, 0) (-0.224572, 0) (-0.042535, 0) (-0.0042991, 0) (0.193938, 0) (0.249681, 0) (0.188997, 0) (-0.188997, 0) (-4.73738e-16, 0) (0.0042991, 0) (-0.193938, 0) (-0.249681, 0) (-0.1696, 0) (-0.282484, 0) (-0.157709, 0) (0.0574139, 0) (0.1696, 0) (-1.91909e-16, 0) (-0.0574139, 0) (0.157709, 0) (0.282484, 0) 
1 -0.630012 1 (-0.0943028, 0) (2.29373e-15, 0) (0.0943028, 0) (0.116657, 0) (-3.1982e-15, 0) (-8.04918e-16, 0) (0.265719, 0) (-0.0865827, 0) (0.0333895, 0) (-0.116657, 0) (-0.0333895, 0) (0.0865827, 0) (-0.265719, 0) (-0.0249871, 0) (-0.123437, 0) (-0.0806198, 0) (-7.50151e-17, 0) (0.0249871, 0) (0.123437, 0) (0.0806198, 0) (-0.393204, 0) (-0.248321, 0) (0.116507, 0) (0.346866, 0) (-0.346866, 0) (1.33536e-15, 0) (0.393204, 0) (0.248321, 0) (-0.116507, 0) (0.0357928, 0) (0.11515, 0) (0.104788, 0) (-0.0153497, 0) (-0.0357928, 0) (-1.55142e-16, 0) (0.0153497, 0) (-0.104788, 0) (-0.11515, 0) 
0 -0.630012 1 (0.116657, 0) (1.80173e-15, 0) (-0.116657, 0) (-0.0943028, 0) (-8.39715e-16, 0) (-1.34956e-16, 0) (0.0806198, 0) (0.123437, 0) (0.0249871, 0) (0.0943028, 0) (-0.0249871, 0) (-0.123437, 0) (-0.0806198, 0) (-0.0333895, 0) (0.0865827, 0) (-0.265719, 0) (7.63929e-16, 0) (0.0333895, 0) (-0.0865827, 0) (0.265719, 0) (0.0153497, 0) (-0.104788, 0) (-0.11515, 0) (-0.0357928, 0) (0.0357928, 0) (-1.69813e-16, 0) (-0.0153497, 0) (0.104788, 0) (0.11515, 0) (-0.346866, 0) (-0.116507, 0) (0.248321, 0) (0.393204, 0) (0.346866, 0) (-5.97829e-16, 0) (-0.393204, 0) (-0.248321, 0) (0.116507, 0) 
1 -0.555936 1 (-0.194105, 0) (-0.325438, 0) (-0.194105, 0) (0.155435, 0) (0.416355, 0) (0.0741661, 0) (-0.169178, 0) (-0.204666, 0) (-0.056375, 0) (0.155435, 0) (-0.056375, 0) (-0.204666, 0) (-0.169178, 0) (-0.0133572, 0) (0.178897, 0) (0.179258, 0) (0.0344514, 0) (-0.0133572, 0) (0.178897, 0) (0.179258, 0) (0.00874329, 0) (0.211873, 0) (0.221528, 0) (-0.0305759, 0) (-0.0305759, 0) (-0.0852038, 0) (0.00874329, 0) (0.211873, 0) (0.221528, 0) (-0.0233901, 0) (-0.165032, 0) (-0.173561, 0) (0.0044937, 0) (-0.0233901, 0) (-0.036149, 0) (0.0044937, 0) (-0.173561, 0) (-0.165032, 0) 
0 -0.555936 1 (-0.155435, 0) (-0.416355, 0) (-0.155435, 0) (0.194105, 0) (0.325438, 0) (-0.0344514, 0) (-0.179258, 0) (-0.178897, 0) (0.0133572, 0) (0.194105, 0) (0.0133572, 0) (-0.178897, 0) (-0.179258, 0) (0.056375, 0) (0.204666, 0) (0.169178, 0) (-0.0741661, 0) (0.056375, 0) (0.204666, 0) (0.169178, 0) (-0.0044937, 0) (0.173561, 0) (0.165032, 0) (0.0233901, 0) (0.0233901, 0) (0.036149, 0) (-0.0044937, 0) (0.173561, 0) (0.165032, 0) (0.0305759, 0) (-0.221528, 0) (-0.211873, 0) (-0.00874329, 0) (0.0305759, 0) (0.0852038, 0) (-0.00874329, 0) (-0.211873, 0) (-0.221528, 0) 
1 -0.546227 1 (-0.18748, 0) (-1.05089e-14, 0) (0.18748, 0) (0.194578, 0) (1.41213e-14, 0) (3.05174e-15, 0) (-0.264312, 0) (-0.177648, 0) (0.019467, 0) (-0.194578, 0) (-0.019467, 0) (0.177648, 0) (0.264312, 0) (-0.018151, 0) (-0.20808, 0) (-0.24509, 0) (1.46754e-15, 0) (0.018151, 0) (0.20808, 0) (0.24509, 0) (0.0572949, 0) (0.22467, 0) (0.186077, 0) (-0.0730551, 0) (0.0730551, 0) (-3.46041e-15, 0) (-0.0572949, 0) (-0.22467, 0) (-0.186077, 0) (-0.050759, 0) (0.197696, 0) (0.285981, 0) (0.0657988, 0) (0.050759, 0) (-1.61996e-15, 0) (-0.0657988, 0) (-0.285981, 0) (-0.197696, 0) 
0 -0.546227 1 (-0.194578, 0) (-1.87743e-14, 0) (0.194578, 0) (0.18748, 0) (1.39896e-14, 0) (-2.39879e-15, 0) (-0.24509, 0) (-0.20808, 0) (-0.018151, 0) (-0.18748, 0) (0.018151, 0) (0.20808, 0) (0.24509, 0) (0.019467, 0) (-0.177648, 0) (-0.264312, 0) (-3.53712e-15, 0) (-0.019467, 0) (0.177648, 0) (0.264312, 0) (0.0657988, 0) (0.285981, 0) (0.197696, 0) (-0.050759, 0) (0.050759, 0) (2.01162e-15, 0) (-0.0657988, 0) (-0.285981, 0) (-0.197696, 0) (-0.0730551, 0) (0.186077, 0) (0.22467, 0) (0.0572949, 0) (0.0730551, 0) (4.09556e-15, 0) (-0.0572949, 0) (-0.22467, 0) (-0.186077, 0) 
1 -0.480256 1 (-0.102554, 0) (-1.20471e-15, 0) (0.102554, 0) (0.120945, 0) (3.43161e-15, 0) (2.46428e-15, 0) (-0.112107, 0) (-0.1014, 0) (0.023124, 0) (-0.120945, 0) (-0.023124, 0) (0.1014, 0) (0.112107, 0) (-0.0269428, 0) (-0.132474, 0) (0.248367, 0) (3.25719e-16, 0) (0.0269428, 0) (0.132474, 0) (-0.248367, 0) (-0.0155908, 0) (0.0889855, 0) (0.109809, 0) (-0.0021962, 0) (0.0021962, 0) (-2.58889e-15, 0) (0.0155908, 0) (-0.0889855, 0) (-0.109809, 0) (0.388706, 0) (0.105072, 0) (-0.266258, 0) (-0.343888, 0) (-0.388706, 0) (-2.13658e-16, 0) (0.343888, 0) (0.266258, 0) (-0.105072, 0) 
0 -0.480256 1 (0.120945, 0) (2.93255e-15, 0) (-0.120945, 0) (-0.102554, 0) (-4.9621e-15, 0) (-6.28719e-16, 0) (-0.248367, 0) (0.132474, 0) (0.0269428, 0) (0.102554, 0) (-0.0269428, 0) (-0.132474, 0) (0.248367, 0) (-0.023124, 0) (0.1014, 0) (0.112107, 0) (-1.89468e-15, 0) (0.023124, 0) (-0.1014, 0) (-0.112107, 0) (0.343888, 0) (0.266258, 0) (-0.105072, 0) (-0.388706, 0) (0.388706, 0) (-2.14506e-16, 0) (-0.343888, 0) (-0.266258, 0) (0.105072, 0) (0.0021962, 0) (-0.109809, 0) (-0.0889855, 0) (0.0155908, 0) (-0.0021962, 0) (1.39543e-15, 0) (-0.0155908, 0) (0.0889855, 0) (0.109809, 0) 
1 -0.354878 1 (0.092361, 0) (0.249743, 0) (0.092361, 0) (-0.128556, 0) (0.125072, 0) (0.363462, 0) (0.115054, 0) (-0.147071, 0) (-0.34505, 0) (-0.128556, 0) (-0.34505, 0) (-0.147071, 0) (0.115054, 0) (-0.0408172, 0) (-0.135793, 0) (-0.0946894, 0) (0.0681577, 0) (-0.0408172, 0) (-0.135793, 0) (-0.0946894, 0) (0.0851502, 0) (0.210919, 0) (0.128378, 0) (-0.115415, 0) (-0.115415, 0) (-0.358851, 0) (0.0851502, 0) (0.210919, 0) (0.128378, 0) (-0.0256553, 0) (0.114624, 0) (0.153913, 0) (0.0162796, 0) (-0.0256553, 0) (-0.0420708, 0) (0.0162796, 0) (0.153913, 0) (0.114624, 0) 
0 -0.354878 1 (-0.128556, 0) (0.125072, 0) (-0.128556, 0) (0.092361, 0) (0.249743, 0) (0.0681577, 0) (-0.0946894, 0) (-0.135793, 0) (-0.0408172, 0) (0.092361, 0) (-0.0408172, 0) (-0.135793, 0) (-0.0946894, 0) (-0.34505, 0) (-0.147071, 0) (0.115054, 0) (0.363462, 0) (-0.34505, 0) (-0.147071, 0) (0.115054, 0) (0.0162796, 0) (0.153913, 0) (0.114624, 0) (-0.0256553, 0) (-0.0256553, 0) (-0.0420708, 0) (0.0162796, 0) (0.153913, 0) (0.114624, 0) (-0.115415, 0) (0.128378, 0) (0.210919, 0) (0.0851502, 0) (-0.115415, 0) (-0.358851, 0) (0.0851502, 0) (0.210919, 0) (0.128378, 0) 
1 -0.0456202 1 (-0.158481, 0) (0.12295, 0) (-0.158481, 0) (0.0905259, 0) (0.109811, 0) (-0.100256, 0) (-0.0981494, 0) (-0.00282659, 0) (0.128166, 0) (0.0905259, 0) (0.128166, 0) (-0.00282659, 0) (-0.0981494, 0) (-0.33323, 0) (-0.15793, 0) (0.103303, 0) (0.427373, 0) (-0.33323, 0) (-0.15793, 0) (0.103303, 0) (-0.0324767, 0) (-0.0178055, 0) (0.0164904, 0) (0.0281844, 0) (0.0281844, 0) (0.106616, 0) (-0.0324767, 0) (-0.0178055, 0) (0.0164904, 0) (-0.179498, 0) (0.0872375, 0) (0.267119, 0) (0.109352, 0) (-0.179498, 0) (-0.324857, 0) (0.109352, 0) (0.267119, 0) (0.0872375, 0) 
0 -0.0456202 1 (0.0905259, 0) (0.109811, 0) (0.0905259, 0) (-0.158481, 0) (0.12295, 0) (0.427373, 0) (0.103303, 0) (-0.15793, 0) (-0.33323, 0) (-0.158481, 0) (-0.33323, 0) (-0.15793, 0) (0.103303, 0) (0.128166, 0) (-0.00282659, 0) (-0.0981494, 0) (-0.100256, 0) (0.128166, 0) (-0.00282659, 0) (-0.0981494, 0) (0.109352, 0) (0.267119, 0) (0.0872375, 0) (-0.179498, 0) (-0.179498, 0) (-0.324857, 0) (0.109352, 0) (0.267119, 0) (0.0872375, 0) (0.0281844, 0) (0.0164904, 0) (-0.0178055, 0) (-0.0324767, 0) (0.0281844, 0) (0.106616, 0) (-0.0324767, 0) (-0.0178055, 0) (0.0164904, 0) 
1 1.07628 1 (0.266774, 0) (-3.20882e-16, 0) (-0.266774, 0) (0.168134, 0) (-1.00759e-15, 0) (3.41888e-16, 0) (-0.196274, 0) (-0.0755361, 0) (0.344559, 0) (-0.168134, 0) (-0.344559, 0) (0.0755361, 0) (0.196274, 0) (-0.258868, 0) (0.128536, 0) (0.147613, 0) (-1.60622e-17, 0) (0.258868, 0) (-0.128536, 0) (-0.147613, 0) (-0.182639, 0) (0.0353977, 0) (0.199712, 0) (0.0073145, 0) (-0.0073145, 0) (-2.25104e-15, 0) (0.182639, 0) (-0.0353977, 0) (-0.199712, 0) (-0.0613463, 0) (-0.168028, 0) (-0.0376027, 0) (0.155978, 0) (0.0613463, 0) (3.23159e-17, 0) (-0.155978, 0) (0.0376027, 0) (0.168028, 0) 
0 1.07628 1 (0.168134, 0) (-6.06687e-17, 0) (-0.168134, 0) (0.266774, 0) (1.06459e-16, 0) (-2.87826e-17, 0) (-0.147613, 0) (-0.128536, 0) (0.258868, 0) (-0.266774, 0) (-0.258868, 0) (0.128536, 0) (0.147613, 0) (-0.344559, 0) (0.0755361, 0) (0.196274, 0) (-1.33999e-16, 0) (0.344559, 0) (-0.0755361, 0) (-0.196274, 0) (-0.155978, 0) (0.0376027, 0) (0.168028, 0) (0.0613463, 0) (-0.0613463, 0) (-4.35529e-17, 0) (0.155978, 0) (-0.0376027, 0) (-0.168028, 0) (-0.0073145, 0) (-0.199712, 0) (-0.0353977, 0) (0.182639, 0) (0.0073145, 0) (-9.26293e-17, 0) (-0.182639, 0) (0.0353977, 0) (0.199712, 0) 
1 1.64067 1 (0.000339746, 0) (0.00144296, 0) (0.000339746, 0) (-0.00235326, 0) (-0.252765, 0) (-0.0234064, 0) (0.123596, 0) (0.01739, 0) (0.251829, 0) (-0.00235326, 0) (0.251829, 0) (0.01739, 0) (0.123596, 0) (0.000954835, 0) (-2.94479e-05, 0) (-0.000742357, 0) (-0.000284895, 0) (0.000954835, 0) (-2.94479e-05, 0) (-0.000742357, 0) (-0.371151, 0) (-0.0213742, 0) (0.36531, 0) (0.0231405, 0) (0.0231405, 0) (-0.482867, 0) (-0.371151, 0) (-0.0213742, 0) (0.36531, 0) (0.000131622, 0) (0.000210828, 0) (-5.15385e-05, 0) (-0.000216569, 0) (0.000131622, 0) (0.000547816, 0) (-0.000216569, 0) (-5.15385e-05, 0) (0.000210828, 0) 
0 1.64067 1 (-0.00235326, 0) (-0.252765, 0) (-0.00235326, 0) (0.000339746, 0) (0.00144296, 0) (-0.000284895, 0) (-0.000742357, 0) (-2.94479e-05, 0) (0.000954835, 0) (0.000339746, 0) (0.000954835, 0) (-2.94479e-05, 0) (-0.000742357, 0) (0.251829, 0) (0.01739, 0) (0.123596, 0) (-0.0234064, 0) (0.251829, 0) (0.01739, 0) (0.123596, 0) (-0.000216569, 0) (-5.15385e-05, 0) (0.000210828, 0) (0.000131622, 0) (0.000131622, 0) (0.000547816, 0) (-0.000216569, 0) (-5.15385e-05, 0) (0.000210828, 0) (0.0231405, 0) (0.36531, 0) (-0.0213742, 0) (-0.371151, 0) (0.0231405, 0) (-0.482867, 0) (-0.371151, 0) (-0.0213742, 0) (0.36531, 0) 
1 2.67933 0 (0.00235326, 0) (-0.252765, 0) (0.00235326, 0) (0.000339746, 0) (-0.00144296, 0) (-0.000284895, 0) (0.000742357, 0) (-2.94479e-05, 0) (-0.000954835, 0) (0.000339746, 0) (-0.000954835, 0) (-2.94479e-05, 0) (0.000742357, 0) (0.251829, 0) (-0.01739, 0) (0.123596, 0) (0.0234064, 0) (0.251829, 0) (-0.01739, 0) (0.123596, 0) (0.000216569, 0) (-5.15385e-05, 0) (-0.000210828, 0) (0.000131622, 0) (0.000131622, 0) (-0.000547816, 0) (0.000216569, 0) (-5.15385e-05, 0) (-0.000210828, 0) (-0.0231405, 0) (0.36531, 0) (0.0213742, 0) (-0.371151, 0) (-0.0231405, 0) (-0.482867, 0) (-0.371151, 0) (0.0213742, 0) (0.36531, 0) 
0 2.67933 0 (0.000339746, 0) (-0.00144296, 0) (0.000339746, 0) (0.00235326, 0) (-0.252765, 0) (0.0234064, 0) (0.123596, 0) (-0.01739, 0) (0.251829, 0) (0.00235326, 0) (0.251829, 0) (-0.01739, 0) (0.123596, 0) (-0.000954835, 0) (-2.94479e-05, 0) (0.000742357, 0) (-0.000284895, 0) (-0.000954835, 0) (-2.94479e-05, 0) (0.000742357, 0) (-0.371151, 0) (0.0213742, 0) (0.36531, 0) (-0.0231405, 0) (-0.0231405, 0) (-0.482867, 0) (-0.371151, 0) (0.0213742, 0) (0.36531, 0) (0.000131622, 0) (-0.000210828, 0) (-5.15385e-05, 0) (0.000216569, 0) (0.000131622, 0) (-0.000547816, 0) (0.000216569, 0) (-5.15385e-05, 0) (-0.000210828, 0) 
1 3.24372 0 (-0.168134, 0) (-6.01496e-16, 0) (0.168134, 0) (0.266774, 0) (-2.33453e-16, 0) (4.74303e-16, 0) (0.147613, 0) (-0.128536, 0) (-0.258868, 0) (-0.266774, 0) (0.258868, 0) (0.128536, 0) (-0.147613, 0) (-0.344559, 0) (-0.0755361, 0) (0.196274, 0) (1.35588e-16, 0) (0.344559, 0) (0.0755361, 0) (-0.196274, 0) (0.155978, 0) (0.0376027, 0) (-0.168028, 0) (0.0613463, 0) (-0.0613463, 0) (4.12979e-16, 0) (-0.155978, 0) (-0.0376027, 0) (0.168028, 0) (0.0073145, 0) (-0.199712, 0) (0.0353977, 0) (0.182639, 0) (-0.0073145, 0) (-6.82809e-16, 0) (-0.182639, 0) (-0.0353977, 0) (0.199712, 0) 
0 3.24372 0 (0.266774, 0) (-1.07725e-16, 0) (-0.266774, 0) (-0.168134, 0) (-1.08505e-16, 0) (-3.11378e-16, 0) (-0.196274, 0) (0.0755361, 0) (0.344559, 0) (0.168134, 0) (-0.344559, 0) (-0.0755361, 0) (0.196274, 0) (0.258868, 0) (0.128536, 0) (-0.147613, 0) (-8.3827e-17, 0) (-0.258868, 0) (-0.128536, 0) (0.147613, 0) (-0.182639, 0) (-0.0353977, 0) (0.199712, 0) (-0.0073145, 0) (0.0073145, 0) (1.72752e-16, 0) (0.182639, 0) (0.0353977, 0) (-0.199712, 0) (-0.0613463, 0) (0.168028, 0) (-0.0376027, 0) (-0.155978, 0) (0.0613463, 0) (-1.77265e-16, 0) (0.155978, 0) (0.0376027, 0) (-0.168028, 0) 
1 4.36562 0 (-0.0905259, 0) (0.109811, 0) (-0.0905259, 0) (-0.158481, 0) (-0.12295, 0) (0.427373, 0) (-0.103303, 0) (-0.15793, 0) (0.33323, 0) (-0.158481, 0) (0.33323, 0) (-0.15793, 0) (-0.103303, 0) (0.128166, 0) (0.00282659, 0) (-0.0981494, 0) (0.100256, 0) (0.128166, 0) (0.00282659, 0) (-0.0981494, 0) (-0.109352, 0) (0.267119, 0) (-0.0872375, 0) (-0.179498, 0) (-0.179498, 0) (0.324857, 0) (-0.109352, 0) (0.267119, 0) (-0.0872375, 0) (-0.0281844, 0) (0.0164904, 0) (0.0178055, 0) (-0.0324767, 0) (-0.0281844, 0) (0.106616, 0) (-0.0324767, 0) (0.0178055, 0) (0.0164904, 0) 
0 4.36562 0 (0.158481, 0) (0.12295, 0) (0.158481, 0) (0.0905259, 0) (-0.109811, 0) (-0.100256, 0) (0.0981494, 0) (-0.00282659, 0) (-0.128166, 0) (0.0905259, 0) (-0.128166, 0) (-0.00282659, 0) (0.0981494, 0) (-0.33323, 0) (0.15793, 0) (0.103303, 0) (-0.427373, 0) (-0.33323, 0) (0.15793, 0) (0.103303, 0) (0.0324767, 0) (-0.0178055, 0) (-0.0164904, 0) (0.0281844, 0) (0.0281844, 0) (-0.106616, 0) (0.0324767, 0) (-0.0178055, 0) (-0.0164904, 0) (0.179498, 0) (0.0872375, 0) (-0.267119, 0) (0.109352, 0) (0.179498, 0) (-0.324857, 0) (0.109352, 0) (-0.267119, 0) (0.0872375, 0) 
1 4.67488 0 (-0.128556, 0) (-0.125072, 0) (-0.128556, 0) (-0.0923609, 0) (0.249743, 0) (-0.0681577, 0) (-0.0946894, 0) (0.135793, 0) (-0.0408172, 0) (-0.0923609, 0) (-0.0408172, 0) (0.135793, 0) (-0.0946894, 0) (0.34505, 0) (-0.147071, 0) (-0.115054, 0) (0.363462, 0) (0.34505, 0) (-0.147071, 0) (-0.115054, 0) (0.0162796, 0) (-0.153913, 0) (0.114624, 0) (0.0256553, 0) (0.0256553, 0) (-0.0420708, 0) (0.0162796, 0) (-0.153913, 0) (0.114624, 0) (-0.115415, 0) (-0.128378, 0) (0.210919, 0) (-0.0851502, 0) (-0.115415, 0) (0.358851, 0) (-0.0851502, 0) (0.210919, 0) (-0.128378, 0) 
0 4.67488 0 (-0.0923609, 0) (0.249743, 0) (-0.0923609, 0) (-0.128556, 0) (-0.125072, 0) (0.363462, 0) (-0.115054, 0) (-0.147071, 0) (0.34505, 0) (-0.128556, 0) (0.34505, 0) (-0.147071, 0) (-0.115054, 0) (-0.0408172, 0) (0.135793, 0) (-0.0946894, 0) (-0.0681577, 0) (-0.0408172, 0) (0.135793, 0) (-0.0946894, 0) (-0.0851502, 0) (0.210919, 0) (-0.128378, 0) (-0.115415, 0) (-0.115415, 0) (0.358851, 0) (-0.0851502, 0) (0.210919, 0) (-0.128378, 0) (0.0256553, 0) (0.114624, 0) (-0.153913, 0) (0.0162796, 0) (0.0256553, 0) (-0.0420708, 0) (0.0162796, 0) (-0.153913, 0) (0.114624, 0) 
1 4.80026 0 (-0.120945, 0) (7.86902e-15, 0) (0.120945, 0) (-0.102554, 0) (9.01691e-15, 0) (9.85191e-16, 0) (0.248367, 0) (0.132474, 0) (-0.0269428, 0) (0.102554, 0) (0.0269428, 0) (-0.132474, 0) (-0.248367, 0) (-0.023124, 0) (-0.1014, 0) (0.112107, 0) (2.03701e-15, 0) (0.023124, 0) (0.1014, 0) (-0.112107, 0) (-0.343888, 0) (0.266258, 0) (0.105072, 0) (-0.388706, 0) (0.388706, 0) (1.06224e-15, 0) (0.343888, 0) (-0.266258, 0) (-0.105072, 0) (-0.0021962, 0) (-0.109809, 0) (0.0889855, 0) (0.0155908, 0) (0.0021962, 0) (1.34493e-15, 0) (-0.0155908, 0) (-0.0889855, 0) (0.109809, 0) 
0 4.80026 0 (0.102554, 0) (-1.37481e-15, 0) (-0.102554, 0) (0.120945, 0) (9.67542e-16, 0) (-2.50819e-15, 0) (0.112107, 0) (-0.1014, 0) (-0.023124, 0) (-0.120945, 0) (0.023124, 0) (0.1014, 0) (-0.112107, 0) (-0.0269428, 0) (0.132474, 0) (0.248367, 0) (-6.23118e-16, 0) (0.0269428, 0) (-0.132474, 0) (-0.248367, 0) (0.0155908, 0) (0.0889855, 0) (-0.109809, 0) (-0.0021962, 0) (0.0021962, 0) (-2.29114e-15, 0) (-0.0155908, 0) (-0.0889855, 0) (0.109809, 0) (-0.388706, 0) (0.105072, 0) (0.266258, 0) (-0.343888, 0) (0.388706, 0) (-4.26158e-16, 0) (0.343888, 0) (-0.266258, 0) (-0.105072, 0) 
1 4.86623 0 (0.194578, 0) (-1.06033e-13, 0) (-0.194578, 0) (0.18748, 0) (-8.33969e-14, 0) (-9.29232e-15, 0) (0.24509, 0) (-0.20808, 0) (0.018151, 0) (-0.18748, 0) (-0.018151, 0) (0.20808, 0) (-0.24509, 0) (0.019467, 0) (0.177648, 0) (-0.264312, 0) (1.87516e-14, 0) (-0.019467, 0) (-0.177648, 0) (0.264312, 0) (-0.0657988, 0) (0.285981, 0) (-0.197696, 0) (-0.050759, 0) (0.050759, 0) (-9.20007e-15, 0) (0.0657988, 0) (-0.285981, 0) (0.197696, 0) (0.0730551, 0) (0.186077, 0) (-0.22467, 0) (0.0572949, 0) (-0.0730551, 0) (2.16109e-14, 0) (-0.0572949, 0) (0.22467, 0) (-0.186077, 0) 
0 4.86623 0 (-0.18748, 0) (-2.07583e-14, 0) (0.18748, 0) (-0.194578, 0) (-2.79399e-14, 0) (5.5764e-15, 0) (-0.264312, 0) (0.177648, 0) (0.019467, 0) (0.194578, 0) (-0.019467, 0) (-0.177648, 0) (0.264312, 0) (0.018151, 0) (-0.20808, 0) (0.24509, 0) (-2.46189e-15, 0) (-0.018151, 0) (0.20808, 0) (-0.24509, 0) (0.0572949, 0) (-0.22467, 0) (0.186077, 0) (0.0730551, 0) (-0.0730551, 0) (6.78364e-15, 0) (-0.0572949, 0) (0.22467, 0) (-0.186077, 0) (-0.050759, 0) (-0.197696, 0) (0.285981, 0) (-0.0657988, 0) (0.050759, 0) (-2.40145e-15, 0) (0.0657988, 0) (-0.285981, 0) (0.197696, 0) 
1 4.87594 0 (-0.155435, 0) (0.416355, 0) (-0.155435, 0) (-0.194105, 0) (0.325438, 0) (0.0344514, 0) (-0.179258, 0) (0.178897, 0) (0.0133572, 0) (-0.194105, 0) (0.0133572, 0) (0.178897, 0) (-0.179258, 0) (-0.056375, 0) (0.204666, 0) (-0.169178, 0) (-0.0741661, 0) (-0.056375, 0) (0.204666, 0) (-0.169178, 0) (-0.0044937, 0) (-0.173561, 0) (0.165032, 0) (-0.0233901, 0) (-0.0233901, 0) (0.036149, 0) (-0.0044937, 0) (-0.173561, 0) (0.165032, 0) (0.0305759, 0) (0.221528, 0) (-0.211873, 0) (0.00874329, 0) (0.0305759, 0) (-0.0852038, 0) (0.00874329, 0) (-0.211873, 0) (0.221528, 0) 
0 4.87594 0 (0.194105, 0) (-0.325438, 0) (0.194105, 0) (0.155435, 0) (-0.416355, 0) (0.0741661, 0) (0.169178, 0) (-0.204666, 0) (0.056375, 0) (0.155435, 0) (0.056375, 0) (-0.204666, 0) (0.169178, 0) (-0.0133572, 0) (-0.178897, 0) (0.179258, 0) (-0.0344514, 0) (-0.0133572, 0) (-0.178897, 0) (0.179258, 0) (-0.00874329, 0) (0.211873, 0) (-0.221528, 0) (-0.0305759, 0) (-0.0305759, 0) (0.0852038, 0) (-0.00874329, 0) (0.211873, 0) (-0.221528, 0) (0.0233901, 0) (-0.165032, 0) (0.173561, 0) (0.0044937, 0) (0.0233901, 0) (-0.036149, 0) (0.0044937, 0) (0.173561, 0) (-0.165032, 0) 
1 4.95001 0 (-0.116657, 0) (1.62368e-15, 0) (0.116657, 0) (-0.0943028, 0) (2.17256e-15, 0) (4.96214e-17, 0) (-0.0806198, 0) (0.123437, 0) (-0.0249871, 0) (0.0943028, 0) (0.0249871, 0) (-0.123437, 0) (0.0806198, 0) (-0.0333895, 0) (-0.0865827, 0) (-0.265719, 0) (3.41529e-17, 0) (0.0333895, 0) (0.0865827, 0) (0.265719, 0) (-0.0153497, 0) (-0.104788, 0) (0.11515, 0) (-0.0357928, 0) (0.0357928, 0) (1.11613e-15, 0) (0.0153497, 0) (0.104788, 0) (-0.11515, 0) (0.346866, 0) (-0.116507, 0) (-0.248321, 0) (0.393204, 0) (-0.346866, 0) (-1.59461e-16, 0) (-0.393204, 0) (0.248321, 0) (0.116507, 0) 
0 4.95001 0 (0.0943028, 0) (-6.12126e-15, 0) (-0.0943028, 0) (0.116657, 0) (-7.48751e-15, 0) (1.4765e-15, 0) (-0.265719, 0) (-0.0865827, 0) (-0.0333895, 0) (-0.116657, 0) (0.0333895, 0) (0.0865827, 0) (0.265719, 0) (-0.0249871, 0) (0.123437, 0) (-0.0806198, 0) (-2.83358e-16, 0) (0.0249871, 0) (-0.123437, 0) (0.0806198, 0) (0.393204, 0) (-0.248321, 0) (-0.116507, 0) (0.346866, 0) (-0.346866, 0) (2.35249e-15, 0) (-0.393204, 0) (0.248321, 0) (0.116507, 0) (-0.0357928, 0) (0.11515, 0) (-0.104788, 0) (-0.0153497, 0) (0.0357928, 0) (-4.25583e-16, 0) (0.0153497, 0) (0.104788, 0) (-0.11515, 0) 
1 5.79471 0 (-0.0355748, 0) (-6.14527e-15, 0) (0.0355748, 0) (0.164298, 0) (1.16986e-15, 0) (1.57604e-14, 0) (-0.00822155, 0) (0.200507, 0) (-0.246686, 0) (-0.164298, 0) (0.246686, 0) (-0.200507, 0) (0.00822155, 0) (-0.214367, 0) (0.224572, 0) (-0.042535, 0) (-1.65103e-14, 0) (0.214367, 0) (-0.224572, 0) (0.042535, 0) (-0.0042991, 0) (-0.193938, 0) (0.249681, 0) (-0.188997, 0) (0.188997, 0) (1.25562e-14, 0) (0.0042991, 0) (0.193938, 0) (-0.249681, 0) (-0.1696, 0) (0.282484, 0) (-0.157709, 0) (-0.0574139, 0) (0.1696, 0) (-1.09844e-14, 0) (0.0574139, 0) (0.157709, 0) (-0.282484, 0) 
0 5.79471 0 (-0.164298, 0) (-6.48504e-16, 0) (0.164298, 0) (0.0355748, 0) (7.53242e-17, 0) (-2.14407e-16, 0) (-0.042535, 0) (0.224572, 0) (-0.214367, 0) (-0.0355748, 0) (0.214367, 0) (-0.224572, 0) (0.042535, 0) (-0.246686, 0) (0.200507, 0) (-0.00822155, 0) (1.43287e-15, 0) (0.246686, 0) (-0.200507, 0) (0.00822155, 0) (-0.0574139, 0) (-0.157709, 0) (0.282484, 0) (-0.1696, 0) (0.1696, 0) (-2.54266e-16, 0) (0.0574139, 0) (0.157709, 0) (-0.282484, 0) (-0.188997, 0) (0.249681, 0) (-0.193938, 0) (-0.0042991, 0) (0.188997, 0) (-8.08646e-16, 0) (0.0042991, 0) (0.193938, 0) (-0.249681, 0) 
1 5.85984 0 (-0.197846, 0) (0.0882516, 0) (-0.197846, 0) (0.148752, 0) (-0.0195888, 0) (-0.269073, 0) (0.187993, 0) (-0.182884, 0) (0.0227098, 0) (0.148752, 0) (0.0227098, 0) (-0.182884, 0) (0.187993, 0) (0.0462264, 0) (0.140632, 0) (-0.243736, 0) (0.281918, 0) (0.0462264, 0) (0.140632, 0) (-0.243736, 0) (0.0301334, 0) (0.136119, 0) (-0.205643, 0) (0.184235, 0) (0.184235, 0) (-0.222171, 0) (0.0301334, 0) (0.136119, 0) (-0.205643, 0) (-0.101667, 0) (0.202124, 0) (-0.137405, 0) (-0.00271456, 0) (-0.101667, 0) (0.187903, 0) (-0.00271456, 0) (-0.137405, 0) (0.202124, 0) 
0 5.85984 0 (-0.148752, 0) (0.0195888, 0) (-0.148752, 0) (0.197846, 0) (-0.0882516, 0) (-0.281918, 0) (0.243736, 0) (-0.140632, 0) (-0.0462264, 0) (0.197846, 0) (-0.0462264, 0) (-0.140632, 0) (0.243736, 0) (-0.0227098, 0) (0.182884, 0) (-0.187993, 0) (0.269073, 0) (-0.0227098, 0) (0.182884, 0) (-0.187993, 0) (0.00271456, 0) (0.137405, 0) (-0.202124, 0) (0.101667, 0) (0.101667, 0) (-0.187903, 0) (0.00271456, 0) (0.137405, 0) (-0.202124, 0) (-0.184235, 0) (0.205643, 0) (-0.136119, 0) (-0.0301334, 0) (-0.184235, 0) (0.222171, 0) (-0.0301334, 0) (-0.136119, 0) (0.205643, 0) 
1 6.17336 0 (0.00455043, 0) (0.00192163, 0) (0.00455043, 0) (-0.00833564, 0) (-0.182588, 0) (0.302888, 0) (-0.126885, 0) (-0.299153, 0) (0.189917, 0) (-0.00833564, 0) (0.189917, 0) (-0.299153, 0) (-0.126885, 0) (-0.000628659, 0) (-0.00369935, 0) (0.00808024, 0) (-0.0118013, 0) (-0.000628659, 0) (-0.00369935, 0) (0.00808024, 0) (0.365653, 0) (-0.31077, 0) (0.0711344, 0) (0.191696, 0) (0.191696, 0) (-0.216041, 0) (0.365653, 0) (-0.31077, 0) (0.0711344, 0) (0.00392465, 0) (-0.00763253, 0) (0.00598942, 0) (-0.00175508, 0) (0.00392465, 0) (-0.00655068, 0) (-0.00175508, 0) (0.00598942, 0) (-0.00763253, 0) 
0 6.17336 0 (0.00833564, 0) (0.182588, 0) (0.00833564, 0) (-0.00455043, 0) (-0.00192163, 0) (0.0118013, 0) (-0.00808024, 0) (0.00369935, 0) (0.000628659, 0) (-0.00455043, 0) (0.000628659, 0) (0.00369935, 0) (-0.00808024, 0) (-0.189917, 0) (0.299153, 0) (0.126885, 0) (-0.302888, 0) (-0.189917, 0) (0.299153, 0) (0.126885, 0) (0.00175508, 0) (-0.00598942, 0) (0.00763253, 0) (-0.00392465, 0) (-0.00392465, 0) (0.00655068, 0) (0.00175508, 0) (-0.00598942, 0) (0.00763253, 0) (-0.191696, 0) (-0.0711344, 0) (0.31077, 0) (-0.365653, 0) (-0.191696, 0) (0.216041, 0) (-0.365653, 0) (0.31077, 0) (-0.0711344, 0) 
1 6.4653 0 (0.0382568, 0) (-0.23217, 0) (0.0382568, 0) (0.00699816, 0) (-0.0342086, 0) (0.0433262, 0) (-0.0164471, 0) (0.018527, 0) (-0.0147785, 0) (0.00699816, 0) (-0.0147785, 0) (0.018527, 0) (-0.0164471, 0) (0.161826, 0) (-0.274834, 0) (-0.109346, 0) (0.274861, 0) (0.161826, 0) (-0.274834, 0) (-0.109346, 0) (0.00267315, 0) (-0.023275, 0) (0.0325564, 0) (-0.0347426, 0) (-0.0347426, 0) (0.0369063, 0) (0.00267315, 0) (-0.023275, 0) (0.0325564, 0) (0.16845, 0) (0.0870778, 0) (-0.290972, 0) (0.400443, 0) (0.16845, 0) (-0.25789, 0) (0.400443, 0) (-0.290972, 0) (0.0870778, 0) 
0 6.4653 0 (0.00699816, 0) (-0.0342086, 0) (0.00699816, 0) (0.0382568, 0) (-0.23217, 0) (0.274861, 0) (-0.109346, 0) (-0.274834, 0) (0.161826, 0) (0.0382568, 0) (0.161826, 0) (-0.274834, 0) (-0.109346, 0) (-0.0147785, 0) (0.018527, 0) (-0.0164471, 0) (0.0433262, 0) (-0.0147785, 0) (0.018527, 0) (-0.0164471, 0) (0.400443, 0) (-0.290972, 0) (0.0870778, 0) (0.16845, 0) (0.16845, 0) (-0.25789, 0) (0.400443, 0) (-0.290972, 0) (0.0870778, 0) (-0.0347426, 0) (0.0325564, 0) (-0.023275, 0) (0.00267315, 0) (-0.0347426, 0) (0.0369063, 0) (0.00267315, 0) (-0.023275, 0) (0.0325564, 0) 
1 6.68136 0 (-0.319838, 0) (2.04926e-15, 0) (0.319838, 0) (-0.306442, 0) (1.16975e-15, 0) (-8.1447e-16, 0) (-0.0838511, 0) (-0.00900668, 0) (0.17455, 0) (0.306442, 0) (-0.17455, 0) (0.00900668, 0) (0.0838511, 0) (-0.248744, 0) (0.063712, 0) (0.0654409, 0) (-1.89699e-15, 0) (0.248744, 0) (-0.063712, 0) (-0.0654409, 0) (-0.0760978, 0) (0.150258, 0) (-0.16336, 0) (0.153932, 0) (-0.153932, 0) (-9.70982e-16, 0) (0.0760978, 0) (-0.150258, 0) (0.16336, 0) (-0.169778, 0) (0.230512, 0) (-0.17301, 0) (0.0732083, 0) (0.169778, 0) (-1.05909e-15, 0) (-0.0732083, 0) (0.17301, 0) (-0.230512, 0) 
0 6.68136 0 (0.306442, 0) (6.65975e-16, 0) (-0.306442, 0) (0.319838, 0) (-1.76545e-15, 0) (1.77835e-15, 0) (0.0654409, 0) (0.063712, 0) (-0.248744, 0) (-0.319838, 0) (0.248744, 0) (-0.063712, 0) (-0.0654409, 0) (0.17455, 0) (-0.00900668, 0) (-0.0838511, 0) (-4.43703e-16, 0) (-0.17455, 0) (0.00900668, 0) (0.0838511, 0) (0.0732083, 0) (-0.17301, 0) (0.230512, 0) (-0.169778, 0) (0.169778, 0) (-3.24905e-15, 0) (-0.0732083, 0) (0.17301, 0) (-0.230512, 0) (0.153932, 0) (-0.16336, 0) (0.150258, 0) (-0.0760978, 0) (-0.153932, 0) (4.20263e-16, 0) (0.0760978, 0) (-0.150258, 0) (0.16336, 0) 
1 6.99283 0 (0.101712, 0) (-0.244548, 0) (0.101712, 0) (0.198522, 0) (-0.309823, 0) (0.182653, 0) (-0.00437682, 0) (0.0611587, 0) (-0.13507, 0) (0.198522, 0) (-0.13507, 0) (0.0611587, 0) (-0.00437682, 0) (-0.142263, 0) (0.134061, 0) (-0.0745738, 0) (0.214465, 0) (-0.142263, 0) (0.134061, 0) (-0.0745738, 0) (0.0332442, 0) (-0.126701, 0) (0.183289, 0) (-0.235742, 0) (-0.235742, 0) (0.22688, 0) (0.0332442, 0) (-0.126701, 0) (0.183289, 0) (-0.219055, 0) (0.189964, 0) (-0.0853483, 0) (-0.0302878, 0) (-0.219055, 0) (0.291733, 0) (-0.0302878, 0) (-0.0853483, 0) (0.189964, 0) 
0 6.99283 0 (-0.198522, 0) (0.309823, 0) (-0.198522, 0) (-0.101712, 0) (0.244548, 0) (-0.214465, 0) (0.0745738, 0) (-0.134061, 0) (0.142263, 0) (-0.101712, 0) (0.142263, 0) (-0.134061, 0) (0.0745738, 0) (0.13507, 0) (-0.0611587, 0) (0.00437682, 0) (-0.182653, 0) (0.13507, 0) (-0.0611587, 0) (0.00437682, 0) (0.0302878, 0) (0.0853483, 0) (-0.189964, 0) (0.219055, 0) (0.219055, 0) (-0.291733, 0) (0.0302878, 0) (0.0853483, 0) (-0.189964, 0) (0.235742, 0) (-0.183289, 0) (0.126701, 0) (-0.0332442, 0) (0.235742, 0) (-0.22688, 0) (-0.0332442, 0) (0.126701, 0) (-0.183289, 0) 
1 7.85877 0 (0.0319837, 0) (4.79309e-16, 0) (-0.0319837, 0) (0.115595, 0) (2.4748e-16, 0) (-1.97221e-16, 0) (-0.260355, 0) (0.344093, 0) (-0.204917, 0) (-0.115595, 0) (0.204917, 0) (-0.344093, 0) (0.260355, 0) (-0.0461295, 0) (0.123229, 0) (-0.105861, 0) (-7.40086e-17, 0) (0.0461295, 0) (-0.123229, 0) (0.105861, 0) (-0.242604, 0) (0.21202, 0) (-0.187738, 0) (0.219433, 0) (-0.219433, 0) (-3.99204e-16, 0) (0.242604, 0) (-0.21202, 0) (0.187738, 0) (0.0945134, 0) (-0.100108, 0) (0.0980089, 0) (-0.114688, 0) (-0.0945134, 0) (-1.52594e-15, 0) (0.114688, 0) (-0.0980089, 0) (0.100108, 0) 
0 7.85877 0 (0.115595, 0) (-3.11687e-15, 0) (-0.115595, 0) (0.0319837, 0) (4.0508e-15, 0) (3.31088e-17, 0) (0.105861, 0) (-0.123229, 0) (0.0461295, 0) (-0.0319837, 0) (-0.0461295, 0) (0.123229, 0) (-0.105861, 0) (0.204917, 0) (-0.344093, 0) (0.260355, 0) (-1.21285e-15, 0) (-0.204917, 0) (0.344093, 0) (-0.260355, 0) (0.114688, 0) (-0.0980089, 0) (0.100108, 0) (-0.0945134, 0) (0.0945134, 0) (-4.15391e-15, 0) (-0.114688, 0) (0.0980089, 0) (-0.100108, 0) (-0.219433, 0) (0.187738, 0) (-0.21202, 0) (0.242604, 0) (0.219433, 0) (2.91197e-15, 0) (-0.242604, 0) (0.21202, 0) (-0.187738, 0) 
1 8.10334 0 (-0.159492, 0) (-7.99141e-14, 0) (0.159492, 0) (-0.124985, 0) (5.56653e-14, 0) (2.28261e-14, 0) (0.0851587, 0) (-0.12701, 0) (0.107973, 0) (0.124985, 0) (-0.107973, 0) (0.12701, 0) (-0.0851587, 0) (-0.235865, 0) (0.328419, 0) (-0.242822, 0) (2.18364e-15, 0) (0.235865, 0) (-0.328419, 0) (0.242822, 0) (0.0796615, 0) (-0.0628105, 0) (0.0535158, 0) (-0.065025, 0) (0.065025, 0) (-5.69268e-14, 0) (-0.0796615, 0) (0.0628105, 0) (-0.0535158, 0) (0.193029, 0) (-0.195322, 0) (0.200296, 0) (-0.261788, 0) (-0.193029, 0) (7.55689e-14, 0) (0.261788, 0) (-0.200296, 0) (0.195322, 0) 
0 8.10334 0 (-0.124985, 0) (-6.20259e-14, 0) (0.124985, 0) (-0.159492, 0) (8.82531e-14, 0) (-1.11387e-15, 0) (0.242822, 0) (-0.328419, 0) (0.235865, 0) (0.159492, 0) (-0.235865, 0) (0.328419, 0) (-0.242822, 0) (-0.107973, 0) (0.12701, 0) (-0.0851587, 0) (-2.47774e-14, 0) (0.107973, 0) (-0.12701, 0) (0.0851587, 0) (0.261788, 0) (-0.200296, 0) (0.195322, 0) (-0.193029, 0) (0.193029, 0) (-8.56318e-14, 0) (-0.261788, 0) (0.200296, 0) (-0.195322, 0) (0.065025, 0) (-0.0535158, 0) (0.0628105, 0) (-0.0796615, 0) (-0.065025, 0) (6.24101e-14, 0) (0.0796615, 0) (-0.0628105, 0) (0.0535158, 0) 
1 8.11939 0 (-0.274878, 0) (0.260682, 0) (-0.274878, 0) (0.247018, 0) (-0.184494, 0) (-0.0718569, 0) (0.169903, 0) (-0.0815735, 0) (-0.0707083, 0) (0.247018, 0) (-0.0707083, 0) (-0.0815735, 0) (0.169903, 0) (0.115846, 0) (0.0345501, 0) (-0.125307, 0) (-0.00446846, 0) (0.115846, 0) (0.0345501, 0) (-0.125307, 0) (0.0764941, 0) (-0.101155, 0) (0.138586, 0) (-0.230716, 0) (-0.230716, 0) (0.184915, 0) (0.0764941, 0) (-0.101155, 0) (0.138586, 0) (0.239753, 0) (-0.170446, 0) (0.104492, 0) (-0.0686432, 0) (0.239753, 0) (-0.249874, 0) (-0.0686432, 0) (0.104492, 0) (-0.170446, 0) 
0 8.11939 0 (0.247018, 0) (-0.184494, 0) (0.247018, 0) (-0.274878, 0) (0.260682, 0) (-0.00446846, 0) (-0.125307, 0) (0.0345501, 0) (0.115846, 0) (-0.274878, 0) (0.115846, 0) (0.0345501, 0) (-0.125307, 0) (-0.0707083, 0) (-0.0815735, 0) (0.169903, 0) (-0.0718569, 0) (-0.0707083, 0) (-0.0815735, 0) (0.169903, 0) (-0.0686432, 0) (0.104492, 0) (-0.170446, 0) (0.239753, 0) (0.239753, 0) (-0.249874, 0) (-0.0686432, 0) (0.104492, 0) (-0.170446, 0) (-0.230716, 0) (0.138586, 0) (-0.101155, 0) (0.0764941, 0) (-0.230716, 0) (0.184915, 0) (0.0764941, 0) (-0.101155, 0) (0.138586, 0) 
1 9.05657 0 (-0.0242133, 0) (0.10852, 0) (-0.0242133, 0) (-0.119781, 0) (0.204491, 0) (-0.299355, 0) (0.273222, 0) (-0.198187, 0) (0.118339, 0) (-0.119781, 0) (0.118339, 0) (-0.198187, 0) (0.273222, 0) (0.0745918, 0) (-0.156422, 0) (0.231696, 0) (-0.219961, 0) (0.0745918, 0) (-0.156422, 0) (0.231696, 0) (0.104075, 0) (-0.0865524, 0) (0.109999, 0) (-0.215043, 0) (-0.215043, 0) (0.151307, 0) (0.104075, 0) (-0.0865524, 0) (0.109999, 0) (-0.202972, 0) (0.121538, 0) (-0.0846816, 0) (0.101617, 0) (-0.202972, 0) (0.179138, 0) (0.101617, 0) (-0.0846816, 0) (0.121538, 0) 
0 9.05657 0 (-0.119781, 0) (0.204491, 0) (-0.119781, 0) (-0.0242133, 0) (0.10852, 0) (-0.219961, 0) (0.231696, 0) (-0.156422, 0) (0.0745918, 0) (-0.0242133, 0) (0.0745918, 0) (-0.156422, 0) (0.231696, 0) (0.118339, 0) (-0.198187, 0) (0.273222, 0) (-0.299355, 0) (0.118339, 0) (-0.198187, 0) (0.273222, 0) (0.101617, 0) (-0.0846816, 0) (0.121538, 0) (-0.202972, 0) (-0.202972, 0) (0.179138, 0) (0.101617, 0) (-0.0846816, 0) (0.121538, 0) (-0.215043, 0) (0.109999, 0) (-0.0865524, 0) (0.104075, 0) (-0.215043, 0) (0.151307, 0) (0.104075, 0) (-0.0865524, 0) (0.109999, 0) 
1 9.49722 0 (-0.247602, 0) (0.29075, 0) (-0.247602, 0) (0.233117, 0) (-0.243214, 0) (0.214429, 0) (-0.164839, 0) (0.132821, 0) (-0.128394, 0) (0.233117, 0) (-0.128394, 0) (0.132821, 0) (-0.164839, 0) (0.164158, -0) (-0.176722, 0) (0.229489, -0) (-0.27132, 0) (0.164158, -0) (-0.176722, 0) (0.229489, -0) (-0.0606104, 0) (0.042894, 0) (-0.052482, 0) (0.109566, 0) (0.109566, 0) (-0.072906, 0) (-0.0606104, 0) (0.042894, 0) (-0.052482, 0) (-0.163246, 0) (0.0909329, -0) (-0.0668119, 0) (0.0960351, -0) (-0.163246, 0) (0.134398, -0) (0.0960351, -0) (-0.0668119, 0) (0.0909329, -0) 
0 9.49722 0 (0.233117, -0) (-0.243214, 0) (0.233117, -0) (-0.247602, 0) (0.29075, -0) (-0.27132, 0) (0.229489, -0) (-0.176722, 0) (0.164158, -0) (-0.247602, 0) (0.164158, -0) (-0.176722, 0) (0.229489, -0) (-0.128394, 0) (0.132821, -0) (-0.164839, 0) (0.214429, -0) (-0.128394, 0) (0.132821, -0) (-0.164839, 0) (0.0960351, -0) (-0.0668119, 0) (0.0909329, -0) (-0.163246, 0) (-0.163246, 0) (0.134398, -0) (0.0960351, -0) (-0.0668119, 0) (0.0909329, -0) (0.109566, -0) (-0.052482, 0) (0.042894, -0) (-0.0606104, 0) (0.109566, -0) (-0.072906, 0) (-0.0606104, 0) (0.042894, -0) (-0.052482, 0) 
