1 -5.20608 1 (0.236588, 0) (0.268575, 0) (0.236588, 0) (0.236588, 0) (0.268575, 0) (0.242091, 0) (0.200042, 0) (0.155497, 0) (0.147409, 0) (0.236588, 0) (0.147409, 0) (0.155497, 0) (0.200042, 0) (0.147409, 0) (0.155497, 0) (0.200042, 0) (0.242091, 0) (0.147409, 0) (0.155497, 0) (0.200042, 0) (0.0831118, 0) (0.057388, 0) (0.077645, 0) (0.140807, 0) (0.140807, 0) (0.115533, 0) (0.0831118, 0) (0.057388, 0) (0.077645, 0) (0.140807, 0) (0.077645, 0) (0.057388, 0) (0.0831118, 0) (0.140807, 0) (0.115533, 0) (0.0831118, 0) (0.057388, 0) (0.077645, 0) 
0 -5.13125 1 (-0.25082, 0) (-0.271703, 0) (-0.25082, 0) (-0.25082, 0) (-0.271703, 0) (-0.249739, 0) (-0.197129, 0) (-0.156918, 0) (-0.147261, 0) (-0.25082, 0) (-0.147261, 0) (-0.156918, 0) (-0.197129, 0) (-0.147261, 0) (-0.156918, 0) (-0.197129, 0) (-0.249739, 0) (-0.147261, 0) (-0.156918, 0) (-0.197129, 0) (-0.0729617, 0) (-0.0522791, 0) (-0.0643973, 0) (-0.132931, 0) (-0.132931, 0) (-0.0888838, 0) (-0.0729617, 0) (-0.0522791, 0) (-0.0643973, 0) (-0.132931, 0) (-0.0643973, 0) (-0.0522791, 0) (-0.0729617, 0) (-0.132931, 0) (-0.0888838, 0) (-0.0729617, 0) (-0.0522791, 0) (-0.0643973, 0) 
1 -4.80617 1 (-0.0702662, 0) (-0.156124, 0) (-0.0702662, 0) (0.0702662, 0) (0.156124, 0) (0.252132, 0) (0.251461, 0) (0.174747, 0) (0.0975479, 0) (0.0702662, 0) (0.0975479, 0) (0.174747, 0) (0.251461, 0) (-0.0975479, 0) (-0.174747, 0) (-0.251461, 0) (-0.252132, 0) (-0.0975479, 0) (-0.174747, 0) (-0.251461, 0) (0.108975, 0) (0.0882431, 0) (0.125144, 0) (0.212662, 0) (0.212662, 0) (0.185779, 0) (0.108975, 0) (0.0882431, 0) (0.125144, 0) (-0.212662, 0) (-0.125144, 0) (-0.0882431, 0) (-0.108975, 0) (-0.212662, 0) (-0.185779, 0) (-0.108975, 0) (-0.0882431, 0) (-0.125144, 0) 
0 -4.67555 1 (-0.0748273, 0) (-0.162539, 0) (-0.0748273, 0) (0.0748273, 0) (0.162539, 0) (0.272404, 0) (0.258943, 0) (0.183813, 0) (0.0994761, 0) (0.0748273, 0) (0.0994761, 0) (0.183813, 0) (0.258943, 0) (-0.0994761, 0) (-0.183813, 0) (-0.258943, 0) (-0.272404, 0) (-0.0994761, 0) (-0.183813, 0) (-0.258943, 0) (0.0994415, 0) (0.0845232, 0) (0.10837, 0) (0.208866, 0) (0.208866, 0) (0.148009, 0) (0.0994415, 0) (0.0845232, 0) (0.10837, 0) (-0.208866, 0) (-0.10837, 0) (-0.0845232, 0) (-0.0994415, 0) (-0.208866, 0) (-0.148009, 0) (-0.0994415, 0) (-0.0845232, 0) (-0.10837, 0) 
1 -3.88223 1 (-0.260879, 0) (-0.23252, 0) (-0.260879, 0) (-0.260879, 0) (-0.23252, 0) (0.0165219, 0) (0.135026, 0) (0.0476963, 0) (-0.0982627, 0) (-0.260879, 0) (-0.0982627, 0) (0.0476963, 0) (0.135026, 0) (-0.0982627, 0) (0.0476963, 0) (0.135026, 0) (0.0165219, 0) (-0.0982627, 0) (0.0476963, 0) (0.135026, 0) (0.0719194, 0) (0.101257, 0) (0.162076, 0) (0.232987, 0) (0.232987, 0) (0.239304, 0) (0.0719194, 0) (0.101257, 0) (0.162076, 0) (0.232987, 0) (0.162076, 0) (0.101257, 0) (0.0719194, 0) (0.232987, 0) (0.239304, 0) (0.0719194, 0) (0.101257, 0) (0.162076, 0) 
1 -3.80525 1 (0.150214, 0) (1.72397e-15, 0) (-0.150214, 0) (-0.150214, 0) (1.23101e-15, 0) (-8.18464e-17, 0) (-0.179281, 0) (-0.248402, 0) (-0.186181, 0) (0.150214, 0) (0.186181, 0) (0.248402, 0) (0.179281, 0) (-0.186181, 0) (-0.248402, 0) (-0.179281, 0) (4.59025e-16, 0) (0.186181, 0) (0.248402, 0) (0.179281, 0) (-0.193474, 0) (-0.146789, 0) (-0.141556, 0) (-0.141103, 0) (0.141103, 0) (-1.03501e-15, 0) (0.193474, 0) (0.146789, 0) (0.141556, 0) (-0.141103, 0) (-0.141556, 0) (-0.146789, 0) (-0.193474, 0) (0.141103, 0) (-8.71214e-16, 0) (0.193474, 0) (0.146789, 0) (0.141556, 0) 
0 -3.70306 1 (0.268368, 0) (0.217633, 0) (0.268368, 0) (0.268368, 0) (0.217633, 0) (-0.0500029, 0) (-0.162261, 0) (-0.0697263, 0) (0.0886854, 0) (0.268368, 0) (0.0886854, 0) (-0.0697263, 0) (-0.162261, 0) (0.0886854, 0) (-0.0697263, 0) (-0.162261, 0) (-0.0500029, 0) (0.0886854, 0) (-0.0697263, 0) (-0.162261, 0) (-0.0749917, 0) (-0.105623, 0) (-0.146654, 0) (-0.238587, 0) (-0.238587, 0) (-0.193803, 0) (-0.0749917, 0) (-0.105623, 0) (-0.146654, 0) (-0.238587, 0) (-0.146654, 0) (-0.105623, 0) (-0.0749917, 0) (-0.238587, 0) (-0.193803, 0) (-0.0749917, 0) (-0.105623, 0) (-0.146654, 0) 
0 -3.67539 1 (0.168941, 0) (4.1844e-15, 0) (-0.168941, 0) (-0.168941, 0) (3.68144e-15, 0) (-1.07564e-15, 0) (-0.183357, 0) (-0.257136, 0) (-0.1911, 0) (0.168941, 0) (0.1911, 0) (0.257136, 0) (0.183357, 0) (-0.1911, 0) (-0.257136, 0) (-0.183357, 0) (-1.24754e-15, 0) (0.1911, 0) (0.257136, 0) (0.183357, 0) (-0.170793, 0) (-0.140471, 0) (-0.12254, 0) (-0.145886, 0) (0.145886, 0) (-3.2443e-15, 0) (0.170793, 0) (0.140471, 0) (0.12254, 0) (-0.145886, 0) (-0.12254, 0) (-0.140471, 0) (-0.170793, 0) (0.145886, 0) (-3.73349e-15, 0) (0.170793, 0) (0.140471, 0) (0.12254, 0) 
1 -3.65778 1 (0.0440214, 0) (-4.62006e-16, 0) (-0.0440214, 0) (0.0440214, 0) (-7.43043e-16, 0) (-3.14176e-17, 0) (0.194668, 0) (0.248491, 0) (0.1402, 0) (-0.0440214, 0) (-0.1402, 0) (-0.248491, 0) (-0.194668, 0) (-0.1402, 0) (-0.248491, 0) (-0.194668, 0) (1.7087e-16, 0) (0.1402, 0) (0.248491, 0) (0.194668, 0) (0.210697, 0) (0.17037, 0) (0.168851, 0) (0.163808, 0) (-0.163808, 0) (1.17542e-15, 0) (-0.210697, 0) (-0.17037, 0) (-0.168851, 0) (-0.163808, 0) (-0.168851, 0) (-0.17037, 0) (-0.210697, 0) (0.163808, 0) (9.23137e-16, 0) (0.210697, 0) (0.17037, 0) (0.168851, 0) 
0 -3.49921 1 (-0.0462754, 0) (2.07341e-15, 0) (0.0462754, 0) (-0.0462754, 0) (1.77338e-15, 0) (-6.62947e-16, 0) (-0.204357, 0) (-0.260794, 0) (-0.141876, 0) (0.0462754, 0) (0.141876, 0) (0.260794, 0) (0.204357, 0) (0.141876, 0) (0.260794, 0) (0.204357, 0) (-4.29e-16, 0) (-0.141876, 0) (-0.260794, 0) (-0.204357, 0) (-0.189757, 0) (-0.168581, 0) (-0.151274, 0) (-0.175053, 0) (0.175053, 0) (-1.51102e-15, 0) (0.189757, 0) (0.168581, 0) (0.151274, 0) (0.175053, 0) (0.151274, 0) (0.168581, 0) (0.189757, 0) (-0.175053, 0) (-1.91349e-15, 0) (-0.189757, 0) (-0.168581, 0) (-0.151274, 0) 
1 -2.81951 1 (0.14795, 0) (0.280867, 0) (0.14795, 0) (-0.14795, 0) (-0.280867, 0) (-0.203842, 0) (-0.0509836, 0) (-0.108481, 0) (-0.144393, 0) (-0.14795, 0) (-0.144393, 0) (-0.108481, 0) (-0.0509836, 0) (0.144393, 0) (0.108481, 0) (0.0509836, 0) (0.203842, 0) (0.144393, 0) (0.108481, 0) (0.0509836, 0) (-0.00911453, 0) (0.0931914, 0) (0.187791, 0) (0.22017, 0) (0.22017, 0) (0.283431, 0) (-0.00911453, 0) (0.0931914, 0) (0.187791, 0) (-0.22017, 0) (-0.187791, 0) (-0.0931914, 0) (0.00911453, 0) (-0.22017, 0) (-0.283431, 0) (0.00911453, 0) (-0.0931914, 0) (-0.187791, 0) 
0 -2.51728 1 (0.156573, 0) (0.290351, 0) (0.156573, 0) (-0.156573, 0) (-0.290351, 0) (-0.208704, 0) (-0.0320651, 0) (-0.0824593, 0) (-0.132747, 0) (-0.156573, 0) (-0.132747, 0) (-0.0824593, 0) (-0.0320651, 0) (0.132747, 0) (0.0824593, 0) (0.0320651, 0) (0.208704, 0) (0.132747, 0) (0.0824593, 0) (0.0320651, 0) (0.025328, 0) (0.130559, 0) (0.191306, 0) (0.234437, 0) (0.234437, 0) (0.231773, 0) (0.025328, 0) (0.130559, 0) (0.191306, 0) (-0.234437, 0) (-0.191306, 0) (-0.130559, 0) (-0.025328, 0) (-0.234437, 0) (-0.231773, 0) (-0.025328, 0) (-0.130559, 0) (-0.191306, 0) 
1 -2.3948 1 (-0.309753, 0) (-1.80488e-15, 0) (0.309753, 0) (0.309753, 0) (1.30043e-15, 0) (1.45044e-15, 0) (-0.0640943, 0) (0.0497577, 0) (0.222109, 0) (-0.309753, 0) (-0.222109, 0) (-0.0497577, 0) (0.0640943, 0) (0.222109, 0) (0.0497577, 0) (-0.0640943, 0) (-1.65447e-15, 0) (-0.222109, 0) (-0.0497577, 0) (0.0640943, 0) (-0.0720463, 0) (-0.159283, 0) (-0.208294, 0) (-0.155526, 0) (0.155526, 0) (1.76967e-16, 0) (0.0720463, 0) (0.159283, 0) (0.208294, 0) (-0.155526, 0) (-0.208294, 0) (-0.159283, 0) (-0.0720463, 0) (0.155526, 0) (-1.01714e-15, 0) (0.0720463, 0) (0.159283, 0) (0.208294, 0) 
0 -2.30336 1 (0.324647, 0) (-1.04557e-15, 0) (-0.324647, 0) (-0.324647, 0) (1.18844e-15, 0) (9.05816e-16, 0) (0.0865096, 0) (-0.0235269, 0) (-0.202257, 0) (0.324647, 0) (0.202257, 0) (0.0235269, 0) (-0.0865096, 0) (-0.202257, 0) (-0.0235269, 0) (0.0865096, 0) (-1.39304e-15, 0) (0.202257, 0) (0.0235269, 0) (-0.0865096, 0) (0.0778149, 0) (0.165138, 0) (0.183111, 0) (0.169716, 0) (-0.169716, 0) (-3.94844e-16, 0) (-0.0778149, 0) (-0.165138, 0) (-0.183111, 0) (0.169716, 0) (0.183111, 0) (0.165138, 0) (0.0778149, 0) (-0.169716, 0) (8.95117e-16, 0) (-0.0778149, 0) (-0.165138, 0) (-0.183111, 0) 
1 -2.1448 1 (0.0355949, 0) (0.141728, 0) (0.0355949, 0) (0.0355949, 0) (0.141728, 0) (0.145568, 0) (0.0476431, 0) (-0.217957, 0) (-0.119501, 0) (0.0355949, 0) (-0.119501, 0) (-0.217957, 0) (0.0476431, 0) (-0.119501, 0) (-0.217957, 0) (0.0476431, 0) (0.145568, 0) (-0.119501, 0) (-0.217957, 0) (0.0476431, 0) (-0.284534, 0) (-0.18825, 0) (-0.0293579, 0) (0.146598, 0) (0.146598, 0) (0.224893, 0) (-0.284534, 0) (-0.18825, 0) (-0.0293579, 0) (0.146598, 0) (-0.0293579, 0) (-0.18825, 0) (-0.284534, 0) (0.146598, 0) (0.224893, 0) (-0.284534, 0) (-0.18825, 0) (-0.0293579, 0) 
1 -2.12654 1 (0.023248, 0) (0.168834, 0) (0.023248, 0) (-0.023248, 0) (-0.168834, 0) (-0.210575, 0) (-0.0863001, 0) (0.187295, 0) (0.107978, 0) (-0.023248, 0) (0.107978, 0) (0.187295, 0) (-0.0863001, 0) (-0.107978, 0) (-0.187295, 0) (0.0863001, 0) (0.210575, 0) (-0.107978, 0) (-0.187295, 0) (0.0863001, 0) (0.28331, 0) (0.215248, 0) (0.0741428, 0) (-0.110558, 0) (-0.110558, 0) (-0.170489, 0) (0.28331, 0) (0.215248, 0) (0.0741428, 0) (0.110558, 0) (-0.0741428, 0) (-0.215248, 0) (-0.28331, 0) (0.110558, 0) (0.170489, 0) (-0.28331, 0) (-0.215248, 0) (-0.0741428, 0) 
0 -1.86615 1 (-0.00563661, 0) (0.134488, 0) (-0.00563661, 0) (-0.00563661, 0) (0.134488, 0) (0.220556, 0) (0.0934679, 0) (-0.208151, 0) (-0.137086, 0) (-0.00563661, 0) (-0.137086, 0) (-0.208151, 0) (0.0934679, 0) (-0.137086, 0) (-0.208151, 0) (0.0934679, 0) (0.220556, 0) (-0.137086, 0) (-0.208151, 0) (0.0934679, 0) (-0.258281, 0) (-0.220058, 0) (-0.0537871, 0) (0.130408, 0) (0.130408, 0) (0.146375, 0) (-0.258281, 0) (-0.220058, 0) (-0.0537871, 0) (0.130408, 0) (-0.0537871, 0) (-0.220058, 0) (-0.258281, 0) (0.130408, 0) (0.146375, 0) (-0.258281, 0) (-0.220058, 0) (-0.0537871, 0) 
0 -1.86569 1 (-0.00376962, 0) (0.130328, 0) (-0.00376962, 0) (0.00376962, 0) (-0.130328, 0) (-0.210327, 0) (-0.0880764, 0) (0.213922, 0) (0.139605, 0) (0.00376962, 0) (0.139605, 0) (0.213922, 0) (-0.0880764, 0) (-0.139605, 0) (-0.213922, 0) (0.0880764, 0) (0.210327, 0) (-0.139605, 0) (-0.213922, 0) (0.0880764, 0) (0.258705, 0) (0.214945, 0) (0.0460767, 0) (-0.138154, 0) (-0.138154, 0) (-0.155085, 0) (0.258705, 0) (0.214945, 0) (0.0460767, 0) (0.138154, 0) (-0.0460767, 0) (-0.214945, 0) (-0.258705, 0) (0.138154, 0) (0.155085, 0) (-0.258705, 0) (-0.214945, 0) (-0.0460767, 0) 
1 -1.64078 1 (-0.180532, 0) (-0.0429531, 0) (-0.180532, 0) (-0.180532, 0) (-0.0429531, 0) (0.303391, 0) (0.24015, 0) (0.132206, 0) (-0.0360817, -0) (-0.180532, 0) (-0.0360817, 0) (0.132206, 0) (0.24015, 0) (-0.0360817, 0) (0.132206, 0) (0.24015, 0) (0.303391, 0) (-0.0360817, -0) (0.132206, 0) (0.24015, 0) (-0.0125713, -0) (-0.147806, 0) (-0.206293, 0) (-0.106367, 0) (-0.106367, 0) (-0.190445, 0) (-0.0125713, 0) (-0.147806, 0) (-0.206293, 0) (-0.106367, 0) (-0.206293, 0) (-0.147806, 0) (-0.0125713, 0) (-0.106367, 0) (-0.190445, 0) (-0.0125713, 0) (-0.147806, 0) (-0.206293, 0) 
1 -1.57997 1 (-0.0977984, 0) (3.58638e-16, 0) (0.0977984, 0) (-0.0977984, 0) (-1.89603e-16, 0) (6.29915e-16, 0) (-0.029389, 0) (-0.213249, 0) (-0.236209, 0) (0.0977984, 0) (0.236209, 0) (0.213249, 0) (0.029389, 0) (0.236209, 0) (0.213249, 0) (0.029389, 0) (1.2302e-15, 0) (-0.236209, 0) (-0.213249, 0) (-0.029389, 0) (-0.0384852, 0) (0.166358, 0) (0.281072, 0) (0.173621, 0) (-0.173621, 0) (-7.06025e-16, 0) (0.0384852, 0) (-0.166358, 0) (-0.281072, 0) (-0.173621, 0) (-0.281072, 0) (-0.166358, 0) (0.0384852, 0) (0.173621, 0) (1.03743e-16, 0) (-0.0384852, 0) (0.166358, 0) (0.281072, 0) 
0 -1.43959 1 (0.171339, 0) (0.0607973, 0) (0.171339, 0) (0.171339, 0) (0.0607973, 0) (-0.257673, 0) (-0.197802, 0) (-0.183764, 0) (-0.00886571, 0) (0.171339, 0) (-0.00886571, 0) (-0.183764, 0) (-0.197802, 0) (-0.00886571, 0) (-0.183764, 0) (-0.197802, 0) (-0.257673, 0) (-0.00886571, 0) (-0.183764, 0) (-0.197802, 0) (-0.0308299, 0) (0.137521, 0) (0.204125, 0) (0.170458, 0) (0.170458, 0) (0.209944, 0) (-0.0308299, 0) (0.137521, 0) (0.204125, 0) (0.170458, 0) (0.204125, 0) (0.137521, 0) (-0.0308299, 0) (0.170458, 0) (0.209944, 0) (-0.0308299, 0) (0.137521, 0) (0.204125, 0) 
0 -1.36574 1 (0.102715, 0) (-1.45327e-15, 0) (-0.102715, 0) (0.102715, 0) (-3.94345e-15, 0) (9.91029e-15, 0) (0.0247403, 0) (0.218501, 0) (0.233752, 0) (-0.102715, 0) (-0.233752, 0) (-0.218501, 0) (-0.0247403, 0) (-0.233752, 0) (-0.218501, 0) (-0.0247403, 0) (1.22383e-14, 0) (0.233752, 0) (0.218501, 0) (0.0247403, 0) (0.0179219, 0) (-0.192109, 0) (-0.25475, 0) (-0.185284, 0) (0.185284, 0) (-9.55002e-15, 0) (-0.0179219, 0) (0.192109, 0) (0.25475, 0) (0.185284, 0) (0.25475, 0) (0.192109, 0) (-0.0179219, 0) (-0.185284, 0) (-8.495e-15, 0) (0.0179219, 0) (-0.192109, 0) (-0.25475, 0) 
1 -0.669483 1 (-0.205993, 0) (-5.70848e-15, 0) (0.205993, 0) (0.205993, 0) (4.70835e-15, 0) (-1.47604e-15, 0) (0.038628, 0) (-0.190244, 0) (0.0160769, 0) (-0.205993, 0) (-0.0160769, 0) (0.190244, 0) (-0.038628, 0) (0.0160769, 0) (-0.190244, 0) (0.038628, 0) (4.44136e-16, 0) (-0.0160769, 0) (0.190244, 0) (-0.038628, -0) (-0.26183, 0) (-0.0404824, -0) (0.216449, 0) (0.229304, 0) (-0.229304, 0) (9.44759e-16, 0) (0.26183, 0) (0.0404824, 0) (-0.216449, 0) (0.229304, 0) (0.216449, 0) (-0.0404824, 0) (-0.26183, 0) (-0.229304, 0) (-7.16439e-16, 0) (0.26183, 0) (0.0404824, 0) (-0.216449, 0) 
1 -0.6243 1 (-0.187757, 0) (-0.38068, 0) (-0.187757, 0) (0.187757, 0) (0.38068, 0) (-0.0076856, 0) (-0.194433, 0) (-0.181647, 0) (0.00634558, 0) (0.187757, 0) (0.00634558, 0) (-0.181647, 0) (-0.194433, 0) (-0.00634558, 0) (0.181647, 0) (0.194433, 0) (0.0076856, 0) (-0.00634558, 0) (0.181647, 0) (0.194433, 0) (-0.00663836, 0) (0.175908, 0) (0.200889, 0) (-0.00402242, 0) (-0.00402242, 0) (-0.0108631, 0) (-0.00663836, 0) (0.175908, 0) (0.200889, 0) (0.00402242, 0) (-0.200889, 0) (-0.175908, 0) (0.00663836, 0) (0.00402242, 0) (0.0108631, 0) (0.00663836, 0) (-0.175908, 0) (-0.200889, 0) 
1 -0.596264 1 (-0.00963754, 0) (-1.04498e-15, 0) (0.00963754, 0) (-0.00963754, 0) (2.24011e-16, 0) (-9.67481e-16, 0) (-0.255107, 0) (-0.00918943, 0) (-0.0197659, 0) (0.00963754, 0) (0.0197659, 0) (0.00918943, 0) (0.255107, 0) (0.0197659, 0) (0.00918943, 0) (0.255107, 0) (8.75857e-17, 0) (-0.0197659, 0) (-0.00918943, 0) (-0.255107, 0) (0.265117, 0) (0.235623, 0) (-0.00737226, 0) (-0.241854, 0) (0.241854, 0) (9.39714e-16, 0) (-0.265117, 0) (-0.235623, 0) (0.00737226, 0) (0.241854, 0) (0.00737226, 0) (-0.235623, 0) (-0.265117, 0) (-0.241854, 0) (-1.95097e-16, 0) (0.265117, 0) (0.235623, 0) (-0.00737226, 0) 
1 -0.558134 1 (-0.148289, 0) (1.86432e-14, 0) (0.148289, 0) (0.148289, 0) (-2.37322e-14, 0) (-3.39579e-15, 0) (-0.290244, 0) (-0.143168, 0) (0.00545788, 0) (-0.148289, 0) (-0.00545788, 0) (0.143168, 0) (0.290244, 0) (0.00545788, 0) (-0.143168, 0) (-0.290244, 0) (-2.23371e-15, 0) (-0.00545788, 0) (0.143168, 0) (0.290244, 0) (0.134819, 0) (0.256411, 0) (0.142045, 0) (-0.138355, 0) (0.138355, 0) (4.04964e-15, 0) (-0.134819, 0) (-0.256411, 0) (-0.142045, 0) (-0.138355, 0) (0.142045, 0) (0.256411, 0) (0.134819, 0) (0.138355, 0) (1.52891e-15, 0) (-0.134819, 0) (-0.256411, 0) (-0.142045, 0) 
0 -0.532992 1 (0.132148, 0) (1.05171e-14, 0) (-0.132148, 0) (-0.132148, 0) (-1.02122e-14, 0) (7.19965e-17, 0) (0.263894, 0) (0.136751, 0) (0.00431925, 0) (0.132148, 0) (-0.00431925, 0) (-0.136751, 0) (-0.263894, 0) (0.00431925, 0) (0.136751, 0) (0.263894, 0) (6.33052e-16, 0) (-0.00431925, 0) (-0.136751, 0) (-0.263894, 0) (-0.137394, 0) (-0.296698, 0) (-0.136861, 0) (0.13616, 0) (-0.13616, 0) (-1.45926e-15, 0) (0.137394, 0) (0.296698, 0) (0.136861, 0) (0.13616, 0) (-0.136861, 0) (-0.296698, 0) (-0.137394, 0) (-0.13616, 0) (6.38563e-17, 0) (0.137394, 0) (0.296698, 0) (0.136861, 0) 
0 -0.506542 1 (0.00778612, 0) (-1.11057e-14, 0) (-0.00778612, 0) (0.00778612, 0) (1.19064e-14, 0) (1.60891e-15, 0) (-0.242685, 0) (0.0083081, 0) (0.0152415, 0) (-0.00778612, 0) (-0.0152415, 0) (-0.0083081, 0) (0.242685, 0) (-0.0152415, 0) (-0.0083081, 0) (0.242685, 0) (-4.31758e-16, 0) (0.0152415, 0) (0.0083081, 0) (-0.242685, 0) (0.23531, 0) (0.263324, 0) (0.00551537, 0) (-0.256908, 0) (0.256908, 0) (-7.20021e-16, 0) (-0.23531, 0) (-0.263324, 0) (-0.00551537, 0) (0.256908, 0) (-0.00551537, 0) (-0.263324, 0) (-0.23531, 0) (-0.256908, 0) (-1.69994e-16, 0) (0.23531, 0) (0.263324, 0) (0.00551537, 0) 
0 -0.471257 1 (0.186299, 0) (0.373555, 0) (0.186299, 0) (-0.186299, 0) (-0.373555, 0) (-0.0157203, 0) (0.179383, 0) (0.198089, 0) (0.0113056, 0) (-0.186299, 0) (0.0113056, 0) (0.198089, 0) (0.179383, 0) (-0.0113056, 0) (-0.198089, 0) (-0.179383, 0) (0.0157203, 0) (-0.0113056, 0) (-0.198089, 0) (-0.179383, 0) (-0.00572068, 0) (-0.204618, 0) (-0.178741, 0) (-0.000957798, 0) (-0.000957798, 0) (-0.00151407, 0) (-0.00572068, 0) (-0.204618, 0) (-0.178741, 0) (0.000957798, 0) (0.178741, 0) (0.204618, 0) (0.00572068, 0) (0.000957798, 0) (0.00151407, 0) (0.00572068, 0) (0.204618, 0) (0.178741, 0) 
0 -0.441973 1 (0.207774, 0) (-8.93253e-15, 0) (-0.207774, 0) (-0.207774, 0) (9.35911e-15, 0) (7.2365e-16, 0) (-0.0343874, 0) (0.222011, 0) (0.0137953, 0) (0.207774, 0) (-0.0137953, 0) (-0.222011, 0) (0.0343874, 0) (0.0137953, 0) (0.222011, 0) (-0.0343874, 0) (-6.78422e-16, 0) (-0.0137953, 0) (-0.222011, 0) (0.0343874, 0) (0.22549, 0) (0.0328923, 0) (-0.196194, 0) (-0.256414, 0) (0.256414, 0) (-1.69531e-16, 0) (-0.22549, 0) (-0.0328923, 0) (0.196194, 0) (-0.256414, 0) (-0.196194, 0) (0.0328923, 0) (0.22549, 0) (0.256414, 0) (3.78993e-16, 0) (-0.22549, 0) (-0.0328923, 0) (0.196194, 0) 
1 -0.381314 1 (-0.0315541, 0) (0.227788, 0) (-0.0315541, 0) (-0.0315541, 0) (0.227788, 0) (0.262706, 0) (0.0141834, 0) (-0.166489, 0) (-0.226883, 0) (-0.0315541, 0) (-0.226883, 0) (-0.166489, 0) (0.0141834, 0) (-0.226883, 0) (-0.166489, 0) (0.0141834, 0) (0.262706, 0) (-0.226883, 0) (-0.166489, 0) (0.0141834, 0) (0.0492065, 0) (0.204598, 0) (0.158313, 0) (-0.083389, 0) (-0.083389, 0) (-0.256357, 0) (0.0492065, 0) (0.204598, 0) (0.158313, 0) (-0.083389, 0) (0.158313, 0) (0.204598, 0) (0.0492065, 0) (-0.083389, 0) (-0.256357, 0) (0.0492065, 0) (0.204598, 0) (0.158313, 0) 
1 -0.264034 1 (0.145965, 0) (-0.00363239, 0) (0.145965, 0) (-0.145965, 0) (0.00363239, 0) (0.294954, 0) (0.135577, 0) (-0.0904571, 0) (-0.285035, 0) (-0.145965, 0) (-0.285035, 0) (-0.0904571, 0) (0.135577, 0) (0.285035, 0) (0.0904571, 0) (-0.135577, 0) (-0.294954, 0) (0.285035, 0) (0.0904571, 0) (-0.135577, 0) (0.0645574, 0) (0.137651, 0) (0.0690797, 0) (-0.0877621, 0) (-0.0877621, 0) (-0.289104, 0) (0.0645574, 0) (0.137651, 0) (0.0690797, 0) (0.0877621, 0) (-0.0690797, 0) (-0.137651, 0) (-0.0645574, 0) (0.0877621, 0) (0.289104, 0) (-0.0645574, 0) (-0.137651, 0) (-0.0690797, 0) 
0 -0.160983 1 (0.0418106, 0) (-0.221095, 0) (0.0418106, 0) (0.0418106, 0) (-0.221095, 0) (-0.288046, 0) (-0.00838559, 0) (0.156743, 0) (0.213967, 0) (0.0418106, 0) (0.213967, 0) (0.156743, 0) (-0.00838559, 0) (0.213967, 0) (0.156743, 0) (-0.00838559, 0) (-0.288046, 0) (0.213967, 0) (0.156743, 0) (-0.00838559, 0) (-0.077233, 0) (-0.236013, 0) (-0.108409, 0) (0.123786, 0) (0.123786, 0) (0.215228, 0) (-0.077233, 0) (-0.236013, 0) (-0.108409, 0) (0.123786, 0) (-0.108409, 0) (-0.236013, 0) (-0.077233, 0) (0.123786, 0) (0.215228, 0) (-0.077233, 0) (-0.236013, 0) (-0.108409, 0) 
0 0.0139695 1 (-0.16209, 0) (-0.0166239, 0) (-0.16209, 0) (0.16209, 0) (0.0166239, 0) (-0.309886, 0) (-0.126222, 0) (0.0704662, 0) (0.269421, 0) (0.16209, 0) (0.269421, 0) (0.0704662, 0) (-0.126222, 0) (-0.269421, 0) (-0.0704662, 0) (0.126222, 0) (0.309886, 0) (-0.269421, 0) (-0.0704662, 0) (0.126222, 0) (-0.0900643, 0) (-0.15707, 0) (-0.0233052, 0) (0.134454, 0) (0.134454, 0) (0.247731, 0) (-0.0900643, 0) (-0.15707, 0) (-0.0233052, 0) (-0.134454, 0) (0.0233052, 0) (0.15707, 0) (0.0900643, 0) (-0.134454, 0) (-0.247731, 0) (0.0900643, 0) (0.15707, 0) (0.0233052, 0) 
1 0.934732 1 (-0.209368, 0) (-2.32053e-17, 0) (0.209368, 0) (-0.209368, 0) (-2.54473e-16, 0) (1.65498e-16, 0) (0.185028, 0) (0.089613, 0) (-0.31068, 0) (0.209368, 0) (0.31068, 0) (-0.089613, 0) (-0.185028, 0) (0.31068, 0) (-0.089613, 0) (-0.185028, 0) (-1.04611e-16, 0) (-0.31068, 0) (0.089613, 0) (0.185028, 0) (0.169973, 0) (-0.0408218, 0) (-0.19148, 0) (-0.0124494, 0) (0.0124494, 0) (-2.4295e-16, 0) (-0.169973, 0) (0.0408218, 0) (0.19148, 0) (0.0124494, 0) (0.19148, 0) (0.0408218, 0) (-0.169973, 0) (-0.0124494, 0) (5.20501e-16, 0) (0.169973, 0) (-0.0408218, 0) (-0.19148, 0) 
0 1.28939 1 (-0.233053, 0) (3.08456e-16, 0) (0.233053, 0) (-0.233053, 0) (7.638e-17, 0) (-4.02326e-16, 0) (0.163543, 0) (0.115352, 0) (-0.301189, 0) (0.233053, 0) (0.301189, 0) (-0.115352, 0) (-0.163543, 0) (0.301189, 0) (-0.115352, 0) (-0.163543, 0) (4.38726e-16, 0) (-0.301189, 0) (0.115352, 0) (0.163543, 0) (0.170137, 0) (-0.0321209, 0) (-0.178148, 0) (-0.0566046, 0) (0.0566046, 0) (3.07229e-16, 0) (-0.170137, 0) (0.0321209, 0) (0.178148, 0) (0.0566046, 0) (0.178148, 0) (0.0321209, 0) (-0.170137, 0) (-0.0566046, 0) (-3.57299e-16, 0) (0.170137, 0) (-0.0321209, 0) (-0.178148, 0) 
1 1.68496 1 (0.0021813, 0) (-0.180154, 0) (0.0021813, 0) (0.0021813, 0) (-0.180154, 0) (-0.0243523, 0) (0.0875226, 0) (0.0170169, 0) (0.178422, 0) (0.0021813, 0) (0.178422, 0) (0.0170169, 0) (0.0875226, 0) (0.178422, 0) (0.0170169, 0) (0.0875226, 0) (-0.0243523, 0) (0.178422, 0) (0.0170169, 0) (0.0875226, 0) (-0.262257, 0) (-0.0194273, 0) (0.257419, 0) (0.0195164, 0) (0.0195164, 0) (-0.340251, 0) (-0.262257, 0) (-0.0194273, 0) (0.257419, 0) (0.0195164, 0) (0.257419, 0) (-0.0194273, 0) (-0.262257, 0) (0.0195164, 0) (-0.340251, 0) (-0.262257, 0) (-0.0194273, 0) (0.257419, 0) 
1 1.68507 1 (0.00240084, 0) (-0.177345, 0) (0.00240084, 0) (-0.00240084, 0) (0.177345, 0) (0.0244723, 0) (-0.086106, 0) (-0.0169855, 0) (-0.18024, 0) (-0.00240084, 0) (-0.18024, 0) (-0.0169855, 0) (-0.086106, 0) (0.18024, 0) (0.0169855, 0) (0.086106, 0) (-0.0244723, 0) (0.18024, 0) (0.0169855, 0) (0.086106, 0) (0.262666, 0) (0.0193886, 0) (-0.257839, 0) (-0.019467, 0) (-0.019467, 0) (0.339266, 0) (0.262666, 0) (0.0193886, 0) (-0.257839, 0) (0.019467, 0) (0.257839, 0) (-0.0193886, 0) (-0.262666, 0) (0.019467, 0) (-0.339266, 0) (-0.262666, 0) (-0.0193886, 0) (0.257839, 0) 
0 2.63493 0 (0.00240084, 0) (0.177345, 0) (0.00240084, 0) (0.00240084, 0) (0.177345, 0) (-0.0244723, 0) (-0.086106, 0) (0.0169855, 0) (-0.18024, 0) (0.00240084, 0) (-0.18024, 0) (0.0169855, 0) (-0.086106, 0) (-0.18024, 0) (0.0169855, 0) (-0.086106, 0) (-0.0244723, 0) (-0.18024, 0) (0.0169855, 0) (-0.086106, 0) (0.262666, 0) (-0.0193886, 0) (-0.257839, 0) (0.019467, 0) (0.019467, 0) (0.339266, 0) (0.262666, 0) (-0.0193886, 0) (-0.257839, 0) (0.019467, 0) (-0.257839, 0) (-0.0193886, 0) (0.262666, 0) (0.019467, 0) (0.339266, 0) (0.262666, 0) (-0.0193886, 0) (-0.257839, 0) 
0 2.63504 0 (-0.0021813, 0) (-0.180154, 0) (-0.0021813, -0) (0.0021813, 0) (0.180154, 0) (-0.0243523, 0) (-0.0875226, 0) (0.0170169, 0) (-0.178422, 0) (0.0021813, 0) (-0.178422, 0) (0.0170169, 0) (-0.0875226, 0) (0.178422, 0) (-0.0170169, 0) (0.0875226, 0) (0.0243523, 0) (0.178422, 0) (-0.0170169, -0) (0.0875226, 0) (0.262257, 0) (-0.0194273, 0) (-0.257419, 0) (0.0195164, 0) (0.0195164, 0) (0.340251, 0) (0.262257, 0) (-0.0194273, 0) (-0.257419, 0) (-0.0195164, 0) (0.257419, 0) (0.0194273, 0) (-0.262257, 0) (-0.0195164, 0) (-0.340251, 0) (-0.262257, 0) (0.0194273, 0) (0.257419, 0) 
1 3.03061 0 (-0.233053, 0) (2.87654e-16, 0) (0.233053, 0) (0.233053, 0) (1.79693e-16, 0) (1.36032e-16, 0) (0.163543, 0) (-0.115352, 0) (-0.301189, 0) (-0.233053, 0) (0.301189, 0) (0.115352, 0) (-0.163543, 0) (-0.301189, 0) (-0.115352, 0) (0.163543, 0) (5.93167e-17, 0) (0.301189, 0) (0.115352, 0) (-0.163543, 0) (0.170137, 0) (0.0321209, 0) (-0.178148, 0) (0.0566046, 0) (-0.0566046, 0) (-1.07635e-17, 0) (-0.170137, 0) (-0.0321209, 0) (0.178148, 0) (0.0566046, 0) (-0.178148, 0) (0.0321209, 0) (0.170137, 0) (-0.0566046, 0) (6.43661e-16, 0) (-0.170137, 0) (-0.0321209, 0) (0.178148, 0) 
0 3.38527 0 (0.209368, 0) (6.70648e-16, 0) (-0.209368, 0) (-0.209368, 0) (-1.31581e-16, 0) (2.5904e-16, 0) (-0.185028, 0) (0.089613, 0) (0.31068, 0) (0.209368, 0) (-0.31068, 0) (-0.089613, 0) (0.185028, 0) (0.31068, 0) (0.089613, 0) (-0.185028, 0) (-1.28739e-16, 0) (-0.31068, 0) (-0.089613, 0) (0.185028, 0) (-0.169973, 0) (-0.0408218, 0) (0.19148, 0) (-0.0124494, 0) (0.0124494, 0) (-2.66571e-16, 0) (0.169973, 0) (0.0408218, 0) (-0.19148, 0) (-0.0124494, 0) (0.19148, 0) (-0.0408218, 0) (-0.169973, 0) (0.0124494, 0) (-9.28526e-17, 0) (0.169973, 0) (0.0408218, 0) (-0.19148, 0) 
1 4.30603 0 (0.16209, 0) (-0.0166239, 0) (0.16209, 0) (0.16209, 0) (-0.0166239, 0) (-0.309886, 0) (0.126222, 0) (0.0704662, 0) (-0.269421, 0) (0.16209, 0) (-0.269421, 0) (0.0704662, 0) (0.126222, 0) (-0.269421, 0) (0.0704662, 0) (0.126222, 0) (-0.309886, 0) (-0.269421, 0) (0.0704662, 0) (0.126222, 0) (0.0900643, 0) (-0.15707, 0) (0.0233052, 0) (0.134454, 0) (0.134454, 0) (-0.247731, 0) (0.0900643, 0) (-0.15707, 0) (0.0233052, 0) (0.134454, 0) (0.0233052, 0) (-0.15707, 0) (0.0900643, 0) (0.134454, 0) (-0.247731, 0) (0.0900643, 0) (-0.15707, 0) (0.0233052, 0) 
1 4.48098 0 (0.0418106, 0) (0.221095, 0) (0.0418106, 0) (-0.0418106, 0) (-0.221095, 0) (0.288046, 0) (-0.00838559, 0) (-0.156743, 0) (0.213967, 0) (-0.0418106, 0) (0.213967, 0) (-0.156743, 0) (-0.00838559, 0) (-0.213967, 0) (0.156743, 0) (0.00838559, 0) (-0.288046, 0) (-0.213967, 0) (0.156743, 0) (0.00838559, 0) (-0.077233, 0) (0.236013, 0) (-0.108409, 0) (-0.123786, 0) (-0.123786, 0) (0.215228, 0) (-0.077233, 0) (0.236013, 0) (-0.108409, 0) (0.123786, 0) (0.108409, 0) (-0.236013, 0) (0.077233, 0) (0.123786, 0) (-0.215228, 0) (0.077233, 0) (-0.236013, 0) (0.108409, 0) 
0 4.58403 0 (-0.145965, 0) (-0.00363239, 0) (-0.145965, 0) (-0.145965, 0) (-0.00363239, 0) (0.294954, 0) (-0.135577, 0) (-0.0904571, 0) (0.285035, 0) (-0.145965, 0) (0.285035, 0) (-0.0904571, 0) (-0.135577, 0) (0.285035, 0) (-0.0904571, 0) (-0.135577, 0) (0.294954, 0) (0.285035, 0) (-0.0904571, 0) (-0.135577, 0) (-0.0645574, 0) (0.137651, 0) (-0.0690797, 0) (-0.0877621, 0) (-0.0877621, 0) (0.289104, 0) (-0.0645574, 0) (0.137651, 0) (-0.0690797, 0) (-0.0877621, 0) (-0.0690797, 0) (0.137651, 0) (-0.0645574, 0) (-0.0877621, 0) (0.289104, 0) (-0.0645574, 0) (0.137651, 0) (-0.0690797, 0) 
0 4.70131 0 (-0.0315541, 0) (-0.227788, 0) (-0.0315541, 0) (0.0315541, 0) (0.227788, 0) (-0.262706, 0) (0.0141834, 0) (0.166489, 0) (-0.226883, 0) (0.0315541, 0) (-0.226883, 0) (0.166489, 0) (0.0141834, 0) (0.226883, 0) (-0.166489, 0) (-0.0141834, 0) (0.262706, 0) (0.226883, 0) (-0.166489, 0) (-0.0141834, 0) (0.0492065, 0) (-0.204598, 0) (0.158313, 0) (0.083389, 0) (0.083389, 0) (-0.256357, 0) (0.0492065, 0) (-0.204598, 0) (0.158313, 0) (-0.083389, 0) (-0.158313, 0) (0.204598, 0) (-0.0492065, 0) (-0.083389, 0) (0.256357, 0) (-0.0492065, 0) (0.204598, 0) (-0.158313, 0) 
1 4.76197 0 (0.207774, 0) (4.66468e-14, 0) (-0.207774, 0) (0.207774, 0) (4.70913e-14, 0) (-2.14221e-15, 0) (-0.0343874, 0) (-0.222011, 0) (0.0137953, 0) (-0.207774, 0) (-0.0137953, 0) (0.222011, 0) (0.0343874, 0) (-0.0137953, 0) (0.222011, 0) (0.0343874, 0) (-2.76163e-15, 0) (0.0137953, 0) (-0.222011, 0) (-0.0343874, 0) (0.22549, 0) (-0.0328923, 0) (-0.196194, 0) (0.256414, 0) (-0.256414, 0) (3.45954e-16, 0) (-0.22549, 0) (0.0328923, 0) (0.196194, 0) (-0.256414, 0) (0.196194, 0) (0.0328923, 0) (-0.22549, 0) (0.256414, 0) (-9.64583e-16, 0) (0.22549, 0) (-0.0328923, 0) (-0.196194, 0) 
1 4.79126 0 (0.186299, 0) (-0.373555, 0) (0.186299, 0) (0.186299, 0) (-0.373555, 0) (0.0157203, 0) (0.179383, 0) (-0.198089, 0) (0.0113056, 0) (0.186299, 0) (0.0113056, 0) (-0.198089, 0) (0.179383, 0) (0.0113056, 0) (-0.198089, 0) (0.179383, 0) (0.0157203, 0) (0.0113056, 0) (-0.198089, 0) (0.179383, 0) (-0.00572068, 0) (0.204618, 0) (-0.178741, 0) (0.000957798, 0) (0.000957798, 0) (-0.00151407, 0) (-0.00572068, 0) (0.204618, 0) (-0.178741, 0) (0.000957798, 0) (-0.178741, 0) (0.204618, 0) (-0.00572068, 0) (0.000957798, 0) (-0.00151407, 0) (-0.00572068, 0) (0.204618, 0) (-0.178741, 0) 
1 4.82654 0 (-0.00778612, 0) (2.63802e-15, 0) (0.00778612, 0) (0.00778612, 0) (2.80286e-15, 0) (2.74168e-16, 0) (0.242685, 0) (0.0083081, 0) (-0.0152415, 0) (-0.00778612, 0) (0.0152415, 0) (-0.0083081, 0) (-0.242685, 0) (-0.0152415, 0) (0.0083081, 0) (0.242685, 0) (-2.48153e-16, 0) (0.0152415, 0) (-0.0083081, 0) (-0.242685, 0) (-0.23531, 0) (0.263324, 0) (-0.00551537, 0) (-0.256908, 0) (0.256908, 0) (-9.48678e-17, 0) (0.23531, 0) (-0.263324, 0) (0.00551537, 0) (-0.256908, 0) (-0.00551537, 0) (0.263324, 0) (-0.23531, 0) (0.256908, 0) (-3.44366e-16, 0) (0.23531, 0) (-0.263324, 0) (0.00551537, 0) 
1 4.85299 0 (0.132148, 0) (-2.02177e-14, 0) (-0.132148, 0) (0.132148, 0) (-2.16457e-14, 0) (2.94709e-15, 0) (0.263894, 0) (-0.136751, 0) (0.00431925, 0) (-0.132148, 0) (-0.00431925, 0) (0.136751, 0) (-0.263894, 0) (-0.00431925, 0) (0.136751, 0) (-0.263894, 0) (1.4015e-15, 0) (0.00431925, 0) (-0.136751, 0) (0.263894, 0) (-0.137394, 0) (0.296698, 0) (-0.136861, 0) (-0.13616, 0) (0.13616, 0) (1.21762e-15, 0) (0.137394, 0) (-0.296698, 0) (0.136861, 0) (0.13616, 0) (0.136861, 0) (-0.296698, 0) (0.137394, 0) (-0.13616, 0) (2.90937e-16, 0) (-0.137394, 0) (0.296698, 0) (-0.136861, 0) 
0 4.87813 0 (0.148289, 0) (-1.89376e-14, 0) (-0.148289, 0) (0.148289, 0) (-1.76436e-14, 0) (-1.43175e-15, 0) (0.290244, 0) (-0.143168, 0) (-0.00545788, 0) (-0.148289, 0) (0.00545788, 0) (0.143168, 0) (-0.290244, 0) (0.00545788, 0) (0.143168, 0) (-0.290244, 0) (1.61439e-16, 0) (-0.00545788, 0) (-0.143168, 0) (0.290244, 0) (-0.134819, 0) (0.256411, 0) (-0.142045, 0) (-0.138355, 0) (0.138355, 0) (-1.03263e-15, 0) (0.134819, 0) (-0.256411, 0) (0.142045, 0) (0.138355, 0) (0.142045, 0) (-0.256411, 0) (0.134819, 0) (-0.138355, 0) (6.75701e-16, 0) (-0.134819, 0) (0.256411, 0) (-0.142045, 0) 
0 4.91626 0 (-0.00963754, 0) (-1.40509e-14, 0) (0.00963754, 0) (0.00963754, 0) (-1.09447e-14, 0) (-1.97748e-15, 0) (-0.255107, 0) (0.00918943, 0) (-0.0197659, 0) (-0.00963754, 0) (0.0197659, 0) (-0.00918943, 0) (0.255107, 0) (-0.0197659, 0) (0.00918943, 0) (-0.255107, 0) (2.48511e-15, 0) (0.0197659, 0) (-0.00918943, 0) (0.255107, 0) (0.265117, 0) (-0.235623, 0) (-0.00737226, 0) (0.241854, 0) (-0.241854, 0) (-1.9577e-15, 0) (-0.265117, 0) (0.235623, 0) (0.00737226, 0) (0.241854, 0) (-0.00737226, 0) (-0.235623, 0) (0.265117, 0) (-0.241854, 0) (2.64698e-15, 0) (-0.265117, 0) (0.235623, 0) (0.00737226, 0) 
0 4.9443 0 (-0.187757, 0) (0.38068, 0) (-0.187757, 0) (-0.187757, 0) (0.38068, 0) (0.0076856, 0) (-0.194433, 0) (0.181647, 0) (0.00634558, 0) (-0.187757, 0) (0.00634558, 0) (0.181647, 0) (-0.194433, 0) (0.00634558, 0) (0.181647, 0) (-0.194433, 0) (0.0076856, 0) (0.00634558, 0) (0.181647, 0) (-0.194433, 0) (-0.00663836, 0) (-0.175908, 0) (0.200889, 0) (0.00402242, 0) (0.00402242, 0) (-0.0108631, 0) (-0.00663836, 0) (-0.175908, 0) (0.200889, 0) (0.00402242, 0) (0.200889, 0) (-0.175908, 0) (-0.00663836, 0) (0.00402242, 0) (-0.0108631, 0) (-0.00663836, 0) (-0.175908, 0) (0.200889, 0) 
0 4.98948 0 (-0.205993, 0) (9.26387e-15, 0) (0.205993, 0) (-0.205993, 0) (8.19106e-15, 0) (4.2233e-16, 0) (0.038628, 0) (0.190244, 0) (0.0160769, 0) (0.205993, 0) (-0.0160769, 0) (-0.190244, 0) (-0.038628, 0) (-0.0160769, 0) (-0.190244, 0) (-0.038628, 0) (-7.7122e-16, 0) (0.0160769, 0) (0.190244, 0) (0.038628, 0) (-0.26183, 0) (0.0404824, 0) (0.216449, 0) (-0.229304, 0) (0.229304, 0) (1.53907e-16, 0) (0.26183, 0) (-0.0404824, 0) (-0.216449, 0) (0.229304, 0) (-0.216449, 0) (-0.0404824, 0) (0.26183, 0) (-0.229304, 0) (-1.62159e-15, 0) (-0.26183, 0) (0.0404824, 0) (0.216449, 0) 
1 5.68574 0 (-0.102715, 0) (-1.84824e-16, 0) (0.102715, 0) (0.102715, 0) (2.047e-15, 0) (4.55548e-15, 0) (-0.0247403, 0) (0.218501, 0) (-0.233752, 0) (-0.102715, 0) (0.233752, 0) (-0.218501, 0) (0.0247403, 0) (-0.233752, 0) (0.218501, 0) (-0.0247403, 0) (-5.18438e-15, 0) (0.233752, 0) (-0.218501, 0) (0.0247403, 0) (-0.0179219, 0) (-0.192109, 0) (0.25475, 0) (-0.185284, 0) (0.185284, 0) (4.0113e-15, 0) (0.0179219, 0) (0.192109, 0) (-0.25475, 0) (-0.185284, 0) (0.25475, 0) (-0.192109, 0) (-0.0179219, 0) (0.185284, 0) (-4.37993e-15, 0) (0.0179219, 0) (0.192109, 0) (-0.25475, 0) 
1 5.75959 0 (0.171339, 0) (-0.0607973, 0) (0.171339, 0) (-0.171339, 0) (0.0607973, 0) (0.257673, 0) (-0.197802, 0) (0.183764, 0) (-0.00886571, 0) (-0.171339, 0) (-0.00886571, 0) (0.183764, 0) (-0.197802, 0) (0.00886571, 0) (-0.183764, 0) (0.197802, 0) (-0.257673, 0) (0.00886571, 0) (-0.183764, 0) (0.197802, 0) (-0.0308299, 0) (-0.137521, 0) (0.204125, 0) (-0.170458, 0) (-0.170458, 0) (0.209944, 0) (-0.0308299, 0) (-0.137521, 0) (0.204125, 0) (0.170458, 0) (-0.204125, 0) (0.137521, 0) (0.0308299, 0) (0.170458, 0) (-0.209944, 0) (0.0308299, 0) (0.137521, 0) (-0.204125, 0) 
0 5.89997 0 (-0.0977984, 0) (1.67907e-15, 0) (0.0977984, 0) (0.0977984, 0) (1.28607e-15, 0) (-3.9912e-15, 0) (-0.029389, 0) (0.213249, 0) (-0.236209, 0) (-0.0977984, 0) (0.236209, 0) (-0.213249, 0) (0.029389, 0) (-0.236209, 0) (0.213249, 0) (-0.029389, 0) (9.95952e-16, 0) (0.236209, 0) (-0.213249, 0) (0.029389, 0) (-0.0384852, 0) (-0.166358, 0) (0.281072, 0) (-0.173621, 0) (0.173621, 0) (1.1357e-15, 0) (0.0384852, 0) (0.166358, 0) (-0.281072, 0) (-0.173621, 0) (0.281072, 0) (-0.166358, 0) (-0.0384852, 0) (0.173621, 0) (4.36148e-16, 0) (0.0384852, 0) (0.166358, 0) (-0.281072, 0) 
0 5.96078 0 (0.180532, 0) (-0.0429531, 0) (0.180532, 0) (-0.180532, 0) (0.0429531, 0) (0.303391, 0) (-0.24015, 0) (0.132206, 0) (0.0360817, 0) (-0.180532, 0) (0.0360817, 0) (0.132206, 0) (-0.24015, 0) (-0.0360817, 0) (-0.132206, 0) (0.24015, 0) (-0.303391, 0) (-0.0360817, 0) (-0.132206, 0) (0.24015, 0) (0.0125713, 0) (-0.147806, 0) (0.206293, 0) (-0.106367, 0) (-0.106367, 0) (0.190445, 0) (0.0125713, 0) (-0.147806, 0) (0.206293, 0) (0.106367, 0) (-0.206293, 0) (0.147806, 0) (-0.0125713, 0) (0.106367, 0) (-0.190445, 0) (-0.0125713, 0) (0.147806, 0) (-0.206293, 0) 
1 6.18569 0 (0.00376962, 0) (0.130328, 0) (0.00376962, 0) (0.00376962, 0) (0.130328, 0) (-0.210327, 0) (0.0880764, 0) (0.213922, 0) (-0.139605, 0) (0.00376962, 0) (-0.139605, 0) (0.213922, 0) (0.0880764, 0) (-0.139605, 0) (0.213922, 0) (0.0880764, 0) (-0.210327, 0) (-0.139605, 0) (0.213922, 0) (0.0880764, 0) (-0.258705, 0) (0.214945, 0) (-0.0460767, 0) (-0.138154, 0) (-0.138154, 0) (0.155085, 0) (-0.258705, 0) (0.214945, 0) (-0.0460767, 0) (-0.138154, 0) (-0.0460767, 0) (0.214945, 0) (-0.258705, 0) (-0.138154, 0) (0.155085, 0) (-0.258705, 0) (0.214945, 0) (-0.0460767, 0) 
1 6.18615 0 (-0.00563661, 0) (-0.134488, 0) (-0.00563661, 0) (0.00563661, 0) (0.134488, 0) (-0.220556, 0) (0.0934679, 0) (0.208151, 0) (-0.137086, 0) (0.00563661, 0) (-0.137086, 0) (0.208151, 0) (0.0934679, 0) (0.137086, 0) (-0.208151, 0) (-0.0934679, 0) (0.220556, 0) (0.137086, 0) (-0.208151, 0) (-0.0934679, 0) (-0.258281, 0) (0.220058, 0) (-0.0537871, 0) (-0.130408, 0) (-0.130408, 0) (0.146375, 0) (-0.258281, 0) (0.220058, 0) (-0.0537871, 0) (0.130408, 0) (0.0537871, 0) (-0.220058, 0) (0.258281, 0) (0.130408, 0) (-0.146375, 0) (0.258281, 0) (-0.220058, 0) (0.0537871, 0) 
0 6.44654 0 (0.023248, 0) (-0.168834, 0) (0.023248, 0) (0.023248, 0) (-0.168834, 0) (0.210575, 0) (-0.0863001, 0) (-0.187295, 0) (0.107978, 0) (0.023248, 0) (0.107978, 0) (-0.187295, 0) (-0.0863001, 0) (0.107978, 0) (-0.187295, 0) (-0.0863001, 0) (0.210575, 0) (0.107978, 0) (-0.187295, 0) (-0.0863001, 0) (0.28331, 0) (-0.215248, 0) (0.0741428, 0) (0.110558, 0) (0.110558, 0) (-0.170489, 0) (0.28331, 0) (-0.215248, 0) (0.0741428, 0) (0.110558, 0) (0.0741428, 0) (-0.215248, 0) (0.28331, 0) (0.110558, 0) (-0.170489, 0) (0.28331, 0) (-0.215248, 0) (0.0741428, 0) 
0 6.4648 0 (0.0355949, 0) (-0.141728, 0) (0.0355949, 0) (-0.0355949, 0) (0.141728, 0) (-0.145568, 0) (0.0476431, 0) (0.217957, 0) (-0.119501, 0) (-0.0355949, 0) (-0.119501, 0) (0.217957, 0) (0.0476431, 0) (0.119501, 0) (-0.217957, 0) (-0.0476431, 0) (0.145568, 0) (0.119501, 0) (-0.217957, 0) (-0.0476431, 0) (-0.284534, 0) (0.18825, 0) (-0.0293579, 0) (-0.146598, 0) (-0.146598, 0) (0.224893, 0) (-0.284534, 0) (0.18825, 0) (-0.0293579, 0) (0.146598, 0) (0.0293579, 0) (-0.18825, 0) (0.284534, 0) (0.146598, 0) (-0.224893, 0) (0.284534, 0) (-0.18825, 0) (0.0293579, 0) 
1 6.62336 0 (-0.324647, 0) (2.20391e-15, 0) (0.324647, 0) (-0.324647, 0) (1.02795e-15, 0) (-1.47878e-15, 0) (-0.0865096, 0) (-0.0235269, 0) (0.202257, 0) (0.324647, 0) (-0.202257, 0) (0.0235269, 0) (0.0865096, 0) (-0.202257, 0) (0.0235269, 0) (0.0865096, 0) (-2.07938e-15, 0) (0.202257, 0) (-0.0235269, 0) (-0.0865096, 0) (-0.0778149, 0) (0.165138, 0) (-0.183111, 0) (0.169716, 0) (-0.169716, 0) (-4.67558e-16, 0) (0.0778149, 0) (-0.165138, 0) (0.183111, 0) (-0.169716, 0) (0.183111, 0) (-0.165138, 0) (0.0778149, 0) (0.169716, 0) (-1.26458e-15, 0) (-0.0778149, 0) (0.165138, 0) (-0.183111, 0) 
0 6.7148 0 (0.309753, 0) (3.25326e-15, 0) (-0.309753, 0) (0.309753, 0) (1.31644e-15, 0) (3.52758e-16, 0) (0.0640943, 0) (0.0497577, 0) (-0.222109, 0) (-0.309753, 0) (0.222109, 0) (-0.0497577, 0) (-0.0640943, 0) (0.222109, 0) (-0.0497577, 0) (-0.0640943, 0) (-5.96555e-15, 0) (-0.222109, 0) (0.0497577, 0) (0.0640943, 0) (0.0720463, 0) (-0.159283, 0) (0.208294, 0) (-0.155526, 0) (0.155526, 0) (1.59213e-15, 0) (-0.0720463, 0) (0.159283, 0) (-0.208294, 0) (0.155526, 0) (-0.208294, 0) (0.159283, 0) (-0.0720463, 0) (-0.155526, 0) (4.61757e-15, 0) (0.0720463, 0) (-0.159283, 0) (0.208294, 0) 
1 6.83728 0 (0.156573, 0) (-0.290351, 0) (0.156573, 0) (0.156573, 0) (-0.290351, 0) (0.208704, 0) (-0.0320651, 0) (0.0824593, 0) (-0.132747, 0) (0.156573, 0) (-0.132747, 0) (0.0824593, 0) (-0.0320651, 0) (-0.132747, 0) (0.0824593, 0) (-0.0320651, 0) (0.208704, 0) (-0.132747, 0) (0.0824593, 0) (-0.0320651, 0) (0.025328, 0) (-0.130559, 0) (0.191306, 0) (-0.234437, 0) (-0.234437, 0) (0.231773, 0) (0.025328, 0) (-0.130559, 0) (0.191306, 0) (-0.234437, 0) (0.191306, 0) (-0.130559, 0) (0.025328, 0) (-0.234437, 0) (0.231773, 0) (0.025328, 0) (-0.130559, 0) (0.191306, 0) 
0 7.13951 0 (0.14795, 0) (-0.280867, 0) (0.14795, 0) (0.14795, 0) (-0.280867, 0) (0.203842, 0) (-0.0509836, 0) (0.108481, 0) (-0.144393, 0) (0.14795, 0) (-0.144393, 0) (0.108481, 0) (-0.0509836, 0) (-0.144393, 0) (0.108481, 0) (-0.0509836, 0) (0.203842, 0) (-0.144393, 0) (0.108481, 0) (-0.0509836, 0) (-0.00911453, 0) (-0.0931914, 0) (0.187791, 0) (-0.22017, 0) (-0.22017, 0) (0.283431, 0) (-0.00911453, 0) (-0.0931914, 0) (0.187791, 0) (-0.22017, 0) (0.187791, 0) (-0.0931914, 0) (-0.00911453, 0) (-0.22017, 0) (0.283431, 0) (-0.00911453, 0) (-0.0931914, 0) (0.187791, 0) 
1 7.81921 0 (-0.0462754, 0) (6.0769e-15, 0) (0.0462754, 0) (0.0462754, 0) (-4.49028e-15, 0) (-2.32325e-15, 0) (-0.204357, 0) (0.260794, 0) (-0.141876, 0) (-0.0462754, 0) (0.141876, 0) (-0.260794, 0) (0.204357, 0) (-0.141876, 0) (0.260794, 0) (-0.204357, 0) (5.98962e-16, 0) (0.141876, 0) (-0.260794, 0) (0.204357, 0) (-0.189757, 0) (0.168581, 0) (-0.151274, 0) (0.175053, 0) (-0.175053, 0) (4.43626e-15, 0) (0.189757, 0) (-0.168581, 0) (0.151274, 0) (0.175053, 0) (-0.151274, 0) (0.168581, 0) (-0.189757, 0) (-0.175053, 0) (-4.47524e-15, 0) (0.189757, 0) (-0.168581, 0) (0.151274, 0) 
0 7.97778 0 (-0.0440214, 0) (1.43375e-15, 0) (0.0440214, 0) (0.0440214, 0) (-1.87157e-15, 0) (6.49135e-17, 0) (-0.194668, 0) (0.248491, 0) (-0.1402, 0) (-0.0440214, 0) (0.1402, 0) (-0.248491, 0) (0.194668, 0) (-0.1402, 0) (0.248491, 0) (-0.194668, 0) (7.93629e-16, 0) (0.1402, 0) (-0.248491, 0) (0.194668, 0) (-0.210697, 0) (0.17037, 0) (-0.168851, 0) (0.163808, 0) (-0.163808, 0) (2.40701e-15, 0) (0.210697, 0) (-0.17037, 0) (0.168851, 0) (0.163808, 0) (-0.168851, 0) (0.17037, 0) (-0.210697, 0) (-0.163808, 0) (-1.67258e-15, 0) (0.210697, 0) (-0.17037, 0) (0.168851, 0) 
1 7.99539 0 (-0.168941, 0) (8.48062e-16, 0) (0.168941, 0) (-0.168941, 0) (-1.27233e-16, 0) (-2.0819e-16, 0) (0.183357, 0) (-0.257136, 0) (0.1911, 0) (0.168941, 0) (-0.1911, 0) (0.257136, 0) (-0.183357, 0) (-0.1911, 0) (0.257136, 0) (-0.183357, 0) (-2.17184e-16, 0) (0.1911, 0) (-0.257136, 0) (0.183357, 0) (0.170793, 0) (-0.140471, 0) (0.12254, 0) (-0.145886, 0) (0.145886, 0) (6.30587e-16, 0) (-0.170793, 0) (0.140471, 0) (-0.12254, 0) (0.145886, 0) (-0.12254, 0) (0.140471, 0) (-0.170793, 0) (-0.145886, 0) (2.56848e-16, 0) (0.170793, 0) (-0.140471, 0) (0.12254, 0) 
1 8.02306 0 (0.268368, 0) (-0.217633, 0) (0.268368, 0) (-0.268368, 0) (0.217633, 0) (0.0500029, 0) (-0.162261, 0) (0.0697263, 0) (0.0886854, 0) (-0.268368, 0) (0.0886854, 0) (0.0697263, 0) (-0.162261, 0) (-0.0886854, 0) (-0.0697263, 0) (0.162261, 0) (-0.0500029, 0) (-0.0886854, 0) (-0.0697263, 0) (0.162261, 0) (-0.0749917, 0) (0.105623, 0) (-0.146654, 0) (0.238587, 0) (0.238587, 0) (-0.193803, 0) (-0.0749917, 0) (0.105623, 0) (-0.146654, 0) (-0.238587, 0) (0.146654, 0) (-0.105623, 0) (0.0749917, 0) (-0.238587, 0) (0.193803, 0) (0.0749917, 0) (-0.105623, 0) (0.146654, 0) 
0 8.12525 0 (-0.150214, 0) (3.05057e-15, 0) (0.150214, 0) (-0.150214, 0) (-2.23327e-15, 0) (-8.40625e-16, 0) (0.179281, 0) (-0.248402, 0) (0.186181, 0) (0.150214, 0) (-0.186181, 0) (0.248402, 0) (-0.179281, 0) (-0.186181, 0) (0.248402, 0) (-0.179281, 0) (-3.17515e-16, 0) (0.186181, 0) (-0.248402, 0) (0.179281, 0) (0.193474, 0) (-0.146789, 0) (0.141556, 0) (-0.141103, 0) (0.141103, 0) (2.91069e-15, 0) (-0.193474, 0) (0.146789, 0) (-0.141556, 0) (0.141103, 0) (-0.141556, 0) (0.146789, 0) (-0.193474, 0) (-0.141103, 0) (-2.10269e-15, 0) (0.193474, 0) (-0.146789, 0) (0.141556, 0) 
0 8.20223 0 (0.260879, 0) (-0.23252, 0) (0.260879, 0) (-0.260879, 0) (0.23252, 0) (0.0165219, 0) (-0.135026, 0) (0.0476963, 0) (0.0982627, 0) (-0.260879, 0) (0.0982627, 0) (0.0476963, 0) (-0.135026, 0) (-0.0982627, 0) (-0.0476963, 0) (0.135026, 0) (-0.0165219, 0) (-0.0982627, 0) (-0.0476963, 0) (0.135026, 0) (-0.0719194, 0) (0.101257, 0) (-0.162076, 0) (0.232987, 0) (0.232987, 0) (-0.239304, 0) (-0.0719194, 0) (0.101257, 0) (-0.162076, 0) (-0.232987, 0) (0.162076, 0) (-0.101257, 0) (0.0719194, 0) (-0.232987, 0) (0.239304, 0) (0.0719194, 0) (-0.101257, 0) (0.162076, 0) 
1 8.99555 0 (-0.0748273, 0) (0.162539, 0) (-0.0748273, 0) (-0.0748273, 0) (0.162539, 0) (-0.272404, 0) (0.258943, 0) (-0.183813, 0) (0.0994761, 0) (-0.0748273, 0) (0.0994761, 0) (-0.183813, 0) (0.258943, 0) (0.0994761, 0) (-0.183813, 0) (0.258943, 0) (-0.272404, 0) (0.0994761, 0) (-0.183813, 0) (0.258943, 0) (0.0994415, 0) (-0.0845232, 0) (0.10837, 0) (-0.208866, 0) (-0.208866, 0) (0.148009, 0) (0.0994415, 0) (-0.0845232, 0) (0.10837, 0) (-0.208866, 0) (0.10837, 0) (-0.0845232, 0) (0.0994415, 0) (-0.208866, 0) (0.148009, 0) (0.0994415, 0) (-0.0845232, 0) (0.10837, 0) 
0 9.12617 0 (0.0702662, -0) (-0.156124, 0) (0.0702662, -0) (0.0702662, -0) (-0.156124, 0) (0.252132, -0) (-0.251461, 0) (0.174747, -0) (-0.0975479, 0) (0.0702662, -0) (-0.0975479, 0) (0.174747, -0) (-0.251461, 0) (-0.0975479, 0) (0.174747, -0) (-0.251461, 0) (0.252132, -0) (-0.0975479, 0) (0.174747, -0) (-0.251461, 0) (-0.108975, 0) (0.0882431, -0) (-0.125144, 0) (0.212662, -0) (0.212662, -0) (-0.185779, 0) (-0.108975, 0) (0.0882431, -0) (-0.125144, 0) (0.212662, -0) (-0.125144, 0) (0.0882431, -0) (-0.108975, 0) (0.212662, -0) (-0.185779, 0) (-0.108975, 0) (0.0882431, -0) (-0.125144, 0) 
1 9.45125 0 (0.25082, 0) (-0.271703, 0) (0.25082, 0) (-0.25082, 0) (0.271703, 0) (-0.249739, 0) (0.197129, 0) (-0.156918, 0) (0.147261, 0) (-0.25082, 0) (0.147261, 0) (-0.156918, 0) (0.197129, 0) (-0.147261, 0) (0.156918, 0) (-0.197129, 0) (0.249739, 0) (-0.147261, 0) (0.156918, 0) (-0.197129, 0) (0.0729617, 0) (-0.0522791, 0) (0.0643973, 0) (-0.132931, 0) (-0.132931, 0) (0.0888838, 0) (0.0729617, 0) (-0.0522791, 0) (0.0643973, 0) (0.132931, 0) (-0.0643973, 0) (0.0522791, 0) (-0.0729617, 0) (0.132931, 0) (-0.0888838, 0) (-0.0729617, 0) (0.0522791, 0) (-0.0643973, 0) 
0 9.52608 0 (-0.236588, 0) (0.268575, 0) (-0.236588, 0) (0.236588, 0) (-0.268575, 0) (0.242091, 0) (-0.200042, 0) (0.155497, 0) (-0.147409, 0) (0.236588, 0) (-0.147409, 0) (0.155497, 0) (-0.200042, 0) (0.147409, 0) (-0.155497, 0) (0.200042, 0) (-0.242091, 0) (0.147409, 0) (-0.155497, 0) (0.200042, 0) (-0.0831118, 0) (0.057388, 0) (-0.077645, 0) (0.140807, 0) (0.140807, 0) (-0.115533, 0) (-0.0831118, 0) (0.057388, 0) (-0.077645, 0) (-0.140807, 0) (0.077645, 0) (-0.057388, 0) (0.0831118, 0) (-0.140807, 0) (0.115533, 0) (0.0831118, 0) (-0.057388, 0) (0.077645, 0) 
