run,iteration,error
0,0,32.9009
0,1,13.9
0,2,7.745
0,3,4.87639
0,4,3.52336
0,5,2.72843
0,6,2.27073
0,7,1.93009
0,8,1.61212
0,9,1.12468
0,10,0.874254
0,11,0.663149
0,12,0.510674
0,13,0.400745
0,14,0.317541
0,15,0.254667
0,16,0.207321
0,17,0.170614
0,18,0.141646
0,19,0.118302
0,20,0.0992747
0,21,0.0838382
0,22,0.0712844
0,23,0.0611461
0,24,0.0528097
0,25,0.045872
0,26,0.0400856
0,27,0.0352316
0,28,0.0313712
0,29,0.0281278
0,30,0.0253171
0,31,0.0228812
0,32,0.0208449
0,33,0.019102
0,34,0.0175392
0,35,0.0161678
0,36,0.0149415
0,37,0.0138778
0,38,0.0129278
0,39,0.0120547
0,40,0.0112626
0,41,0.0105393
0,42,0.00986215
0,43,0.00922548
0,44,0.00862749
0,45,0.00806631
0,46,0.00754006
0,47,0.00704688
0,48,0.00658496
0,49,0.00615371
0,50,0.00575
0,51,0.00537275
0,52,0.00501973
0,53,0.0046895
0,54,0.00438066
0,55,0.0040919
0,56,0.00382197
0,57,0.00356969
0,58,0.00333393
0,59,0.00311364
0,60,0.00290784
0,61,0.00271559
0,62,0.00253601
0,63,0.00236828
0,64,0.00221162
0,65,0.00206532
0,66,0.00192869
0,67,0.0018011
0,68,0.00168195
0,69,0.00157069
0,70,0.0014668
0,71,0.00136979
0,72,0.0012792
0,73,0.00119462
0,74,0.00111563
0,75,0.00104188
0,76,0.000973013
0,77,0.000908706
0,78,0.000848658
0,79,0.000792586
0,80,0.000740226
0,81,0.000691332
0,82,0.000645674
0,83,0.000603038
0,84,0.000563222
0,85,0.00052604
0,86,0.000491318
0,87,0.000458892
0,88,0.000428609
0,89,0.000400329
0,90,0.000373918
0,91,0.000349252
0,92,0.000326216
0,93,0.000304701
0,94,0.000284608
0,95,0.000265841
0,96,0.000248314
1,0,34.1072
1,1,14.6841
1,2,8.34803
1,3,5.56461
1,4,4.06631
1,5,3.1857
1,6,2.6349
1,7,2.27866
1,8,2.05129
1,9,1.90529
1,10,1.8109
1,11,1.74686
1,12,1.69925
1,13,1.6608
1,14,1.62557
1,15,1.59094
1,16,1.55257
1,17,1.50854
1,18,1.4411
1,19,1.359
1,20,1.2873
1,21,1.14168
1,22,0.964608
1,23,0.76202
1,24,0.622588
1,25,0.706902
1,26,0.713714
1,27,0.661934
1,28,0.58766
1,29,0.508801
1,30,0.434412
1,31,0.368115
1,32,0.310703
1,33,0.261909
1,34,0.221041
1,35,0.186776
1,36,0.15805
1,37,0.134046
1,38,0.113937
1,39,0.0970709
1,40,0.0829265
1,41,0.0710312
1,42,0.0609959
1,43,0.0525098
1,44,0.04533
1,45,0.0392296
1,46,0.0340314
1,47,0.0296243
1,48,0.0258573
1,49,0.0226209
1,50,0.0198348
1,51,0.0174319
1,52,0.0153488
1,53,0.0135388
1,54,0.0119706
1,55,0.0106192
1,56,0.00944649
1,57,0.00841507
1,58,0.00750546
1,59,0.00670196
1,60,0.00599161
1,61,0.00536223
1,62,0.00480373
1,63,0.00430934
1,64,0.00387027
1,65,0.00348049
1,66,0.00313407
1,67,0.00283059
1,68,0.00255978
1,69,0.00231645
1,70,0.00209771
1,71,0.00190072
1,72,0.0017229
1,73,0.00156421
1,74,0.0014214
1,75,0.00129234
1,76,0.00117545
1,77,0.00106942
1,78,0.000972965
1,79,0.000885973
1,80,0.000807454
1,81,0.000735967
1,82,0.000670837
1,83,0.000611392
1,84,0.000557183
1,85,0.000507729
1,86,0.000462725
1,87,0.00042171
1,88,0.000384314
1,89,0.000350203
1,90,0.000319095
1,91,0.00029072
1,92,0.000264842
1,93,0.00024125
1,94,0.000219746
1,95,0.000200142
1,96,0.00018228
1,97,0.000166002
1,98,0.000151175
1,99,0.000137664
2,0,31.8486
2,1,13.8036
2,2,7.32985
2,3,4.42198
2,4,2.85339
2,5,1.93788
2,6,1.37199
2,7,1.01043
2,8,0.771263
2,9,0.609126
2,10,0.499546
2,11,0.41993
2,12,0.357143
2,13,0.306917
2,14,0.2667
2,15,0.233782
2,16,0.205549
2,17,0.180427
2,18,0.158152
2,19,0.138456
2,20,0.121188
2,21,0.105985
2,22,0.0927669
2,23,0.0813672
2,24,0.0714562
2,25,0.0628543
2,26,0.0553551
2,27,0.0488435
2,28,0.0432153
2,29,0.0383263
2,30,0.034072
2,31,0.0303702
2,32,0.0271485
2,33,0.0243373
2,34,0.0218901
2,35,0.0197477
2,36,0.0178696
2,37,0.0162207
2,38,0.0147707
2,39,0.0134951
2,40,0.0123746
2,41,0.0113857
2,42,0.0105133
2,43,0.00974291
2,44,0.00905656
2,45,0.00844369
2,46,0.00794045
2,47,0.00749414
2,48,0.00709874
2,49,0.00674626
2,50,0.00642547
2,51,0.00613263
2,52,0.00586857
2,53,0.00562754
2,54,0.00540586
2,55,0.00520065
2,56,0.0050101
2,57,0.00483286
2,58,0.00466739
2,59,0.00453431
2,60,0.00441341
2,61,0.00429772
2,62,0.00419838
2,63,0.00410185
2,64,0.00400866
2,65,0.00391906
2,66,0.0038316
2,67,0.00374718
2,68,0.00366546
2,69,0.00358566
2,70,0.00350764
2,71,0.00343135
2,72,0.00335678
2,73,0.00328413
2,74,0.00321337
2,75,0.0031443
2,76,0.00307681
2,77,0.00301083
2,78,0.00294633
2,79,0.00288327
2,80,0.00282162
2,81,0.00276135
2,82,0.00270243
2,83,0.00264483
2,84,0.00258851
2,85,0.00253345
2,86,0.00247961
2,87,0.00242697
2,88,0.00237549
2,89,0.00232516
2,90,0.00227594
2,91,0.0022278
2,92,0.00218072
2,93,0.00213468
2,94,0.00208965
2,95,0.0020456
2,96,0.00200252
2,97,0.00196037
2,98,0.00191915
2,99,0.00187882
2,100,0.00183936
2,101,0.00180076
2,102,0.00176302
2,103,0.00172613
2,104,0.00169002
2,105,0.00165468
2,106,0.00162011
2,107,0.00158627
2,108,0.00155315
2,109,0.00152074
2,110,0.00148902
2,111,0.00145797
2,112,0.00142759
2,113,0.00139784
2,114,0.00136873
2,115,0.00134024
2,116,0.00131234
2,117,0.00128504
2,118,0.00125832
2,119,0.00123215
2,120,0.00120654
2,121,0.00118147
2,122,0.00115693
2,123,0.0011329
2,124,0.00110938
2,125,0.00108635
2,126,0.00106381
2,127,0.00104173
2,128,0.00102013
2,129,0.00099897
2,130,0.000978259
2,131,0.000957982
2,132,0.000938129
2,133,0.000918692
2,134,0.00089966
2,135,0.000881026
2,136,0.000862781
2,137,0.000844916
2,138,0.000827425
2,139,0.000810298
2,140,0.000793528
2,141,0.000777107
2,142,0.000761029
2,143,0.000745285
2,144,0.00072987
2,145,0.000714774
2,146,0.000699993
2,147,0.00068552
2,148,0.000671347
2,149,0.000657469
2,150,0.000643879
2,151,0.000630572
2,152,0.000617541
2,153,0.000604781
2,154,0.000592286
2,155,0.00058005
2,156,0.000568068
2,157,0.000556334
2,158,0.000544844
2,159,0.000533592
2,160,0.000522574
2,161,0.000511784
2,162,0.000501218
2,163,0.00049087
2,164,0.000480737
2,165,0.000470814
2,166,0.000461097
2,167,0.000451581
2,168,0.000442262
2,169,0.000433135
2,170,0.000424198
2,171,0.000415446
2,172,0.000406875
2,173,0.000398481
2,174,0.000390261
2,175,0.000382211
2,176,0.000374327
2,177,0.000366607
2,178,0.000359046
2,179,0.000351642
2,180,0.00034439
2,181,0.000337289
2,182,0.000330334
2,183,0.000323523
2,184,0.000316853
2,185,0.000310321
2,186,0.000303923
2,187,0.000297658
2,188,0.000291522
2,189,0.000285513
2,190,0.000279628
2,191,0.000273865
2,192,0.000268221
2,193,0.000262693
2,194,0.000257279
2,195,0.000251977
2,196,0.000246785
2,197,0.0002417
2,198,0.000236719
2,199,0.000231842
2,200,0.000227065
2,201,0.000222387
2,202,0.000217805
2,203,0.000213318
2,204,0.000208924
2,205,0.00020462
2,206,0.000200404
3,0,32.2726
3,1,14.125
3,2,7.53292
3,3,4.631
3,4,3.0616
3,5,2.07286
3,6,1.42415
3,7,1.00784
3,8,0.726233
3,9,0.549328
3,10,0.436635
3,11,0.369663
3,12,0.333361
3,13,0.318778
3,14,0.321422
3,15,0.335129
3,16,0.35683
3,17,0.386019
3,18,0.416791
3,19,0.444904
3,20,0.463791
3,21,0.469766
3,22,0.461286
3,23,0.440197
3,24,0.41005
3,25,0.374727
3,26,0.337296
3,27,0.299848
3,28,0.264073
3,29,0.230918
3,30,0.200714
3,31,0.173633
3,32,0.149718
3,33,0.128778
3,34,0.110501
3,35,0.0946091
3,36,0.0808605
3,37,0.0690127
3,38,0.0588345
3,39,0.0501123
3,40,0.0426523
3,41,0.0362819
3,42,0.0308488
3,43,0.0262196
3,44,0.0222786
3,45,0.0189257
3,46,0.0160745
3,47,0.013651
3,48,0.0115916
3,49,0.0098422
3,50,0.00835634
3,51,0.00709453
3,52,0.00602312
3,53,0.00511344
3,54,0.00434114
3,55,0.0036855
3,56,0.00312891
3,57,0.00265642
3,58,0.00225533
3,59,0.00191484
3,60,0.00162578
3,61,0.00138038
3,62,0.00117205
3,63,0.00099518
3,64,0.000845019
3,65,0.000717531
3,66,0.000609289
3,67,0.000517386
3,68,0.000439354
3,69,0.000373098
3,70,0.000316839
3,71,0.000269068
4,0,34.9809
4,1,14.2056
4,2,7.36935
4,3,4.34404
4,4,2.78887
4,5,1.8733
4,6,1.30498
4,7,0.944171
4,8,0.707577
4,9,0.546774
4,10,0.442153
4,11,0.373062
4,12,0.321851
4,13,0.282703
4,14,0.253774
4,15,0.23268
4,16,0.217872
4,17,0.207717
4,18,0.20205
4,19,0.199546
4,20,0.199029
4,21,0.200916
4,22,0.205
4,23,0.209382
4,24,0.213153
4,25,0.217595
4,26,0.222351
4,27,0.225315
4,28,0.22628
4,29,0.226565
4,30,0.224764
4,31,0.220632
4,32,0.214378
4,33,0.206194
4,34,0.19654
4,35,0.186937
4,36,0.176663
4,37,0.166032
4,38,0.155108
4,39,0.14424
4,40,0.133701
4,41,0.123523
4,42,0.113801
4,43,0.104683
4,44,0.0966422
4,45,0.0891479
4,46,0.0821383
4,47,0.0756061
4,48,0.0695649
4,49,0.0639749
4,50,0.0588209
4,51,0.0540802
4,52,0.0497383
4,53,0.0457614
4,54,0.0421213
4,55,0.0387801
4,56,0.0357224
4,57,0.0329213
4,58,0.0303518
4,59,0.0279946
4,60,0.0258319
4,61,0.0238472
4,62,0.0220251
4,63,0.0203518
4,64,0.0188225
4,65,0.0174183
4,66,0.0161256
4,67,0.0149349
4,68,0.0138376
4,69,0.0128259
4,70,0.0118927
4,71,0.0110315
4,72,0.0102362
4,73,0.00950152
4,74,0.00882246
4,75,0.00819453
4,76,0.00761359
4,77,0.00707588
4,78,0.00657797
4,79,0.00611671
4,80,0.00568923
4,81,0.0052929
4,82,0.0049253
4,83,0.00458423
4,84,0.00426766
4,85,0.00397373
4,86,0.00370073
4,87,0.0034471
4,88,0.00321138
4,89,0.00299226
4,90,0.0027885
4,91,0.00259899
4,92,0.00242268
4,93,0.00225862
4,94,0.00210593
4,95,0.00196377
4,96,0.00183141
4,97,0.00170814
4,98,0.00159332
4,99,0.00148635
4,100,0.00138669
4,101,0.0012938
4,102,0.00120723
4,103,0.00112653
4,104,0.0010513
4,105,0.000981153
4,106,0.00091574
4,107,0.000854736
4,108,0.000797839
4,109,0.000744774
4,110,0.00069527
4,111,0.000649085
4,112,0.000605992
4,113,0.000565782
4,114,0.000528259
4,115,0.000493242
4,116,0.00046056
4,117,0.000430057
4,118,0.000401585
4,119,0.000375008
4,120,0.000350199
4,121,0.000327038
4,122,0.000305416
4,123,0.00028523
4,124,0.000266382
4,125,0.000248785
5,0,34.9246
5,1,14.4317
5,2,7.68124
5,3,4.66194
5,4,3.02588
5,5,2.06517
5,6,1.46464
5,7,1.06852
5,8,0.796879
5,9,0.609812
5,10,0.476302
5,11,0.377569
5,12,0.303829
5,13,0.247613
5,14,0.206202
5,15,0.172994
5,16,0.14566
5,17,0.123179
5,18,0.104626
5,19,0.0892078
5,20,0.0764878
5,21,0.0658351
5,22,0.0567957
5,23,0.0490952
5,24,0.0425087
5,25,0.0368888
5,26,0.0320836
5,27,0.0279533
5,28,0.0243895
5,29,0.0213161
5,30,0.018661
5,31,0.0163702
5,32,0.0143771
5,33,0.0126414
5,34,0.0111352
5,35,0.00981902
5,36,0.00866744
5,37,0.00766772
5,38,0.00679263
5,39,0.00602338
5,40,0.00534669
5,41,0.00475167
5,42,0.00422699
5,43,0.00376439
5,44,0.00335622
5,45,0.00299511
5,46,0.00267523
5,47,0.00239208
5,48,0.00214071
5,49,0.00191778
5,50,0.00172277
5,51,0.00154913
5,52,0.00139378
5,53,0.00125469
5,54,0.00113008
5,55,0.00101858
5,56,0.000919613
5,57,0.000831394
5,58,0.000752323
5,59,0.000681296
5,60,0.000617224
5,61,0.000559294
5,62,0.000507463
5,63,0.00046115
5,64,0.00041912
5,65,0.000380986
5,66,0.000346387
5,67,0.000314955
5,68,0.000286385
5,69,0.000260409
5,70,0.000236805
5,71,0.000215342
5,72,0.000195824
5,73,0.000178077
5,74,0.000161941
5,75,0.000147273
6,0,36.0333
6,1,14.5455
6,2,7.22214
6,3,4.25766
6,4,2.94925
6,5,2.19173
6,6,1.62893
6,7,1.22106
6,8,0.946718
6,9,0.783482
6,10,0.702846
6,11,0.662195
6,12,0.632955
6,13,0.607101
6,14,0.576292
6,15,0.54088
6,16,0.497392
6,17,0.451344
6,18,0.405625
6,19,0.362689
6,20,0.326493
6,21,0.294502
6,22,0.267537
6,23,0.244178
6,24,0.223788
6,25,0.206193
6,26,0.191704
6,27,0.179131
6,28,0.16849
6,29,0.159021
6,30,0.150876
6,31,0.144389
6,32,0.139487
6,33,0.135373
6,34,0.132095
6,35,0.129552
6,36,0.128748
6,37,0.128698
6,38,0.129781
6,39,0.131547
6,40,0.134151
6,41,0.137899
6,42,0.142533
6,43,0.148148
6,44,0.155022
6,45,0.163687
6,46,0.175875
6,47,0.191674
6,48,0.211242
6,49,0.234786
6,50,0.26336
6,51,0.296313
6,52,0.332814
6,53,0.371137
6,54,0.407677
6,55,0.437308
6,56,0.456072
6,57,0.459196
6,58,0.447393
6,59,0.423704
6,60,0.392287
6,61,0.356661
6,62,0.319502
6,63,0.282943
6,64,0.248432
6,65,0.216713
6,66,0.188
6,67,0.162427
6,68,0.139888
6,69,0.120226
6,70,0.103065
6,71,0.0881753
6,72,0.0753153
6,73,0.064248
6,74,0.0547506
6,75,0.0466187
6,76,0.0396684
6,77,0.0337365
6,78,0.0286796
6,79,0.0243726
6,80,0.020707
6,81,0.017589
6,82,0.0149382
6,83,0.0126853
6,84,0.0107712
6,85,0.00914531
6,86,0.00776448
6,87,0.00659193
6,88,0.00559635
6,89,0.0047511
6,90,0.00403351
6,91,0.00342433
6,92,0.00290718
6,93,0.00246818
6,94,0.00209552
6,95,0.00177916
6,96,0.0015106
6,97,0.00128259
6,98,0.00108901
6,99,0.000924681
6,100,0.00078516
6,101,0.000666828
6,102,0.000566036
6,103,0.000480801
6,104,0.000407889
6,105,0.000346613
6,106,0.000296989
7,0,32.8251
7,1,14.2682
7,2,7.61796
7,3,4.5558
7,4,2.96018
7,5,2.04077
7,6,1.46468
7,7,1.09425
7,8,0.83643
7,9,0.650358
7,10,0.512393
7,11,0.408991
7,12,0.330623
7,13,0.272693
7,14,0.227746
7,15,0.192671
7,16,0.164867
7,17,0.142275
7,18,0.123647
7,19,0.108368
7,20,0.0954975
7,21,0.0845406
7,22,0.0751029
7,23,0.0669822
7,24,0.0599103
7,25,0.0537611
7,26,0.0484114
7,27,0.0437715
7,28,0.0397447
7,29,0.0362145
7,30,0.0331058
7,31,0.0304042
7,32,0.0281696
7,33,0.0263423
7,34,0.0247485
7,35,0.0233574
7,36,0.0221368
7,37,0.0210397
7,38,0.0200495
7,39,0.0191491
7,40,0.0183302
7,41,0.0175965
7,42,0.0169214
7,43,0.016301
7,44,0.0157344
7,45,0.0152096
7,46,0.014747
7,47,0.0143132
7,48,0.0139049
7,49,0.01352
7,50,0.0131606
7,51,0.0128244
7,52,0.0125041
7,53,0.012198
7,54,0.0119309
7,55,0.0116784
7,56,0.011439
7,57,0.0112099
7,58,0.0109944
7,59,0.0107853
7,60,0.0105814
7,61,0.0103821
7,62,0.0101892
7,63,0.010001
7,64,0.00981651
7,65,0.00963933
7,66,0.00947783
7,67,0.00932179
7,68,0.00917115
7,69,0.00902195
7,70,0.00887407
7,71,0.00872753
7,72,0.00858234
7,73,0.00843853
7,74,0.00829611
7,75,0.00815513
7,76,0.00801558
7,77,0.00787851
7,78,0.00774298
7,79,0.0076089
7,80,0.0074773
7,81,0.00734775
7,82,0.0072196
7,83,0.00709289
7,84,0.00696765
7,85,0.00684389
7,86,0.00672164
7,87,0.00660091
7,88,0.00648173
7,89,0.00636446
7,90,0.00624879
7,91,0.00613468
7,92,0.00602326
7,93,0.00591335
7,94,0.00580494
7,95,0.00569806
7,96,0.00559269
7,97,0.00548885
7,98,0.00538662
7,99,0.0052861
7,100,0.00518746
7,101,0.0050903
7,102,0.00499463
7,103,0.00490044
7,104,0.00480819
7,105,0.00471746
7,106,0.00462815
7,107,0.00454026
7,108,0.00445378
7,109,0.00436876
7,110,0.00428522
7,111,0.00420315
7,112,0.00412257
7,113,0.00404336
7,114,0.00396598
7,115,0.00388992
7,116,0.00381513
7,117,0.00374162
7,118,0.00366936
7,119,0.00359834
7,120,0.00352855
7,121,0.00345998
7,122,0.00339261
7,123,0.00332644
7,124,0.00326149
7,125,0.00319773
7,126,0.00313511
7,127,0.00307361
7,128,0.00301323
7,129,0.00295394
7,130,0.00289574
7,131,0.0028386
7,132,0.00278251
7,133,0.00272746
7,134,0.00267343
7,135,0.00262041
7,136,0.0025684
7,137,0.00251736
7,138,0.00246728
7,139,0.00241815
7,140,0.00236995
7,141,0.0023227
7,142,0.00227635
7,143,0.00223088
7,144,0.00218628
7,145,0.00214253
7,146,0.00209962
7,147,0.00205753
7,148,0.00201626
7,149,0.00197578
7,150,0.00193609
7,151,0.00189717
7,152,0.001859
7,153,0.00182157
7,154,0.00178488
7,155,0.0017489
7,156,0.00171363
7,157,0.00167904
7,158,0.00164514
7,159,0.0016119
7,160,0.00157932
7,161,0.00154738
7,162,0.00151607
7,163,0.00148537
7,164,0.00145529
7,165,0.0014258
7,166,0.0013969
7,167,0.00136857
7,168,0.0013408
7,169,0.0013136
7,170,0.00128694
7,171,0.00126082
7,172,0.00123521
7,173,0.00121012
7,174,0.00118553
7,175,0.00116143
7,176,0.00113781
7,177,0.00111466
7,178,0.00109198
7,179,0.00106977
7,180,0.00104801
7,181,0.00102668
7,182,0.00100578
7,183,0.0009853
7,184,0.000965231
7,185,0.000945566
7,186,0.000926297
7,187,0.000907416
7,188,0.000888915
7,189,0.000870787
7,190,0.000853025
7,191,0.000835622
7,192,0.00081857
7,193,0.000801862
7,194,0.000785492
7,195,0.000769453
7,196,0.000753739
7,197,0.000738343
7,198,0.000723259
7,199,0.00070848
7,200,0.000694001
7,201,0.000679815
7,202,0.000665917
7,203,0.000652301
7,204,0.000638962
7,205,0.000625893
7,206,0.00061309
7,207,0.000600547
7,208,0.000588259
7,209,0.000576221
7,210,0.000564428
7,211,0.000552874
7,212,0.000541556
7,213,0.000530468
7,214,0.000519606
7,215,0.000508965
7,216,0.000498541
7,217,0.00048833
7,218,0.000478326
7,219,0.000468527
7,220,0.000458927
7,221,0.000449523
7,222,0.000440311
7,223,0.000431287
7,224,0.000422447
7,225,0.000413788
7,226,0.000405305
7,227,0.000396996
7,228,0.000388856
7,229,0.000380883
7,230,0.000373072
7,231,0.000365421
7,232,0.000357927
7,233,0.000350585
7,234,0.000343394
7,235,0.00033635
7,236,0.00032945
7,237,0.000322691
7,238,0.00031607
7,239,0.000309585
7,240,0.000303232
7,241,0.00029701
7,242,0.000290914
7,243,0.000284944
7,244,0.000279096
7,245,0.000273367
7,246,0.000267756
7,247,0.00026226
7,248,0.000256876
7,249,0.000251603
7,250,0.000246437
7,251,0.000241378
7,252,0.000236422
7,253,0.000231567
7,254,0.000226812
7,255,0.000222155
7,256,0.000217593
7,257,0.000213125
7,258,0.000208748
7,259,0.000204461
7,260,0.000200261
8,0,35.5497
8,1,14.5668
8,2,7.59324
8,3,4.56896
8,4,2.96294
8,5,2.03386
8,6,1.43578
8,7,1.04404
8,8,0.802441
8,9,0.638464
8,10,0.527646
8,11,0.459139
8,12,0.419626
8,13,0.400709
8,14,0.388445
8,15,0.377261
8,16,0.364613
8,17,0.349803
8,18,0.331167
8,19,0.309529
8,20,0.286848
8,21,0.263322
8,22,0.239367
8,23,0.21655
8,24,0.195185
8,25,0.174999
8,26,0.156823
8,27,0.140553
8,28,0.126775
8,29,0.115033
8,30,0.104187
8,31,0.0943792
8,32,0.0859106
8,33,0.0782891
8,34,0.0716692
8,35,0.0659676
8,36,0.0609499
8,37,0.0563744
8,38,0.0521257
8,39,0.0481925
8,40,0.0445595
8,41,0.0412062
8,42,0.038108
8,43,0.0352621
8,44,0.0326317
8,45,0.0302042
8,46,0.0279773
8,47,0.0259229
8,48,0.0240273
8,49,0.0222749
8,50,0.0206551
8,51,0.0191576
8,52,0.0177732
8,53,0.016493
8,54,0.0153089
8,55,0.0142135
8,56,0.0131999
8,57,0.0122616
8,58,0.0113929
8,59,0.0105882
8,60,0.00984272
8,61,0.00915181
8,62,0.0085113
8,63,0.00791731
8,64,0.0073663
8,65,0.00685501
8,66,0.00638044
8,67,0.00593982
8,68,0.0055306
8,69,0.00515045
8,70,0.00479721
8,71,0.00446889
8,72,0.00416365
8,73,0.00387981
8,74,0.00361581
8,75,0.00337021
8,76,0.00314167
8,77,0.00292898
8,78,0.00273098
8,79,0.00254664
8,80,0.00237497
8,81,0.00221509
8,82,0.00206616
8,83,0.00192741
8,84,0.00179812
8,85,0.00167763
8,86,0.00156533
8,87,0.00146065
8,88,0.00136305
8,89,0.00127206
8,90,0.00118721
8,91,0.00110808
8,92,0.00103428
8,93,0.000965441
8,94,0.000901227
8,95,0.000841321
8,96,0.000785429
8,97,0.00073328
8,98,0.000684618
8,99,0.000639208
8,100,0.00059683
8,101,0.000557279
8,102,0.000520364
8,103,0.000485908
8,104,0.000453745
8,105,0.000423721
8,106,0.000395693
8,107,0.000369528
8,108,0.000345099
8,109,0.000322292
8,110,0.000300998
8,111,0.000281115
8,112,0.00026255
9,0,33.2728
9,1,14.3818
9,2,7.63026
9,3,4.68312
9,4,3.09338
9,5,2.15077
9,6,1.55064
9,7,1.16837
9,8,0.907724
9,9,0.745625
9,10,0.637202
9,11,0.562719
9,12,0.504407
9,13,0.457624
9,14,0.420182
9,15,0.388427
9,16,0.361783
9,17,0.33672
9,18,0.312889
9,19,0.289243
9,20,0.266327
9,21,0.245702
9,22,0.227516
9,23,0.209441
9,24,0.192788
9,25,0.17705
9,26,0.162194
9,27,0.148672
9,28,0.136658
9,29,0.125685
9,30,0.115196
9,31,0.105923
9,32,0.0975762
9,33,0.0903217
9,34,0.083547
9,35,0.0772944
9,36,0.0714497
9,37,0.0659924
9,38,0.0609048
9,39,0.0561799
9,40,0.0518048
9,41,0.0477727
9,42,0.0440931
9,43,0.0407015
9,44,0.0375738
9,45,0.0346919
9,46,0.032039
9,47,0.0296006
9,48,0.0273566
9,49,0.0252945
9,50,0.0233956
9,51,0.0216469
9,52,0.0200463
9,53,0.0185719
9,54,0.0172113
9,55,0.0159556
9,56,0.0147962
9,57,0.0137255
9,58,0.0127362
9,59,0.0118218
9,60,0.0109763
9,61,0.0101943
9,62,0.0094706
9,63,0.00880071
9,64,0.00818034
9,65,0.00760563
9,66,0.00707301
9,67,0.00657922
9,68,0.00612127
9,69,0.00569641
9,70,0.00530213
9,71,0.00493609
9,72,0.00459618
9,73,0.00428044
9,74,0.00398706
9,75,0.00371438
9,76,0.00346088
9,77,0.00322514
9,78,0.00300588
9,79,0.00280189
9,80,0.00261207
9,81,0.00243539
9,82,0.00227092
9,83,0.00211777
9,84,0.00197516
9,85,0.00184232
9,86,0.00171856
9,87,0.00160326
9,88,0.00149581
9,89,0.00139567
9,90,0.00130232
9,91,0.0012153
9,92,0.00113417
9,93,0.00105851
9,94,0.000987971
9,95,0.00092218
9,96,0.000860814
9,97,0.000803569
9,98,0.000750164
9,99,0.000700338
9,100,0.000653847
9,101,0.000610465
9,102,0.000569981
9,103,0.0005322
9,104,0.000496938
9,105,0.000464026
9,106,0.000433306
9,107,0.00040463
9,108,0.000377861
9,109,0.000352871
9,110,0.000329541
9,111,0.00030776
9,112,0.000287424
9,113,0.000268436
9,114,0.000250707
