1 -2.26218 1 (0.152307, 0) (0.178964, -0) (0.0657006, 0) (0.178964, -0) (0.152307, 0) (0.374436, -0) (0.251686, -0) (0.178964, -0) (0.152307, 0) (0.251686, -0) (0.152307, 0) (0.374436, -0) (0.212252, 0) (0.152307, 0) (0.178964, -0) (0.0657006, 0) (0.178964, -0) (0.374436, -0) (0.152307, 0) (0.251686, -0) (0.178964, -0) (0.0657006, 0) 
0 -2.07915 1 (-0.297501, 0) (-0.0811591, 0) (-0.139925, 0) (-0.0811591, 0) (-0.297501, 0) (-0.201893, 0) (-0.110234, 0) (-0.0811591, 0) (-0.297501, 0) (-0.110234, 0) (-0.297501, 0) (-0.201893, 0) (-0.460397, 0) (-0.297501, 0) (-0.0811591, 0) (-0.139925, 0) (-0.0811591, 0) (-0.201893, 0) (-0.297501, 0) (-0.110234, 0) (-0.0811591, 0) (-0.139925, 0) 
1 -1.36618 1 (-0.114923, 0) (-0.270892, 0) (-0.125172, 0) (-0.369492, 0) (-0.202314, 0) (-0.302552, 0) (-0.330234, 0) (-0.100815, 0) (-0.087778, 0) (0.00410664, 0) (0.11853, 0) (0.306362, 0) (-2.17874e-16, 0) (0.202701, 0) (0.371707, 0) (0.126748, 0) (0.27674, 0) (-0.00380978, 0) (0.0837833, 0) (0.326127, 0) (0.0927515, 0) (-0.00157619, 0) 
1 -1.36618 1 (0.167708, 0) (0.272811, 0) (0.0740883, 0) (0.106226, 0) (0.0200612, 0) (0.179078, 0) (-0.185919, 0) (-0.371004, 0) (-0.18338, 0) (0.37895, 0) (0.165178, 0) (0.172479, 0) (-1.17376e-15, 0) (0.0156722, 0) (0.0981935, 0) (0.0713582, 0) (0.266876, 0) (-0.351557, 0) (-0.185239, 0) (-0.193032, 0) (-0.373102, 0) (-0.145447, 0) 
0 -1.11695 1 (-0.398028, 0) (-0.134795, 0) (-0.280443, 0) (-0.0905876, 0) (-0.175518, 0) (-0.117743, 0) (0.0388514, 0) (0.152789, 0) (0.371377, 0) (-0.131797, 0) (-0.266393, 0) (-0.0492167, 0) (-3.10574e-16, 0) (0.0266514, 0) (-0.0179946, 0) (-0.117225, 0) (-0.0762151, 0) (0.16696, 0) (0.441911, 0) (0.0929459, 0) (0.166803, 0) (0.397668, 0) 
0 -1.11695 1 (0.199027, 0) (0.0986022, 0) (0.297273, 0) (0.140306, 0) (0.40894, 0) (0.12481, 0) (0.129756, 0) (0.0674345, 0) (0.245189, 0) (-0.0312315, 0) (-0.356473, 0) (-0.164374, 0) (-5.50672e-16, 0) (-0.444216, 0) (-0.166037, 0) (-0.391507, 0) (-0.148604, 0) (0.0395639, 0) (-0.052467, 0) (-0.098524, 0) (0.00829799, 0) (0.0942338, 0) 
1 -0.369095 1 (-0.12729, 0) (-0.135326, 0) (0.0573233, 0) (0.407424, 0) (0.153325, 0) (0.038329, 0) (0.25721, 0) (-0.278447, 0) (-0.0223659, 0) (-0.486603, 0) (-0.120464, 0) (0.0429771, 0) (3.12099e-16, 0) (0.149656, 0) (0.413774, 0) (0.0642749, 0) (-0.108679, 0) (-0.0813061, 0) (-0.0328607, 0) (0.229392, 0) (-0.298746, 0) (-0.121598, 0) 
1 -0.369095 1 (-0.0993171, 0) (-0.399654, 0) (-0.107314, 0) (-0.109735, 0) (0.050578, 0) (-0.0717549, 0) (0.41338, 0) (0.317023, 0) (0.159895, 0) (0.0160608, 0) (0.107494, 0) (0.0690713, 0) (-5.7312e-16, 0) (-0.0605782, 0) (0.0826308, 0) (0.1033, 0) (0.407708, 0) (0.00268358, 0) (-0.158073, 0) (-0.429441, 0) (-0.297972, 0) (0.00401346, 0) 
1 -0.192691 1 (0.00772728, 0) (0.315836, 0) (0.134933, 0) (0.315836, 0) (0.00772728, 0) (-0.315735, 0) (0.0348219, 0) (0.315836, 0) (0.00772728, 0) (0.0348219, 0) (0.00772728, 0) (-0.315735, 0) (-0.209287, 0) (0.00772728, 0) (0.315836, 0) (0.134933, 0) (0.315836, 0) (-0.315735, 0) (0.00772728, 0) (0.0348219, 0) (0.315836, 0) (0.134933, 0) 
0 -0.157566 1 (-0.0226929, 0) (-0.104525, 0) (-0.466281, 0) (-0.104525, 0) (-0.0226929, 0) (0.100362, 0) (-0.0096856, 0) (-0.104525, 0) (-0.0226929, 0) (-0.0096856, 0) (-0.0226929, 0) (0.100362, 0) (0.498603, 0) (-0.0226929, 0) (-0.104525, 0) (-0.466281, 0) (-0.104525, 0) (0.100362, 0) (-0.0226929, 0) (-0.0096856, 0) (-0.104525, 0) (-0.466281, 0) 
0 -0.0109049 1 (0.351345, 0) (0.0107948, 0) (-0.301433, 0) (-0.129565, 0) (-0.297638, 0) (0.0120379, 0) (-0.0479452, 0) (0.106633, 0) (0.0755752, 0) (0.172498, 0) (0.447594, 0) (0.00463387, 0) (7.86506e-19, 0) (-0.42692, 0) (-0.117428, 0) (-0.116033, 0) (0.0717087, 0) (-0.0166718, 0) (-0.149956, 0) (-0.124553, 0) (0.057856, 0) (0.417466, 0) 
0 -0.0109049 1 (0.290116, 0) (0.129362, 0) (0.308016, 0) (-0.00799785, 0) (-0.344996, 0) (-0.0123008, 0) (-0.171502, 0) (-0.0740295, 0) (-0.449332, 0) (0.0442293, 0) (-0.085264, 0) (0.0165756, 0) (-1.5239e-15, 0) (0.159216, 0) (-0.0553323, 0) (-0.415057, 0) (-0.108207, 0) (-0.00427473, 0) (0.43026, 0) (0.127273, 0) (0.116205, 0) (0.10704, 0) 
1 0.399009 1 (-0.0924675, 0) (-0.397639, 0) (8.46487e-16, 0) (0.397639, 0) (0.0924675, 0) (-2.55735e-15, 0) (-2.99429e-15, 0) (-0.397639, 0) (-0.0924675, 0) (-3.78251e-16, 0) (0.0924675, 0) (1.50206e-15, 0) (-9.35276e-18, 0) (-0.0924675, 0) (-0.397639, 0) (-4.33865e-16, 0) (0.397639, 0) (7.81544e-16, 0) (0.0924675, 0) (2.32573e-15, 0) (0.397639, 0) (-3.17232e-17, 0) 
1 0.586388 1 (-0.0384335, 0) (0.131556, 0) (0.0598958, 0) (0.131556, 0) (-0.0384335, 0) (0.200889, 0) (-0.495054, 0) (0.131556, 0) (-0.0384335, 0) (-0.495054, 0) (-0.0384335, 0) (0.200889, 0) (0.142228, 0) (-0.0384335, 0) (0.131556, 0) (0.0598958, 0) (0.131556, 0) (0.200889, 0) (-0.0384335, 0) (-0.495054, 0) (0.131556, 0) (0.0598958, 0) 
0 0.635103 1 (0.321848, -0) (-0.0431356, 0) (-0.510974, 0) (-0.0359406, 0) (0.353394, 0) (0.159925, -0) (-0.0120687, 0) (-0.028373, 0) (-0.406404, 0) (-0.014864, 0) (-0.387136, 0) (-0.0716634, 0) (-1.43125e-15, 0) (0.0845559, 0) (0.0715086, -0) (0.22897, -0) (-0.0360741, 0) (-0.0882619, 0) (0.0337414, -0) (0.0269327, -0) (0.0720147, -0) (0.282004, 0) 
0 0.635103 1 (-0.283456, 0) (-0.0576667, 0) (0.0306189, 0) (0.0624051, 0) (0.242993, -0) (-0.00958314, 0) (0.0241314, 0) (0.0661899, 0) (-0.137001, 0) (-0.0225175, 0) (0.184552, 0) (0.143291, 0) (-5.02431e-15, 0) (0.420456, -0) (-0.00852319, 0) (-0.457826, 0) (-0.062328, 0) (-0.133708, 0) (-0.427545, 0) (-0.00161388, 0) (-7.71002e-05, 0) (0.427207, -0) 
1 0.646537 1 (-0.0934935, 0) (0.0951161, 0) (0.106892, 0) (0.372062, 0) (-0.0544817, 0) (-0.488232, 0) (-0.113123, 0) (0.277537, 0) (0.0394372, 0) (-0.000363275, 0) (0.0934452, 0) (0.48667, 0) (-7.16992e-16, 0) (0.0540563, 0) (-0.372653, 0) (-0.10655, 0) (-0.09303, 0) (0.00156286, 0) (-0.0389635, 0) (0.113486, 0) (-0.279032, 0) (-0.000342167, 0) 
1 0.646537 1 (0.00844035, 0) (-0.375387, 0) (-0.061319, 0) (0.107388, 0) (0.0764462, 0) (0.280077, 0) (-0.065731, 0) (0.270066, 0) (-0.085188, 0) (0.130833, 0) (0.00895941, 0) (0.282783, 0) (2.11705e-15, 0) (0.0767476, 0) (0.105321, 0) (-0.0619117, 0) (-0.375909, 0) (-0.56286, 0) (-0.0854056, 0) (-0.0651018, 0) (0.268521, 0) (0.123231, 0) 
0 0.862301 1 (0.397639, 0) (0.0924675, 0) (-3.34949e-14, 0) (-0.0924675, 0) (-0.397639, 0) (-4.4803e-15, 0) (1.26517e-14, 0) (0.0924675, 0) (0.397639, 0) (1.19881e-14, 0) (-0.397639, 0) (-4.89616e-15, 0) (-7.7479e-14, 0) (0.397639, 0) (0.0924675, 0) (-3.39005e-14, 0) (-0.0924675, 0) (-7.24369e-15, 0) (-0.397639, 0) (1.2591e-14, 0) (-0.0924675, 0) (-2.5359e-14, 0) 
0 0.886846 1 (-0.230023, 0) (0.00815111, 0) (0.265001, 0) (0.00815111, 0) (-0.230023, 0) (0.0474603, 0) (-0.10701, 0) (0.00815111, 0) (-0.230023, 0) (-0.10701, 0) (-0.230023, 0) (0.0474603, 0) (0.65601, 0) (-0.230023, 0) (0.00815111, 0) (0.265001, 0) (0.00815111, 0) (0.0474603, 0) (-0.230023, 0) (-0.10701, 0) (0.00815111, 0) (0.265001, 0) 
1 1.08693 1 (0.0285362, 0) (-0.240946, 0) (-0.0231764, 0) (0.143432, 0) (0.0199857, 0) (0.34665, 0) (-0.409229, 0) (0.369786, 0) (-0.00766084, 0) (0.00974, 0) (-0.0288296, 0) (-0.355101, 0) (4.61654e-17, 0) (-0.0208754, 0) (-0.12884, 0) (0.0237414, 0) (0.228731, 0) (0.00845171, 0) (0.00884386, 0) (0.399489, 0) (-0.372163, 0) (-0.000565066, 0) 
1 1.08693 1 (-0.00762942, 0) (-0.287881, 0) (0.0140334, 0) (0.346926, 0) (-0.0217508, 0) (-0.209897, 0) (-0.225022, 0) (-0.0647244, 0) (0.0285278, 0) (0.466914, 0) (-0.00643275, 0) (-0.195259, 0) (3.48439e-16, 0) (-0.0208984, 0) (0.352606, 0) (0.0130546, 0) (-0.297679, 0) (0.405156, 0) (0.0281835, 0) (-0.241892, 0) (-0.0492471, 0) (-0.027088, 0) 
0 12.4131 0 (0.0282385, 0) (0.251301, 0) (-0.0226483, 0) (-0.156009, 0) (0.0191778, 0) (-0.338751, 0) (0.417176, 0) (-0.367174, 0) (-0.00661364, 0) (-0.0267893, 0) (-0.0290453, 0) (0.361997, 0) (1.27836e-16, 0) (-0.0216248, 0) (0.115874, 0) (0.0242025, 0) (-0.217704, 0) (-0.0232459, 0) (0.00986747, 0) (-0.390387, 0) (0.373714, 0) (-0.00155418, 0) 
0 12.4131 0 (0.00866672, 0) (-0.278888, 0) (-0.0148706, 0) (0.341455, 0) (0.0224663, 0) (-0.22242, 0) (-0.209923, 0) (-0.0781891, 0) (-0.0287886, 0) (0.466247, 0) (0.00537534, 0) (-0.182157, 0) (8.57585e-16, 0) (0.0201219, 0) (0.357077, 0) (-0.0121787, 0) (-0.305836, 0) (0.404577, 0) (-0.0278416, 0) (-0.256323, 0) (-0.0356196, 0) (0.0270493, 0) 
1 12.6132 0 (0.230023, 0) (0.00815111, 0) (-0.265001, 0) (0.00815111, 0) (0.230023, 0) (0.0474603, 0) (-0.10701, 0) (0.00815111, 0) (0.230023, 0) (-0.10701, 0) (0.230023, 0) (0.0474603, 0) (-0.65601, 0) (0.230023, 0) (0.00815111, 0) (-0.265001, 0) (0.00815111, 0) (0.0474603, 0) (0.230023, 0) (-0.10701, 0) (0.00815111, 0) (-0.265001, 0) 
1 12.6377 0 (-0.397639, 0) (0.0924675, 0) (7.44961e-15, 0) (-0.0924675, 0) (0.397639, 0) (-5.5184e-16, 0) (1.88701e-15, 0) (0.0924675, 0) (-0.397639, 0) (1.60813e-15, 0) (0.397639, 0) (-7.70911e-16, 0) (1.07963e-14, 0) (-0.397639, 0) (0.0924675, 0) (2.06964e-15, 0) (-0.0924675, 0) (-1.2528e-15, 0) (0.397639, 0) (1.63544e-15, 0) (-0.0924675, 0) (3.45015e-15, 0) 
0 12.8535 0 (-0.0512514, 0) (0.235918, 0) (0.018019, 0) (-0.314671, 0) (0.026307, 0) (0.0823021, 0) (0.121652, 0) (-0.383908, 0) (-0.0424858, 0) (-0.102522, 0) (0.064886, 0) (-0.523365, 0) (2.09976e-15, 0) (0.0937372, 0) (0.14799, 0) (-0.114584, 0) (0.352805, 0) (0.441063, 0) (-0.091193, 0) (-0.0191305, 0) (-0.0381345, 0) (0.0965648, 0) 
0 12.8535 0 (-0.0786484, 0) (-0.307092, 0) (0.121907, 0) (-0.225709, 0) (-0.0901123, 0) (0.556813, 0) (0.048146, 0) (-0.0507652, 0) (0.0837092, 0) (0.0812811, 0) (0.0678387, 0) (-0.207131, 0) (-2.27509e-15, 0) (-0.00506081, 0) (0.357857, 0) (-0.0453485, 0) (-0.159658, 0) (-0.349682, 0) (0.0222736, 0) (-0.129427, 0) (0.385368, 0) (-0.0765582, 0) 
1 12.8649 0 (0.0672032, 0) (-0.0717985, 0) (0.247594, 0) (0.0334819, 0) (-0.394394, 0) (0.0774922, 0) (0.013926, 0) (0.040729, 0) (0.333226, 0) (-0.0269763, 0) (0.0512854, 0) (0.0826918, 0) (-7.96068e-15, 0) (-0.40043, 0) (0.0310695, 0) (0.264207, 0) (-0.071957, 0) (-0.160184, 0) (0.343108, 0) (0.0130503, 0) (0.0384751, 0) (-0.511801, 0) 
1 12.8649 0 (0.423576, 0) (0.00557692, 0) (-0.448028, 0) (0.063758, 0) (0.168484, 0) (-0.140224, 0) (0.0231094, 0) (0.0593908, 0) (-0.269988, 0) (0.000505553, 0) (-0.425797, 0) (0.137222, 0) (-3.0455e-15, 0) (-0.153589, 0) (-0.0649678, 0) (0.438437, 0) (-0.00288284, 0) (0.00300195, 0) (0.257313, 0) (-0.0236149, 0) (-0.0608752, 0) (0.00959148, 0) 
0 12.9136 0 (0.0384335, 0) (0.131556, 0) (-0.0598958, 0) (0.131556, 0) (0.0384335, 0) (0.200889, 0) (-0.495054, 0) (0.131556, 0) (0.0384335, 0) (-0.495054, 0) (0.0384335, 0) (0.200889, 0) (-0.142228, 0) (0.0384335, 0) (0.131556, 0) (-0.0598958, 0) (0.131556, 0) (0.200889, 0) (0.0384335, 0) (-0.495054, 0) (0.131556, 0) (-0.0598958, 0) 
0 13.101 0 (-0.0924675, 0) (0.397639, 0) (6.45334e-16, 0) (-0.397639, 0) (0.0924675, 0) (-1.28946e-15, 0) (6.93447e-15, 0) (0.397639, 0) (-0.0924675, 0) (-7.31817e-16, 0) (0.0924675, 0) (-3.00098e-15, 0) (-7.43781e-16, 0) (-0.0924675, 0) (0.397639, 0) (5.57351e-16, 0) (-0.397639, 0) (8.76055e-15, 0) (0.0924675, 0) (1.94315e-15, 0) (-0.397639, 0) (3.38739e-15, 0) 
1 13.5109 0 (-0.414717, 0) (0.0440737, 0) (0.210932, 0) (-0.127185, 0) (0.377134, 0) (0.00842373, 0) (-0.0909071, 0) (0.0837052, 0) (0.0439098, 0) (0.178065, 0) (-0.410006, 0) (0.0087861, 0) (-1.05257e-16, 0) (0.370807, 0) (-0.127779, 0) (0.220006, 0) (0.0410924, 0) (-0.0172098, 0) (0.0328717, 0) (-0.0871577, 0) (0.0860924, 0) (-0.430939, 0) 
1 13.5109 0 (-0.188734, 0) (0.1221, 0) (-0.375823, 0) (0.0259808, 0) (0.255696, 0) (-0.0150088, 0) (-0.153126, 0) (-0.0992191, 0) (0.453522, 0) (-0.00216469, 0) (0.19876, 0) (0.0147995, 0) (-6.40047e-15, 0) (-0.264788, 0) (-0.0228812, 0) (0.370585, 0) (-0.123136, 0) (0.000209216, 0) (-0.454456, 0) (0.155291, 0) (0.0971549, 0) (0.00523883, 0) 
1 13.6576 0 (-0.0226929, 0) (0.104525, 0) (-0.466281, 0) (0.104525, 0) (-0.0226929, 0) (-0.100362, 0) (0.0096856, 0) (0.104525, 0) (-0.0226929, 0) (0.0096856, 0) (-0.0226929, 0) (-0.100362, 0) (0.498603, 0) (-0.0226929, 0) (0.104525, 0) (-0.466281, 0) (0.104525, 0) (-0.100362, 0) (-0.0226929, 0) (0.0096856, 0) (0.104525, 0) (-0.466281, 0) 
0 13.6927 0 (0.00772728, 0) (-0.315836, 0) (0.134933, 0) (-0.315836, 0) (0.00772728, 0) (0.315735, 0) (-0.0348219, 0) (-0.315836, 0) (0.00772728, 0) (-0.0348219, 0) (0.00772728, 0) (0.315735, 0) (-0.209287, 0) (0.00772728, 0) (-0.315836, 0) (0.134933, 0) (-0.315836, 0) (0.315735, 0) (0.00772728, 0) (-0.0348219, 0) (-0.315836, 0) (0.134933, 0) 
0 13.8691 0 (-0.0568094, 0) (-0.0929725, 0) (0.104878, 0) (-0.404856, 0) (0.104442, 0) (-0.0701265, 0) (-0.00386326, 0) (0.402919, 0) (-0.102475, 0) (0.423558, 0) (-0.158846, 0) (-0.00064551, 0) (-2.77361e-15, 0) (0.159285, 0) (-0.309947, 0) (0.000965399, 0) (0.305364, 0) (0.070772, 0) (0.0544039, 0) (-0.419695, 0) (0.0994922, 0) (-0.105844, 0) 
0 13.8691 0 (0.151127, 0) (-0.411573, 0) (0.0616664, 0) (0.11886, 0) (-0.12312, 0) (-0.0412329, 0) (0.486852, 0) (0.12527, 0) (-0.124762, 0) (-0.24008, 0) (-0.0288897, 0) (0.0813478, 0) (-7.97751e-16, 0) (-0.0263653, 0) (0.286303, 0) (-0.121661, 0) (0.291186, 0) (-0.0401149, 0) (0.15201, 0) (-0.246772, 0) (-0.410046, 0) (0.0599942, 0) 
1 14.617 0 (0.248145, 0) (-0.114982, 0) (0.330599, 0) (-0.15071, 0) (0.427978, 0) (-0.138802, 0) (-0.123744, 0) (-0.0474065, 0) (0.195844, 0) (0.0141749, 0) (-0.319604, 0) (0.156758, 0) (-5.6064e-16, 0) (-0.443989, 0) (0.162388, 0) (-0.373369, 0) (0.137676, 0) (-0.0179567, 0) (-0.108375, 0) (0.109569, 0) (0.013034, 0) (0.0427696, 0) 
1 14.617 0 (-0.369408, 0) (0.121125, 0) (-0.240258, 0) (0.071962, 0) (-0.121953, 0) (0.100872, 0) (-0.0550758, 0) (-0.160139, 0) (0.399604, 0) (0.134703, 0) (-0.309663, 0) (0.0697698, 0) (-4.46109e-16, 0) (-0.0301955, 0) (0.0390145, 0) (-0.166179, 0) (0.0945376, 0) (-0.170642, 0) (0.431617, 0) (-0.0796275, 0) (-0.1665, 0) (0.406436, 0) 
0 14.8662 0 (-0.202517, 0) (0.370607, 0) (-0.125958, 0) (0.273794, 0) (-0.11671, 0) (0.30445, 0) (-5.3305e-05, 0) (-0.27387, 0) (0.116757, 0) (0.328226, 0) (-0.0858116, 0) (4.94518e-05, 0) (-3.2229e-16, 0) (0.0857597, 0) (-0.0967368, 0) (-2.04592e-05, 0) (0.0968415, 0) (-0.3045, 0) (0.202522, 0) (-0.328173, 0) (-0.370635, 0) (0.125978, 0) 
0 14.8662 0 (-0.0178962, 0) (0.102268, 0) (-0.0727453, 0) (0.269898, 0) (-0.166469, 0) (0.175832, 0) (0.378973, 0) (0.269821, 0) (-0.166436, 0) (-0.18944, 0) (0.184309, 0) (-0.351578, 0) (-2.04275e-17, 0) (0.184333, 0) (-0.372089, 0) (0.145455, 0) (-0.372061, 0) (0.175746, 0) (-0.0178393, 0) (-0.189532, 0) (0.102164, 0) (-0.0727098, 0) 
1 15.5792 0 (0.297501, -0) (-0.0811591, 0) (0.139925, -0) (-0.0811591, 0) (0.297501, -0) (-0.201893, 0) (-0.110234, 0) (-0.0811591, 0) (0.297501, -0) (-0.110234, 0) (0.297501, -0) (-0.201893, 0) (0.460397, -0) (0.297501, -0) (-0.0811591, 0) (0.139925, -0) (-0.0811591, 0) (-0.201893, 0) (0.297501, -0) (-0.110234, 0) (-0.0811591, 0) (0.139925, -0) 
0 15.7622 0 (0.152307, 0) (-0.178964, 0) (0.0657006, 0) (-0.178964, 0) (0.152307, 0) (-0.374436, 0) (-0.251686, 0) (-0.178964, 0) (0.152307, 0) (-0.251686, 0) (0.152307, 0) (-0.374436, 0) (0.212252, 0) (0.152307, 0) (-0.178964, 0) (0.0657006, 0) (-0.178964, 0) (-0.374436, 0) (0.152307, 0) (-0.251686, 0) (-0.178964, 0) (0.0657006, 0) 
