1 -4.56134 1 (0.253526, -0) (0.146457, -0) (0.103964, -0) (0.136992, -0) (0.23434, -0) (0.319101, -0) (0.16258, -0) (0.104434, -0) (0.225046, -0) (0.225978, -0) (0.252992, -0) (0.31859, -0) (0.361003, -0) (0.232168, -0) (0.133279, -0) (0.102181, -0) (0.143463, -0) (0.311222, -0) (0.224356, -0) (0.158985, -0) (0.104153, -0) (0.0841123, -0) 
0 -4.55921 1 (0.223835, 0) (0.110205, 0) (0.0888257, 0) (0.116438, 0) (0.238187, 0) (0.313115, 0) (0.198765, 0) (0.155662, 0) (0.249259, 0) (0.147527, 0) (0.224136, 0) (0.313746, 0) (0.357649, 0) (0.240861, 0) (0.119532, 0) (0.0901658, 0) (0.11216, 0) (0.320709, 0) (0.250679, 0) (0.204256, 0) (0.156366, 0) (0.111514, 0) 
1 -3.27941 1 (-0.292701, 0) (-0.216431, 0) (-0.13283, 0) (-0.0826536, 0) (-0.0320413, 0) (-0.120199, 0) (0.133474, 0) (0.233362, 0) (0.345814, 0) (-0.322791, 0) (-0.277563, 0) (-0.103652, 0) (0.0620599, 0) (-0.0105813, 0) (-0.0621716, 0) (-0.115866, 0) (-0.196623, 0) (0.357512, 0) (0.353328, 0) (0.143007, 0) (0.236256, 0) (0.234214, 0) 
0 -3.27406 1 (-0.318346, 0) (-0.200775, 0) (-0.1557, 0) (-0.122393, 0) (-0.129779, 0) (-0.237712, 0) (0.0795308, 0) (0.304838, 0) (0.286964, 0) (-0.221868, 0) (-0.249758, 0) (-0.15119, 0) (-0.0610081, 0) (-0.013693, 0) (-0.0462223, 0) (-0.0923118, 0) (-0.147045, 0) (0.256303, 0) (0.337412, 0) (0.167686, 0) (0.332476, 0) (0.274453, 0) 
0 -3.26355 1 (0.174036, 0) (0.151797, 0) (0.183778, 0) (0.228933, 0) (0.349314, 0) (0.242181, 0) (0.28272, 0) (0.137837, 0) (0.208352, 0) (-0.0336478, 0) (-0.260061, 0) (-0.298098, 0) (-0.00558611, 0) (-0.37292, 0) (-0.261099, 0) (-0.224861, 0) (-0.208803, 0) (0.043797, 0) (-0.106668, 0) (-0.248928, 0) (-0.0336001, 0) (0.0449639, 0) 
1 -3.24894 1 (-0.210881, 0) (-0.227438, 0) (-0.233725, 0) (-0.296188, 0) (-0.353745, 0) (-0.258776, 0) (-0.207001, 0) (-0.0557358, 0) (-0.130539, 0) (0.0135041, 0) (0.234586, 0) (0.272318, 0) (0.00201688, 0) (0.354298, 0) (0.293437, 0) (0.239196, 0) (0.238124, 0) (-0.00922059, 0) (0.108994, 0) (0.194218, 0) (0.0410527, 0) (-0.00736437, 0) 
1 -1.76873 1 (-0.256009, 0) (-0.0513131, 0) (0.183831, 0) (0.362378, 0) (0.33626, 0) (0.0289905, 0) (0.148587, 0) (-0.137592, 0) (-0.0700948, 0) (-0.411195, 0) (-0.240369, 0) (0.0368135, 0) (-0.0331162, 0) (0.333184, 0) (0.359006, 0) (0.196111, 0) (-0.0307041, 0) (-0.118599, 0) (-0.0829485, 0) (0.136205, 0) (-0.144164, 0) (-0.194909, 0) 
0 -1.74797 1 (0.225221, 0) (0.250826, 0) (0.225229, 0) (0.0893486, 0) (-0.0673261, 0) (0.102302, 0) (-0.299151, 0) (-0.291731, 0) (-0.354828, 0) (-0.0132448, 0) (-0.251649, 0) (-0.0960975, 0) (0.00339258, 0) (0.0963439, 0) (-0.0762845, 0) (-0.228175, 0) (-0.272462, 0) (-0.000747937, 0) (0.350214, 0) (0.327081, 0) (0.260886, 0) (-0.0175561, 0) 
0 -1.5775 1 (-0.275461, 0) (-0.258442, 0) (-0.172349, 0) (0.00901577, 0) (0.187713, 0) (0.134833, 0) (0.144023, 0) (-0.306605, 0) (0.00643671, 0) (-0.2747, 0) (-0.255312, 0) (0.143139, 0) (0.291811, 0) (0.180739, 0) (0.0174703, 0) (-0.151651, 0) (-0.239682, 0) (0.172907, 0) (-0.0268364, 0) (0.118191, 0) (-0.334402, 0) (-0.378449, 0) 
1 -1.56035 1 (-0.0733285, 0) (-0.264702, 0) (-0.278577, 0) (-0.185186, 0) (0.0270868, 0) (0.254882, 0) (-0.028291, 0) (-0.243868, 0) (-0.0755813, 0) (-0.108693, 0) (-0.0494928, 0) (0.252149, 0) (0.440982, 0) (-0.00204737, 0) (-0.183831, 0) (-0.254793, 0) (-0.223044, 0) (0.161967, 0) (-0.123669, 0) (-0.0714291, 0) (-0.26968, 0) (-0.375292, 0) 
1 -1.50779 1 (-0.199405, 0) (-0.307212, 0) (-0.203034, 0) (-0.0167268, 0) (0.180644, 0) (-0.0325187, 0) (0.32186, 0) (0.215016, 0) (0.3648, 0) (0.0213356, 0) (0.223098, 0) (-0.00173664, 0) (-0.0309691, 0) (-0.194777, 0) (0.023504, 0) (0.227158, 0) (0.33482, 0) (-0.0121239, 0) (-0.351689, 0) (-0.313962, 0) (-0.176511, 0) (0.0285446, 0) 
0 -1.50769 1 (-0.17014, 0) (0.0780737, 0) (0.303402, 0) (0.35317, 0) (0.289315, 0) (-0.143331, 0) (0.226367, 0) (0.00462808, 0) (0.00998398, 0) (-0.176362, 0) (-0.166064, 0) (-0.14642, 0) (-0.332393, 0) (0.280024, 0) (0.35947, 0) (0.309204, 0) (0.0856064, 0) (-0.215236, 0) (-0.00988048, 0) (0.211663, 0) (-0.0121141, 0) (-0.00448826, 0) 
0 -0.238204 1 (-0.0100782, 0) (-0.278969, 0) (-0.33492, 0) (-0.0396011, 0) (0.287078, 0) (0.273118, 0) (0.0643387, 0) (-0.316799, 0) (-0.232261, 0) (-0.00372304, 0) (0.00473135, 0) (-0.267268, 0) (0.000874787, 0) (-0.278658, 0) (0.0408571, 0) (0.326419, 0) (0.275524, 0) (-0.00493178, 0) (0.226091, 0) (-0.0652105, 0) (0.322816, 0) (0.0050238, 0) 
1 -0.212845 1 (0.0416952, 0) (0.264012, 0) (0.17753, 0) (-0.0659103, 0) (-0.234144, 0) (-0.185348, 0) (0.0102033, 0) (-0.190748, 0) (0.246542, 0) (-0.0320852, 0) (-0.0619379, 0) (-0.233732, 0) (-0.00209903, 0) (-0.18031, 0) (0.0580963, 0) (0.232485, 0) (0.197127, 0) (0.416943, 0) (0.169747, 0) (-0.0083767, 0) (-0.247394, 0) (-0.504007, 0) 
1 -0.183731 1 (-0.32363, 0) (-0.209275, 0) (0.152112, 0) (0.377373, 0) (0.167967, 0) (-0.152444, 0) (-0.0538155, 0) (-0.233629, 0) (-0.232775, 0) (0.00367694, 0) (0.32591, 0) (0.082964, 0) (-0.00270478, 0) (-0.237368, 0) (-0.373607, 0) (-0.0941312, 0) (0.271284, 0) (0.0667561, 0) (0.301076, 0) (0.0509595, 0) (0.164904, 0) (-0.0800486, 0) 
0 -0.145133 1 (0.400329, 0) (0.101954, 0) (-0.277758, 0) (-0.356577, 0) (-0.14073, 0) (0.261232, 0) (-0.0458172, 0) (0.189591, 0) (0.103273, 0) (0.00330209, 0) (-0.3957, 0) (-0.231208, 0) (-0.00282147, 0) (0.17028, 0) (0.357336, 0) (0.235119, 0) (-0.137551, 0) (-0.0328871, 0) (-0.134627, 0) (0.046204, 0) (-0.159132, 0) (0.0261844, 0) 
0 -0.0831808 1 (-0.0368187, 0) (-0.225539, 0) (-0.229154, 0) (0.0207291, 0) (0.253006, 0) (0.202808, 0) (0.0244405, 0) (0.201622, 0) (-0.233586, 0) (-0.0101312, 0) (0.0228505, 0) (0.247391, 0) (-0.0214914, 0) (0.237181, 0) (-0.0302768, 0) (-0.270836, 0) (-0.21668, 0) (-0.471511, 0) (-0.224092, 0) (0.017483, 0) (0.216456, 0) (0.366632, 0) 
1 -0.0685275 1 (0.172049, 0) (-0.208525, 0) (-0.334054, 0) (-0.146382, 0) (0.216142, 0) (0.390744, 0) (-0.0333934, 0) (-0.189387, 0) (-0.254932, 0) (0.000783476, 0) (-0.171596, 0) (-0.381682, 0) (0.00106303, 0) (-0.208081, 0) (0.148786, 0) (0.33375, 0) (0.199768, 0) (-0.00803627, 0) (0.246315, 0) (0.0316639, 0) (0.197078, 0) (0.00942749, 0) 
1 0.1956 1 (0.100061, 0) (-0.176037, 0) (-0.219606, 0) (-0.035794, 0) (0.194275, 0) (-0.125561, 0) (0.331974, 0) (-0.10455, 0) (0.158871, 0) (0.398241, 0) (0.0909458, 0) (-0.128184, 0) (-0.407135, 0) (0.201575, 0) (-0.0267534, 0) (-0.221555, 0) (-0.182955, 0) (-0.0991236, 0) (0.16479, 0) (0.330158, 0) (-0.0994983, 0) (-0.284172, 0) 
0 0.207579 1 (0.209236, 0) (-0.0434242, 0) (-0.255769, 0) (-0.15763, 0) (0.0913627, 0) (-0.125952, 0) (0.36329, 0) (-0.108417, 0) (0.158181, 0) (0.333592, 0) (0.214775, 0) (-0.128968, 0) (-0.407949, 0) (0.0827091, 0) (-0.167003, 0) (-0.250359, 0) (-0.0343212, 0) (-0.105693, 0) (0.153741, 0) (0.368872, 0) (-0.116746, 0) (-0.218048, 0) 
0 2.13354 1 (-0.0607526, 0) (-0.207983, 0) (-0.0137607, 0) (0.206981, 0) (0.0819963, 0) (0.22073, 0) (-0.414664, 0) (0.406097, 0) (-0.0710405, 0) (-0.0170917, 0) (0.0512201, 0) (-0.211364, 0) (0.00943594, 0) (-0.0909267, 0) (-0.230354, 0) (0.023997, 0) (0.232533, 0) (-0.00775583, 0) (0.0600904, 0) (0.426433, 0) (-0.404307, 0) (0.00560535, 0) 
1 2.14069 1 (0.0483318, 0) (0.359726, 0) (-0.0631948, 0) (-0.375158, 0) (0.0679671, 0) (0.113659, 0) (0.272227, 0) (-0.0145447, 0) (0.0255076, 0) (-0.461523, 0) (0.0627929, 0) (0.127744, 0) (-0.0960724, 0) (0.0554729, 0) (-0.363395, 0) (-0.0650658, 0) (0.348682, 0) (-0.255459, 0) (0.0394711, 0) (0.243908, 0) (0.0146213, 0) (-0.0324611, 0) 
0 2.98931 0 (-0.0483318, 0) (0.359726, 0) (0.0631948, 0) (-0.375158, 0) (-0.0679671, 0) (0.113659, 0) (0.272227, 0) (-0.0145447, 0) (-0.0255076, 0) (-0.461523, 0) (-0.0627929, 0) (0.127744, 0) (0.0960724, 0) (-0.0554729, 0) (-0.363395, 0) (0.0650658, 0) (0.348682, 0) (-0.255459, 0) (-0.0394711, 0) (0.243908, 0) (0.0146213, 0) (0.0324611, 0) 
1 2.99646 0 (-0.0607526, 0) (0.207983, 0) (-0.0137607, 0) (-0.206981, 0) (0.0819963, 0) (-0.22073, 0) (0.414664, 0) (-0.406097, 0) (-0.0710405, 0) (0.0170917, 0) (0.0512201, 0) (0.211364, 0) (0.00943594, 0) (-0.0909267, 0) (0.230354, 0) (0.023997, 0) (-0.232533, 0) (0.00775583, 0) (0.0600904, 0) (-0.426433, 0) (0.404307, 0) (0.00560535, 0) 
1 4.92242 0 (0.209236, 0) (0.0434242, 0) (-0.255769, 0) (0.15763, 0) (0.0913627, 0) (0.125952, 0) (-0.36329, 0) (0.108417, 0) (0.158181, 0) (-0.333592, 0) (0.214775, 0) (0.128968, 0) (-0.407949, 0) (0.0827091, 0) (0.167003, 0) (-0.250359, 0) (0.0343212, 0) (0.105693, 0) (0.153741, 0) (-0.368872, 0) (0.116746, 0) (-0.218048, 0) 
0 4.9344 0 (0.100061, 0) (0.176037, 0) (-0.219606, 0) (0.035794, 0) (0.194275, 0) (0.125561, 0) (-0.331974, 0) (0.10455, 0) (0.158871, 0) (-0.398241, 0) (0.0909458, 0) (0.128184, 0) (-0.407135, 0) (0.201575, 0) (0.0267534, 0) (-0.221555, 0) (0.182955, 0) (0.0991236, 0) (0.16479, 0) (-0.330158, 0) (0.0994983, 0) (-0.284172, 0) 
0 5.19853 0 (0.172049, 0) (0.208525, 0) (-0.334054, 0) (0.146382, 0) (0.216142, 0) (-0.390744, 0) (0.0333934, 0) (0.189387, 0) (-0.254932, 0) (-0.000783476, 0) (-0.171596, 0) (0.381682, 0) (0.00106303, 0) (-0.208081, 0) (-0.148786, 0) (0.33375, 0) (-0.199768, 0) (0.00803627, 0) (0.246315, 0) (-0.0316639, 0) (-0.197078, 0) (0.00942749, 0) 
1 5.21318 0 (-0.0368187, 0) (0.225539, 0) (-0.229154, 0) (-0.0207291, 0) (0.253006, 0) (-0.202808, 0) (-0.0244405, 0) (-0.201622, 0) (-0.233586, 0) (0.0101312, 0) (0.0228505, 0) (-0.247391, 0) (-0.0214914, 0) (0.237181, 0) (0.0302768, 0) (-0.270836, 0) (0.21668, 0) (0.471511, 0) (-0.224092, 0) (-0.017483, 0) (-0.216456, 0) (0.366632, 0) 
1 5.27513 0 (-0.400329, 0) (0.101954, 0) (0.277758, 0) (-0.356577, 0) (0.14073, 0) (0.261232, 0) (-0.0458172, 0) (0.189591, 0) (-0.103273, 0) (0.00330209, 0) (0.3957, 0) (-0.231208, 0) (0.00282147, 0) (-0.17028, 0) (0.357336, 0) (-0.235119, 0) (-0.137551, 0) (-0.0328871, 0) (0.134627, 0) (0.046204, 0) (-0.159132, 0) (-0.0261844, 0) 
0 5.31373 0 (0.32363, 0) (-0.209275, 0) (-0.152112, 0) (0.377373, 0) (-0.167967, 0) (-0.152444, 0) (-0.0538155, 0) (-0.233629, 0) (0.232775, 0) (0.00367694, 0) (-0.32591, 0) (0.082964, 0) (0.00270478, 0) (0.237368, 0) (-0.373607, 0) (0.0941312, 0) (0.271284, 0) (0.0667561, 0) (-0.301076, 0) (0.0509595, 0) (0.164904, 0) (0.0800486, 0) 
0 5.34284 0 (-0.0416952, 0) (0.264012, 0) (-0.17753, 0) (-0.0659103, 0) (0.234144, 0) (-0.185348, 0) (0.0102033, 0) (-0.190748, 0) (-0.246542, 0) (-0.0320852, 0) (0.0619379, 0) (-0.233732, 0) (0.00209903, 0) (0.18031, 0) (0.0580963, 0) (-0.232485, 0) (0.197127, 0) (0.416943, 0) (-0.169747, 0) (-0.0083767, 0) (-0.247394, 0) (0.504007, 0) 
1 5.3682 0 (-0.0100782, 0) (0.278969, 0) (-0.33492, 0) (0.0396011, 0) (0.287078, 0) (-0.273118, 0) (-0.0643387, 0) (0.316799, 0) (-0.232261, 0) (0.00372304, 0) (0.00473135, 0) (0.267268, 0) (0.000874787, 0) (-0.278658, 0) (-0.0408571, 0) (0.326419, 0) (-0.275524, 0) (0.00493178, 0) (0.226091, 0) (0.0652105, 0) (-0.322816, 0) (0.0050238, 0) 
1 6.63769 0 (0.17014, 0) (0.0780737, 0) (-0.303402, 0) (0.35317, 0) (-0.289315, 0) (-0.143331, 0) (0.226367, 0) (0.00462808, 0) (-0.00998398, 0) (-0.176362, 0) (0.166064, 0) (-0.14642, 0) (0.332393, 0) (-0.280024, 0) (0.35947, 0) (-0.309204, 0) (0.0856064, 0) (-0.215236, 0) (0.00988048, 0) (0.211663, 0) (-0.0121141, 0) (0.00448826, 0) 
0 6.63779 0 (0.199405, 0) (-0.307212, 0) (0.203034, 0) (-0.0167268, 0) (-0.180644, 0) (-0.0325187, 0) (0.32186, 0) (0.215016, 0) (-0.3648, 0) (0.0213356, 0) (-0.223098, 0) (-0.00173664, 0) (0.0309691, 0) (0.194777, 0) (0.023504, 0) (-0.227158, 0) (0.33482, 0) (-0.0121239, 0) (0.351689, 0) (-0.313962, 0) (-0.176511, 0) (-0.0285446, 0) 
0 6.69035 0 (0.0733285, 0) (-0.264702, 0) (0.278577, 0) (-0.185186, 0) (-0.0270868, 0) (0.254882, 0) (-0.028291, 0) (-0.243868, 0) (0.0755813, 0) (-0.108693, 0) (0.0494928, 0) (0.252149, 0) (-0.440982, 0) (0.00204737, 0) (-0.183831, 0) (0.254793, 0) (-0.223044, 0) (0.161967, 0) (0.123669, 0) (-0.0714291, 0) (-0.26968, 0) (0.375292, 0) 
1 6.7075 0 (0.275461, 0) (-0.258442, 0) (0.172349, 0) (0.00901577, 0) (-0.187713, 0) (0.134833, 0) (0.144023, 0) (-0.306605, 0) (-0.00643671, 0) (-0.2747, 0) (0.255312, 0) (0.143139, 0) (-0.291811, 0) (-0.180739, 0) (0.0174703, 0) (0.151651, 0) (-0.239682, 0) (0.172907, 0) (0.0268364, 0) (0.118191, 0) (-0.334402, 0) (0.378449, 0) 
1 6.87797 0 (-0.225221, 0) (0.250826, 0) (-0.225229, 0) (0.0893486, 0) (0.0673261, 0) (0.102302, 0) (-0.299151, 0) (-0.291731, 0) (0.354828, 0) (-0.0132448, 0) (0.251649, 0) (-0.0960975, 0) (-0.00339258, 0) (-0.0963439, 0) (-0.0762845, 0) (0.228175, 0) (-0.272462, 0) (-0.000747937, 0) (-0.350214, 0) (0.327081, 0) (0.260886, 0) (0.0175561, 0) 
0 6.89873 0 (0.256009, 0) (-0.0513131, 0) (-0.183831, 0) (0.362378, 0) (-0.33626, 0) (0.0289905, 0) (0.148587, 0) (-0.137592, 0) (0.0700948, 0) (-0.411195, 0) (0.240369, 0) (0.0368135, 0) (0.0331162, 0) (-0.333184, 0) (0.359006, 0) (-0.196111, 0) (-0.0307041, 0) (-0.118599, 0) (0.0829485, 0) (0.136205, 0) (-0.144164, 0) (0.194909, 0) 
0 8.37894 0 (-0.210881, 0) (0.227438, 0) (-0.233725, 0) (0.296188, 0) (-0.353745, 0) (0.258776, 0) (0.207001, 0) (0.0557358, 0) (-0.130539, 0) (-0.0135041, 0) (0.234586, 0) (-0.272318, 0) (0.00201688, 0) (0.354298, 0) (-0.293437, 0) (0.239196, 0) (-0.238124, 0) (0.00922059, 0) (0.108994, 0) (-0.194218, 0) (-0.0410527, 0) (-0.00736437, 0) 
1 8.39355 0 (-0.174036, 0) (0.151797, 0) (-0.183778, 0) (0.228933, 0) (-0.349314, 0) (0.242181, 0) (0.28272, 0) (0.137837, 0) (-0.208352, 0) (-0.0336478, 0) (0.260061, 0) (-0.298098, 0) (0.00558611, 0) (0.37292, 0) (-0.261099, 0) (0.224861, 0) (-0.208803, 0) (0.043797, 0) (0.106668, 0) (-0.248928, 0) (-0.0336001, 0) (-0.0449639, 0) 
1 8.40406 0 (-0.318346, 0) (0.200775, 0) (-0.1557, 0) (0.122393, 0) (-0.129779, 0) (0.237712, 0) (-0.0795308, 0) (-0.304838, 0) (0.286964, 0) (0.221868, 0) (-0.249758, 0) (0.15119, 0) (-0.0610081, 0) (-0.013693, 0) (0.0462223, 0) (-0.0923118, 0) (0.147045, 0) (-0.256303, 0) (0.337412, 0) (-0.167686, 0) (-0.332476, 0) (0.274453, 0) 
0 8.40941 0 (0.292701, 0) (-0.216431, 0) (0.13283, 0) (-0.0826536, 0) (0.0320413, 0) (-0.120199, 0) (0.133474, 0) (0.233362, 0) (-0.345814, 0) (-0.322791, 0) (0.277563, 0) (-0.103652, 0) (-0.0620599, 0) (0.0105813, 0) (-0.0621716, 0) (0.115866, 0) (-0.196623, 0) (0.357512, 0) (-0.353328, 0) (0.143007, 0) (0.236256, 0) (-0.234214, 0) 
1 9.68921 0 (0.223835, 0) (-0.110205, 0) (0.0888257, 0) (-0.116438, 0) (0.238187, 0) (-0.313115, 0) (-0.198765, 0) (-0.155662, 0) (0.249259, 0) (-0.147527, 0) (0.224136, 0) (-0.313746, 0) (0.357649, 0) (0.240861, 0) (-0.119532, 0) (0.0901658, 0) (-0.11216, 0) (-0.320709, 0) (0.250679, 0) (-0.204256, 0) (-0.156366, 0) (0.111514, 0) 
0 9.69134 0 (-0.253526, 0) (0.146457, 0) (-0.103964, 0) (0.136992, 0) (-0.23434, 0) (0.319101, 0) (0.16258, 0) (0.104434, 0) (-0.225046, 0) (0.225978, 0) (-0.252992, 0) (0.31859, 0) (-0.361003, 0) (-0.232168, 0) (0.133279, 0) (-0.102181, 0) (0.143463, 0) (0.311222, 0) (-0.224356, 0) (0.158985, 0) (0.104153, 0) (-0.0841123, 0) 
