1 -4.95921 1 (0.226186, 0) (0.108403, -0) (0.0851843, 0) (0.108514, -0) (0.226465, 0) (0.313598, -0) (0.165484, -0) (0.13374, -0) (0.234736, 0) (0.164473, -0) (0.234117, 0) (0.318973, -0) (0.361591, 0) (0.251671, 0) (0.140831, -0) (0.102159, 0) (0.132802, -0) (0.319093, -0) (0.251866, 0) (0.215893, -0) (0.141596, -0) (0.102665, 0) 
0 -4.95796 1 (-0.248997, 0) (-0.14931, 0) (-0.109447, 0) (-0.149107, 0) (-0.248566, 0) (-0.320444, 0) (-0.196203, 0) (-0.119756, 0) (-0.239203, 0) (-0.197596, 0) (-0.23993, 0) (-0.315429, 0) (-0.360129, 0) (-0.225242, 0) (-0.1144, 0) (-0.090568, 0) (-0.120581, 0) (-0.315282, 0) (-0.225094, 0) (-0.15314, 0) (-0.11384, 0) (-0.0901519, 0) 
1 -3.66695 1 (-0.348479, 0) (-0.243927, 0) (-0.235418, 0) (-0.242875, 0) (-0.34587, 0) (-0.352242, 0) (-0.136756, 0) (0.0782463, 0) (0.0301863, 0) (-0.140609, 0) (0.0222617, 0) (0.117469, 0) (-0.0516412, 0) (0.285224, 0) (0.201065, 0) (0.12371, 0) (0.0710832, 0) (0.123576, 0) (0.290792, 0) (0.310733, 0) (0.20766, 0) (0.129764, 0) 
0 -3.66382 1 (-0.329241, 0) (-0.316019, 0) (-0.277946, 0) (-0.308603, 0) (-0.315108, 0) (-0.270089, 0) (-0.114254, 0) (0.0972796, 0) (0.0858329, 0) (-0.138498, 0) (0.0529279, 0) (0.177773, 0) (0.0508942, 0) (0.276101, 0) (0.172309, 0) (0.116979, 0) (0.0751282, 0) (0.202341, 0) (0.295386, 0) (0.232183, 0) (0.187986, 0) (0.13508, 0) 
0 -3.65673 1 (-0.140924, 0) (-0.0668438, 0) (0.0126687, 0) (0.0952806, 0) (0.170185, 0) (0.0128188, 0) (0.265704, 0) (0.249356, 0) (0.362312, 0) (-0.255756, 0) (-0.368656, 0) (-0.281701, 0) (-0.00112838, 0) (-0.231507, 0) (-0.195997, 0) (-0.215099, 0) (-0.25842, 0) (0.266446, 0) (0.207132, 0) (-0.0099136, 0) (0.179442, 0) (0.203299, 0) 
1 -3.6495 1 (0.118698, 0) (0.0485903, 0) (-0.00269917, 0) (-0.0541543, 0) (-0.126562, 0) (-0.00348646, 0) (-0.209349, 0) (-0.289394, 0) (-0.355342, 0) (0.205087, 0) (0.355785, 0) (0.269457, 0) (0.000502863, 0) (0.22884, 0) (0.229576, 0) (0.236597, 0) (0.28938, 0) (-0.264891, 0) (-0.220786, 0) (0.00436034, 0) (-0.225462, 0) (-0.234365, 0) 
1 -2.12992 1 (-0.0692914, 0) (-0.138088, 0) (-0.182646, 0) (-0.135615, 0) (-0.0647294, 0) (-0.121316, 0) (0.15681, 0) (0.36153, 0) (0.337439, 0) (0.152349, 0) (0.336018, 0) (0.0191192, 0) (-0.0538447, 0) (-0.251416, 0) (-0.0353444, 0) (0.199652, 0) (0.360899, 0) (0.0169071, 0) (-0.256369, 0) (-0.395331, 0) (-0.0416091, 0) (0.195789, 0) 
0 -2.11254 1 (0.357278, 0) (0.26055, 0) (-0.00636515, 0) (-0.271197, 0) (-0.358989, 0) (0.000240629, 0) (-0.312228, 0) (0.0804366, 0) (-0.0881775, 0) (0.320245, 0) (0.0976368, 0) (-0.0889286, 0) (0.00210135, 0) (-0.238696, 0) (-0.272556, 0) (-0.226479, 0) (-0.0763728, 0) (0.0920234, 0) (0.229727, 0) (-0.0047535, 0) (0.264877, 0) (0.224627, 0) 
0 -1.97942 1 (0.0266485, 0) (0.320247, 0) (0.388876, 0) (0.311066, 0) (0.0148511, 0) (-0.163352, 0) (-0.12432, 0) (-0.0160517, 0) (-0.18677, 0) (-0.114871, 0) (-0.184162, 0) (-0.149304, 0) (-0.29852, 0) (0.256744, 0) (0.247248, 0) (0.153047, 0) (-0.0189989, 0) (-0.146464, 0) (0.263876, 0) (0.283328, 0) (0.25462, 0) (0.160331, 0) 
1 -1.95312 1 (-0.110739, 0) (-0.274048, 0) (-0.371308, 0) (-0.258061, 0) (-0.0825224, 0) (0.166321, 0) (-0.0304979, 0) (-0.172181, 0) (0.0314804, 0) (-0.0561128, 0) (0.0161734, 0) (0.251165, 0) (0.43993, 0) (-0.0684999, 0) (-0.233407, 0) (-0.258058, 0) (-0.170487, 0) (0.250552, 0) (-0.0843637, 0) (-0.125403, 0) (-0.257845, 0) (-0.274159, 0) 
1 -1.9278 1 (-0.354225, 0) (-0.19349, 0) (0.0156937, 0) (0.215833, 0) (0.361848, 0) (-0.0067607, 0) (0.323532, 0) (-0.0239229, 0) (0.176587, 0) (-0.320508, 0) (-0.182914, 0) (0.0129457, 0) (-0.0175866, 0) (0.220357, 0) (0.322087, 0) (0.22725, 0) (0.0314573, 0) (-0.0327254, 0) (-0.209247, 0) (0.00918502, 0) (-0.303623, 0) (-0.21008, 0) 
0 -1.91711 1 (-0.00269153, 0) (-0.00168999, 0) (0.000537747, 0) (0.00255057, 0) (0.00271375, 0) (-0.2113, 0) (0.212962, 0) (0.362996, 0) (0.286871, 0) (0.208808, 0) (0.284194, 0) (-0.142989, 0) (-0.327608, 0) (-0.169667, 0) (0.0825111, 0) (0.304518, 0) (0.36461, 0) (-0.142008, 0) (-0.170663, 0) (-0.187568, 0) (0.0803202, 0) (0.302626, 0) 
0 -0.609483 1 (-0.243739, 0) (-0.309394, 0) (-0.000721786, 0) (0.308589, 0) (0.244661, 0) (0.000375017, 0) (-0.0477059, 0) (0.0301062, 0) (-0.286427, 0) (0.0483163, 0) (0.285476, 0) (0.276045, 0) (-0.000522681, 0) (-0.00728217, 0) (-0.284298, 0) (-0.319667, 0) (-0.0302491, 0) (-0.276959, 0) (0.0087899, 0) (0.00113352, 0) (0.284406, 0) (0.320738, 0) 
1 -0.581652 1 (-0.161515, 0) (0.2513, 0) (0.475901, 0) (0.188963, 0) (-0.239572, 0) (-0.428935, 0) (0.00678979, 0) (0.0692056, 0) (0.247487, 0) (0.0207123, 0) (0.1859, 0) (0.236919, 0) (-0.0171817, 0) (0.0765568, 0) (-0.193945, 0) (-0.249388, 0) (-0.0697031, 0) (0.174652, 0) (-0.0492213, 0) (0.0384453, 0) (-0.265516, 0) (-0.185099, 0) 
1 -0.574899 1 (-0.257058, 0) (-0.137626, 0) (0.0852264, 0) (0.216258, 0) (0.184698, 0) (-0.0773519, 0) (0.0404034, 0) (-0.385538, 0) (-0.137702, 0) (-0.0341261, 0) (0.216965, 0) (-0.131565, 0) (-0.002875, 0) (-0.349966, 0) (-0.244978, 0) (0.132271, 0) (0.38448, 0) (0.206019, 0) (0.353666, 0) (0.00522179, 0) (0.164515, 0) (-0.208893, 0) 
0 -0.530301 1 (0.132491, 0) (0.150966, 0) (-0.0176364, 0) (-0.170132, 0) (-0.111864, 0) (0.0195079, 0) (0.034453, 0) (0.367028, 0) (0.141016, 0) (-0.0326469, 0) (-0.159735, 0) (0.240684, 0) (-0.000404081, 0) (0.395183, 0) (0.1337, 0) (-0.245345, 0) (-0.36792, 0) (-0.260597, 0) (-0.394697, 0) (0.000373698, 0) (-0.113506, 0) (0.266511, 0) 
0 -0.505336 1 (-0.233556, 0) (0.222134, 0) (0.400502, 0) (0.209396, 0) (-0.243052, 0) (-0.456861, 0) (-0.00269804, 0) (0.0206677, 0) (0.240794, 0) (-0.00607542, 0) (0.228543, 0) (0.243637, 0) (0.00720401, 0) (-7.27562e-05, 0) (-0.216417, 0) (-0.240465, 0) (-0.0109201, 0) (0.220371, 0) (-0.0351706, 0) (-0.0272874, 0) (-0.226061, 0) (-0.218036, 0) 
1 -0.488339 1 (-0.27663, 0) (-0.22852, 0) (-0.00135827, 0) (0.22731, 0) (0.27779, 0) (0.0015093, 0) (0.0319607, 0) (0.0924821, 0) (-0.241639, 0) (-0.0321924, 0) (0.239842, 0) (0.359561, 0) (0.000259517, 0) (0.119716, 0) (-0.235582, 0) (-0.32151, 0) (-0.0931998, 0) (-0.360817, 0) (-0.120254, 0) (-0.000796435, 0) (0.237704, 0) (0.321815, 0) 
1 -0.188437 1 (0.169579, 0) (-0.114784, 0) (-0.296462, 0) (-0.116302, 0) (0.167945, 0) (-0.0865341, 0) (0.341843, 0) (-0.0511211, 0) (0.180747, 0) (0.341379, 0) (0.182619, 0) (-0.133493, 0) (-0.409304, 0) (0.107926, 0) (-0.15138, 0) (-0.22078, 0) (-0.0498706, 0) (-0.133989, 0) (0.109148, 0) (0.383936, 0) (-0.149604, 0) (-0.219387, 0) 
0 -0.182824 1 (-0.142471, 0) (0.0994571, 0) (0.205338, 0) (0.0972619, 0) (-0.143822, 0) (0.136331, 0) (-0.364444, 0) (0.151968, 0) (-0.117655, 0) (-0.365661, 0) (-0.115616, 0) (0.111427, 0) (0.410082, 0) (-0.19999, 0) (0.0652901, 0) (0.264758, 0) (0.15339, 0) (0.110073, 0) (-0.199271, 0) (-0.340634, 0) (0.0675206, 0) (0.266835, 0) 
0 1.83429 1 (0.0463036, 0) (-0.41526, 0) (0.00144063, 0) (0.415564, 0) (-0.0490645, 0) (-0.00263113, 0) (-0.420917, 0) (0.21252, 0) (0.0615278, 0) (0.425508, 0) (-0.0638635, 0) (-0.213059, 0) (0.00233742, 0) (0.040052, 0) (0.221563, 0) (0.014214, 0) (-0.220442, 0) (0.215983, 0) (-0.0424318, 0) (-0.00559907, 0) (-0.213401, 0) (-0.0116769, 0) 
1 1.83859 1 (-0.0273622, 0) (-0.00444185, 0) (0.0257869, 0) (0.00518275, 0) (-0.0239507, 0) (0.250721, 0) (-0.257747, 0) (0.37141, 0) (-0.0454568, 0) (-0.248336, 0) (-0.0424064, 0) (-0.123654, 0) (0.0710571, 0) (-0.0458246, 0) (-0.359463, 0) (0.047711, 0) (0.367134, 0) (-0.118954, 0) (-0.0423062, 0) (0.475458, 0) (-0.363636, 0) (0.0473528, 0) 
0 2.48141 0 (-0.0273622, 0) (0.00444185, 0) (0.0257869, 0) (-0.00518275, 0) (-0.0239507, 0) (-0.250721, 0) (0.257747, 0) (-0.37141, 0) (-0.0454568, 0) (0.248336, 0) (-0.0424064, 0) (0.123654, 0) (0.0710571, 0) (-0.0458246, 0) (0.359463, 0) (0.047711, 0) (-0.367134, 0) (0.118954, 0) (-0.0423062, 0) (-0.475458, 0) (0.363636, 0) (0.0473528, 0) 
1 2.48571 0 (-0.0463036, 0) (-0.41526, 0) (-0.00144063, 0) (0.415564, 0) (0.0490645, 0) (-0.00263113, 0) (-0.420917, 0) (0.21252, 0) (-0.0615278, 0) (0.425508, 0) (0.0638635, 0) (-0.213059, 0) (-0.00233742, 0) (-0.040052, 0) (0.221563, 0) (-0.014214, 0) (-0.220442, 0) (0.215983, 0) (0.0424318, 0) (-0.00559907, 0) (-0.213401, 0) (0.0116769, 0) 
1 4.50282 0 (-0.142471, 0) (-0.0994571, 0) (0.205338, 0) (-0.0972619, 0) (-0.143822, 0) (-0.136331, 0) (0.364444, 0) (-0.151968, 0) (-0.117655, 0) (0.365661, 0) (-0.115616, 0) (-0.111427, 0) (0.410082, 0) (-0.19999, 0) (-0.0652901, 0) (0.264758, 0) (-0.15339, 0) (-0.110073, 0) (-0.199271, 0) (0.340634, 0) (-0.0675206, 0) (0.266835, 0) 
0 4.50844 0 (0.169579, 0) (0.114784, 0) (-0.296462, 0) (0.116302, 0) (0.167945, 0) (0.0865341, 0) (-0.341843, 0) (0.0511211, 0) (0.180747, 0) (-0.341379, 0) (0.182619, 0) (0.133493, 0) (-0.409304, 0) (0.107926, 0) (0.15138, 0) (-0.22078, 0) (0.0498706, 0) (0.133989, 0) (0.109148, 0) (-0.383936, 0) (0.149604, 0) (-0.219387, 0) 
0 4.80834 0 (-0.27663, 0) (0.22852, 0) (-0.00135827, 0) (-0.22731, 0) (0.27779, 0) (-0.0015093, 0) (-0.0319607, 0) (-0.0924821, 0) (-0.241639, 0) (0.0321924, 0) (0.239842, 0) (-0.359561, 0) (0.000259517, 0) (0.119716, 0) (0.235582, 0) (-0.32151, 0) (0.0931998, 0) (0.360817, 0) (-0.120254, 0) (0.000796435, 0) (-0.237704, 0) (0.321815, 0) 
1 4.82534 0 (0.233556, 0) (0.222134, 0) (-0.400502, 0) (0.209396, 0) (0.243052, 0) (-0.456861, 0) (-0.00269804, 0) (0.0206677, 0) (-0.240794, 0) (-0.00607542, 0) (-0.228543, 0) (0.243637, 0) (-0.00720401, 0) (7.27562e-05, 0) (-0.216417, 0) (0.240465, 0) (-0.0109201, 0) (0.220371, 0) (0.0351706, 0) (-0.0272874, 0) (-0.226061, 0) (0.218036, 0) 
1 4.8503 0 (0.132491, 0) (-0.150966, 0) (-0.0176364, 0) (0.170132, 0) (-0.111864, 0) (-0.0195079, 0) (-0.034453, 0) (-0.367028, 0) (0.141016, 0) (0.0326469, 0) (-0.159735, 0) (-0.240684, 0) (-0.000404081, 0) (0.395183, 0) (-0.1337, 0) (-0.245345, 0) (0.36792, 0) (0.260597, 0) (-0.394697, 0) (-0.000373698, 0) (0.113506, 0) (0.266511, 0) 
0 4.8949 0 (0.257058, 0) (-0.137626, 0) (-0.0852264, 0) (0.216258, 0) (-0.184698, 0) (-0.0773519, 0) (0.0404034, 0) (-0.385538, 0) (0.137702, 0) (-0.0341261, 0) (-0.216965, 0) (-0.131565, 0) (0.002875, 0) (0.349966, 0) (-0.244978, 0) (-0.132271, 0) (0.38448, 0) (0.206019, 0) (-0.353666, 0) (0.00522179, 0) (0.164515, 0) (0.208893, 0) 
0 4.90165 0 (-0.161515, 0) (-0.2513, 0) (0.475901, 0) (-0.188963, 0) (-0.239572, 0) (0.428935, 0) (-0.00678979, 0) (-0.0692056, 0) (0.247487, 0) (-0.0207123, 0) (0.1859, 0) (-0.236919, 0) (-0.0171817, 0) (0.0765568, 0) (0.193945, 0) (-0.249388, 0) (0.0697031, 0) (-0.174652, 0) (-0.0492213, 0) (-0.0384453, 0) (0.265516, 0) (-0.185099, 0) 
1 4.92948 0 (0.243739, 0) (-0.309394, 0) (0.000721786, 0) (0.308589, 0) (-0.244661, 0) (0.000375017, 0) (-0.0477059, 0) (0.0301062, 0) (0.286427, 0) (0.0483163, 0) (-0.285476, 0) (0.276045, 0) (0.000522681, 0) (0.00728217, 0) (-0.284298, 0) (0.319667, 0) (-0.0302491, 0) (-0.276959, 0) (-0.0087899, 0) (0.00113352, 0) (0.284406, 0) (-0.320738, 0) 
1 6.23711 0 (0.00269153, 0) (-0.00168999, 0) (-0.000537747, 0) (0.00255057, 0) (-0.00271375, 0) (-0.2113, 0) (0.212962, 0) (0.362996, 0) (-0.286871, 0) (0.208808, 0) (-0.284194, 0) (-0.142989, 0) (0.327608, 0) (0.169667, 0) (0.0825111, 0) (-0.304518, 0) (0.36461, 0) (-0.142008, 0) (0.170663, 0) (-0.187568, 0) (0.0803202, 0) (-0.302626, 0) 
0 6.2478 0 (-0.354225, 0) (0.19349, 0) (0.0156937, 0) (-0.215833, 0) (0.361848, 0) (0.0067607, 0) (-0.323532, 0) (0.0239229, 0) (0.176587, 0) (0.320508, 0) (-0.182914, 0) (-0.0129457, 0) (-0.0175866, 0) (0.220357, 0) (-0.322087, 0) (0.22725, 0) (-0.0314573, 0) (0.0327254, 0) (-0.209247, 0) (-0.00918502, 0) (0.303623, 0) (-0.21008, 0) 
0 6.27312 0 (-0.110739, 0) (0.274048, 0) (-0.371308, 0) (0.258061, 0) (-0.0825224, 0) (-0.166321, 0) (0.0304979, 0) (0.172181, 0) (0.0314804, 0) (0.0561128, 0) (0.0161734, 0) (-0.251165, 0) (0.43993, 0) (-0.0684999, 0) (0.233407, 0) (-0.258058, 0) (0.170487, 0) (-0.250552, 0) (-0.0843637, 0) (0.125403, 0) (0.257845, 0) (-0.274159, 0) 
1 6.29942 0 (-0.0266485, 0) (0.320247, 0) (-0.388876, 0) (0.311066, 0) (-0.0148511, 0) (-0.163352, 0) (-0.12432, 0) (-0.0160517, 0) (0.18677, 0) (-0.114871, 0) (0.184162, 0) (-0.149304, 0) (0.29852, 0) (-0.256744, 0) (0.247248, 0) (-0.153047, 0) (-0.0189989, 0) (-0.146464, 0) (-0.263876, 0) (0.283328, 0) (0.25462, 0) (-0.160331, 0) 
1 6.43254 0 (-0.357278, 0) (0.26055, 0) (0.00636515, 0) (-0.271197, 0) (0.358989, 0) (0.000240629, 0) (-0.312228, 0) (0.0804366, 0) (0.0881775, 0) (0.320245, 0) (-0.0976368, 0) (-0.0889286, 0) (-0.00210135, 0) (0.238696, 0) (-0.272556, 0) (0.226479, 0) (-0.0763728, 0) (0.0920234, 0) (-0.229727, 0) (-0.0047535, 0) (0.264877, 0) (-0.224627, 0) 
0 6.44992 0 (0.0692914, 0) (-0.138088, 0) (0.182646, 0) (-0.135615, 0) (0.0647294, 0) (-0.121316, 0) (0.15681, 0) (0.36153, 0) (-0.337439, 0) (0.152349, 0) (-0.336018, 0) (0.0191192, 0) (0.0538447, 0) (0.251416, 0) (-0.0353444, 0) (-0.199652, 0) (0.360899, 0) (0.0169071, 0) (0.256369, 0) (-0.395331, 0) (-0.0416091, 0) (-0.195789, 0) 
0 7.9695 0 (0.118698, 0) (-0.0485903, 0) (-0.00269917, 0) (0.0541543, 0) (-0.126562, 0) (0.00348646, 0) (0.209349, 0) (0.289394, 0) (-0.355342, 0) (-0.205087, 0) (0.355785, 0) (-0.269457, 0) (0.000502863, 0) (0.22884, 0) (-0.229576, 0) (0.236597, 0) (-0.28938, 0) (0.264891, 0) (-0.220786, 0) (-0.00436034, 0) (0.225462, 0) (-0.234365, 0) 
1 7.97673 0 (-0.140924, 0) (0.0668438, 0) (0.0126687, 0) (-0.0952806, 0) (0.170185, 0) (-0.0128188, 0) (-0.265704, 0) (-0.249356, 0) (0.362312, 0) (0.255756, 0) (-0.368656, 0) (0.281701, 0) (-0.00112838, 0) (-0.231507, 0) (0.195997, 0) (-0.215099, 0) (0.25842, 0) (-0.266446, 0) (0.207132, 0) (0.0099136, 0) (-0.179442, 0) (0.203299, 0) 
1 7.98382 0 (-0.329241, 0) (0.316019, 0) (-0.277946, 0) (0.308603, 0) (-0.315108, 0) (0.270089, 0) (0.114254, 0) (-0.0972796, 0) (0.0858329, 0) (0.138498, 0) (0.0529279, 0) (-0.177773, 0) (0.0508942, 0) (0.276101, 0) (-0.172309, 0) (0.116979, 0) (-0.0751282, 0) (-0.202341, 0) (0.295386, 0) (-0.232183, 0) (-0.187986, 0) (0.13508, 0) 
0 7.98695 0 (0.348479, 0) (-0.243927, 0) (0.235418, 0) (-0.242875, 0) (0.34587, 0) (-0.352242, 0) (-0.136756, 0) (0.0782463, 0) (-0.0301863, 0) (-0.140609, 0) (-0.0222617, 0) (0.117469, 0) (0.0516412, 0) (-0.285224, 0) (0.201065, 0) (-0.12371, 0) (0.0710832, 0) (0.123576, 0) (-0.290792, 0) (0.310733, 0) (0.20766, 0) (-0.129764, 0) 
1 9.27796 0 (0.248997, 0) (-0.14931, 0) (0.109447, 0) (-0.149107, 0) (0.248566, 0) (-0.320444, 0) (-0.196203, 0) (-0.119756, 0) (0.239203, 0) (-0.197596, 0) (0.23993, 0) (-0.315429, 0) (0.360129, 0) (0.225242, 0) (-0.1144, 0) (0.090568, 0) (-0.120581, 0) (-0.315282, 0) (0.225094, 0) (-0.15314, 0) (-0.11384, 0) (0.0901519, 0) 
0 9.27921 0 (0.226186, 0) (-0.108403, 0) (0.0851843, 0) (-0.108514, 0) (0.226465, 0) (-0.313598, 0) (-0.165484, 0) (-0.13374, 0) (0.234736, 0) (-0.164473, 0) (0.234117, 0) (-0.318973, 0) (0.361591, 0) (0.251671, 0) (-0.140831, 0) (0.102159, 0) (-0.132802, 0) (-0.319093, 0) (0.251866, 0) (-0.215893, 0) (-0.141596, 0) (0.102665, 0) 
