1 -4.68151 1 (-0.232272, 0) (-0.138012, 0) (-0.096526, 0) (-0.138012, 0) (-0.232272, 0) (-0.315652, 0) (-0.201062, 0) (-0.138012, 0) (-0.232272, 0) (-0.201062, 0) (-0.232272, 0) (-0.315652, 0) (-0.337459, 0) (-0.232272, 0) (-0.138012, 0) (-0.096526, 0) (-0.138012, 0) (-0.315652, 0) (-0.232272, 0) (-0.201062, 0) (-0.138012, 0) (-0.096526, 0) 
0 -4.44951 1 (-0.243454, 0) (-0.117395, 0) (-0.0969293, 0) (-0.117395, 0) (-0.243454, 0) (-0.318384, 0) (-0.163864, 0) (-0.117395, 0) (-0.243454, 0) (-0.163864, 0) (-0.243454, 0) (-0.318384, 0) (-0.385807, 0) (-0.243454, 0) (-0.117395, 0) (-0.0969293, 0) (-0.117395, 0) (-0.318384, 0) (-0.243454, 0) (-0.163864, 0) (-0.117395, 0) (-0.0969293, 0) 
1 -3.44277 1 (-0.280207, 0) (-0.207094, 0) (-0.118155, 0) (-0.0765714, 0) (-0.029137, 0) (-0.148581, 0) (0.156389, 0) (0.291486, 0) (0.318716, 0) (-0.305615, 0) (-0.285686, 0) (-0.155714, 0) (1.93349e-15, 0) (-0.038509, 0) (-0.0843923, 0) (-0.123827, 0) (-0.212891, 0) (0.304295, 0) (0.314823, 0) (0.149225, 0) (0.289462, 0) (0.241981, 0) 
1 -3.44277 1 (0.206244, 0) (0.217013, 0) (0.211199, 0) (0.290033, 0) (0.346704, 0) (0.265587, 0) (0.262602, 0) (0.0708416, 0) (0.139545, 0) (0.00413608, 0) (-0.198586, 0) (-0.261468, 0) (-1.22078e-17, 0) (-0.345789, 0) (-0.287855, 0) (-0.207925, 0) (-0.21133, 0) (-0.00411822, 0) (-0.148119, 0) (-0.266738, 0) (-0.0787039, 0) (-0.00327489, 0) 
0 -3.09766 1 (0.121834, 0) (0.122729, 0) (0.172567, 0) (0.208873, 0) (0.328477, 0) (0.200997, 0) (0.234727, 0) (0.1454, 0) (0.251469, 0) (-0.08464, 0) (-0.330956, 0) (-0.314347, 0) (1.12707e-15, 0) (-0.373303, 0) (-0.268129, 0) (-0.269884, 0) (-0.250476, 0) (0.11335, 0) (0.00247939, 0) (-0.150087, 0) (0.0416028, 0) (0.0973171, 0) 
0 -3.09766 1 (-0.360712, 0) (-0.238751, 0) (-0.212004, 0) (-0.168632, 0) (-0.192509, 0) (-0.246931, 0) (0.0377859, 0) (0.225662, -0) (0.285868, 0) (-0.222173, 0) (-0.188215, -0) (-0.0506029, -0) (-4.73739e-16, 0) (0.0748444, -0) (0.0130895, -0) (-0.0434454, -0) (-0.0965735, -0) (0.297534, -0) (0.380724, -0) (0.184387, -0) (0.265205, -0) (0.255449, -0) 
1 -1.90154 1 (-0.262882, 0) (-0.109356, 0) (0.11495, 0) (0.319711, 0) (0.317543, 0) (0.0361709, 0) (0.212258, 0) (-0.216286, 0) (-0.0456758, 0) (-0.397158, 0) (-0.24581, 0) (0.0415228, 0) (3.51241e-15, 0) (0.308558, 0) (0.325642, 0) (0.131958, 0) (-0.0841633, 0) (-0.0776937, 0) (-0.0717321, 0) (0.1849, 0) (-0.235548, 0) (-0.246908, 0) 
1 -1.90154 1 (0.204517, 0) (0.312883, 0) (0.218738, 0) (0.0874019, 0) (-0.100504, 0) (0.0688297, 0) (-0.336051, 0) (-0.251146, 0) (-0.329921, 0) (-0.015795, 0) (-0.224748, 0) (-0.0657398, 0) (6.15299e-16, 0) (0.125404, 0) (-0.0617361, 0) (-0.208918, 0) (-0.320579, 0) (-0.00308989, 0) (0.325252, 0) (0.351846, 0) (0.233177, 0) (-0.00981954, 0) 
1 -1.72292 1 (-0.0380297, 0) (-0.249051, 0) (-0.2824, 0) (-0.249051, 0) (-0.0380297, 0) (0.246142, 0) (-0.062617, 0) (-0.249051, 0) (-0.0380297, 0) (-0.062617, 0) (-0.0380297, 0) (0.246142, 0) (0.431736, 0) (-0.0380297, 0) (-0.249051, 0) (-0.2824, 0) (-0.249051, 0) (0.246142, 0) (-0.0380297, 0) (-0.062617, 0) (-0.249051, 0) (-0.2824, 0) 
0 -1.4499 1 (0.058348, 0) (0.221589, 0) (0.337967, 0) (0.221589, 0) (0.058348, 0) (-0.205421, 0) (0.0627248, 0) (0.221589, 0) (0.058348, 0) (0.0627248, 0) (0.058348, 0) (-0.205421, 0) (-0.451555, 0) (0.058348, 0) (0.221589, 0) (0.337967, 0) (0.221589, 0) (-0.205421, 0) (0.058348, 0) (0.0627248, 0) (0.221589, 0) (0.337967, 0) 
0 -1.39787 1 (-0.118491, 0) (0.0752019, 0) (0.251541, 0) (0.249798, 0) (0.190412, 0) (0.0446485, 0) (-0.0406592, 0) (-0.273957, 0) (-0.265273, 0) (-0.277778, 0) (-0.392947, 0) (-0.00570088, 0) (7.57487e-15, 0) (0.383763, 0) (0.198755, 0) (-0.0321177, 0) (-0.240252, 0) (-0.0389476, 0) (0.202534, 0) (0.318437, 0) (-0.00954584, 0) (-0.219423, 0) 
0 -1.39787 1 (-0.374721, 0) (-0.27292, 0) (-0.108141, 0) (0.133198, 0) (0.343801, 0) (-0.019195, 0) (0.344225, 0) (0.0713333, 0) (0.289976, 0) (-0.207324, 0) (-0.00699882, 0) (0.0482642, 0) (4.22656e-18, 0) (0.0847448, 0) (0.201587, 0) (0.271911, 0) (0.149732, 0) (-0.0290692, 0) (-0.336802, 0) (-0.136901, 0) (-0.28293, 0) (-0.16377, 0) 
1 -0.42346 1 (0.256061, 0) (0.317961, 0) (-2.77362e-15, 0) (-0.317961, 0) (-0.256061, 0) (3.53749e-15, 0) (-1.71504e-16, 0) (0.317961, 0) (0.256061, 0) (1.66292e-16, 0) (-0.256061, 0) (-2.7574e-15, 0) (1.51362e-16, 0) (0.256061, 0) (0.317961, 0) (2.11907e-15, 0) (-0.317961, 0) (-5.58533e-16, 0) (-0.256061, 0) (1.14676e-16, 0) (-0.317961, 0) (5.00292e-16, 0) 
1 -0.245792 1 (-0.173814, 0) (0.272968, 0) (0.37568, 0) (0.184133, 0) (-0.23951, 0) (-0.460311, 0) (-0.00547002, 0) (-0.0656879, 0) (0.235858, 0) (-0.0170517, 0) (0.162431, 0) (0.111799, 0) (3.99602e-15, 0) (-0.0620436, 0) (-0.20728, 0) (-0.0912442, 0) (0.0962605, 0) (0.348512, 0) (0.0770789, 0) (0.0225217, 0) (-0.280393, 0) (-0.284435, 0) 
1 -0.245792 1 (-0.171993, 0) (-0.0817483, 0) (0.111539, 0) (0.217461, -0) (0.0492779, -0) (-0.136666, -0) (-0.0228477, 0) (0.277271, -0) (-0.0645309, 0) (0.016161, -0) (0.182782, -0) (0.466974, -0) (-1.60414e-15, 0) (0.236524, -0) (-0.195523, 0) (-0.381118, 0) (-0.268194, 0) (-0.330308, 0) (-0.23206, 0) (0.00668668, 0) (0.0507332, -0) (0.269579, -0) 
1 -0.124448 1 (-0.125469, 0) (0.123955, 0) (0.211566, 0) (0.123955, 0) (-0.125469, 0) (0.137157, 0) (-0.403017, 0) (0.123955, 0) (-0.125469, 0) (-0.403017, 0) (-0.125469, 0) (0.137157, 0) (0.36793, 0) (-0.125469, 0) (0.123955, 0) (0.211566, 0) (0.123955, 0) (0.137157, 0) (-0.125469, 0) (-0.403017, 0) (0.123955, 0) (0.211566, 0) 
0 -0.117718 1 (0.214671, 0) (-0.212802, 0) (-0.490274, 0) (-0.188194, 0) (0.246542, 0) (0.405743, 0) (-0.00584462, 0) (0.0288893, 0) (-0.254531, 0) (-0.00860352, 0) (-0.226432, 0) (-0.164133, 0) (1.74578e-16, 0) (0.0398606, 0) (0.183913, 0) (0.198328, 0) (-0.0217003, 0) (-0.24161, 0) (-0.0201094, 0) (0.0144481, 0) (0.209894, 0) (0.291946, 0) 
0 -0.117718 1 (0.169967, 0) (0.089503, -0) (-0.0540507, -0) (-0.133711, -0) (-0.119121, 0) (0.0447316, 0) (-0.0133089, -0) (-0.229044, 0) (0.100927, -0) (0.011716, -0) (-0.153951, -0) (-0.37375, -0) (4.15955e-16, 0) (-0.270894, 0) (0.139541, 0) (0.451615, 0) (0.229836, -0) (0.329018, -0) (0.273072, -0) (0.00159285, 0) (-0.0961252, 0) (-0.397565, 0) 
0 0.0263954 1 (-0.317961, 0) (-0.256061, 0) (-3.63965e-15, 0) (0.256061, 0) (0.317961, 0) (1.70669e-15, 0) (5.86539e-16, 0) (-0.256061, 0) (-0.317961, 0) (3.07829e-16, 0) (0.317961, 0) (-8.90072e-15, 0) (-8.47278e-16, 0) (-0.317961, 0) (-0.256061, 0) (1.00852e-14, 0) (0.256061, 0) (6.33299e-15, 0) (0.317961, 0) (1.08676e-15, 0) (0.256061, 0) (-9.04669e-15, 0) 
0 0.410642 1 (0.181256, 0) (-0.0857038, 0) (-0.27548, 0) (-0.0857038, 0) (0.181256, 0) (-0.103603, 0) (0.309481, 0) (-0.0857038, 0) (0.181256, 0) (0.309481, 0) (0.181256, 0) (-0.103603, 0) (-0.460004, 0) (0.181256, 0) (-0.0857038, 0) (-0.27548, 0) (-0.0857038, 0) (-0.103603, 0) (0.181256, 0) (0.309481, 0) (-0.0857038, 0) (-0.27548, 0) 
1 1.72183 1 (-0.0173323, 0) (-0.326576, 0) (0.0138148, -0) (0.333317, -0) (-0.0102248, 0) (-0.162891, 0) (-0.174998, 0) (-0.0714723, -0) (0.0209271, -0) (0.481716, -0) (-0.0121279, 0) (-0.0929377, 0) (6.56377e-16, -0) (-0.00359483, 0) (0.398048, -0) (0.00788207, -0) (-0.394202, 0) (0.255829, -0) (0.0223527, -0) (-0.306718, 0) (0.0608847, 0) (-0.0216969, 0) 
1 1.72183 1 (-0.0141577, 0) (0.271078, 0) (0.0170774, 0) (-0.262744, 0) (-0.0199073, 0) (-0.20136, 0) (0.455202, 0) (-0.418362, 0) (-0.00793131, 0) (-0.0760483, 0) (0.0188086, 0) (0.241748, 0) (-4.24255e-17, 0) (0.022089, 0) (0.147284, 0) (-0.0205027, 0) (-0.157289, 0) (-0.0403876, 0) (0.00109875, 0) (-0.379154, 0) (0.420033, 0) (0.00342528, 0) 
0 3.40817 0 (-0.0137761, 0) (-0.27814, 0) (0.0167719, 0) (0.269956, 0) (-0.0196795, 0) (0.197758, 0) (-0.458913, 0) (0.416702, 0) (-0.00838612, 0) (0.0865428, 0) (0.0190688, 0) (-0.243719, 0) (2.08059e-16, 0) (0.0221622, 0) (-0.138562, 0) (-0.0206698, 0) (0.148649, 0) (0.045961, 0) (0.000610679, 0) (0.37237, 0) (-0.418604, 0) (0.00389796, 0) 
0 3.40817 0 (0.0176371, 0) (-0.320582, 0) (-0.0141842, 0) (0.327504, 0) (0.0106568, 0) (-0.167247, 0) (-0.165022, 0) (-0.0805854, 0) (-0.020749, 0) (0.479942, 0) (0.0117145, 0) (-0.0876399, 0) (3.92285e-16, 0) (0.00311192, 0) (0.401167, 0) (-0.00743275, 0) (-0.39754, 0) (0.254887, 0) (-0.0223713, 0) (-0.314919, 0) (0.0700367, 0) (0.021617, 0) 
1 4.71936 0 (0.181256, 0) (0.0857038, 0) (-0.27548, 0) (0.0857038, 0) (0.181256, 0) (0.103603, 0) (-0.309481, 0) (0.0857038, 0) (0.181256, 0) (-0.309481, 0) (0.181256, 0) (0.103603, 0) (-0.460004, 0) (0.181256, 0) (0.0857038, 0) (-0.27548, 0) (0.0857038, 0) (0.103603, 0) (0.181256, 0) (-0.309481, 0) (0.0857038, 0) (-0.27548, 0) 
1 5.1036 0 (-0.317961, 0) (0.256061, 0) (1.21483e-15, 0) (-0.256061, 0) (0.317961, 0) (6.85593e-16, 0) (4.12624e-16, 0) (0.256061, 0) (-0.317961, 0) (4.17115e-16, 0) (0.317961, 0) (-8.15352e-16, 0) (4.18958e-16, 0) (-0.317961, 0) (0.256061, 0) (-7.82504e-16, 0) (-0.256061, 0) (-1.56599e-16, 0) (0.317961, 0) (-9.6227e-17, 0) (-0.256061, 0) (7.69095e-17, 0) 
1 5.24772 0 (0.00346368, 0) (-0.200844, 0) (0.256652, 0) (-0.00907239, 0) (-0.244902, 0) (0.212401, 0) (0.0069682, 0) (0.199002, 0) (0.235376, 0) (-0.0145316, 0) (0.0164016, 0) (0.195686, 0) (4.14375e-16, 0) (-0.23884, 0) (0.00184186, 0) (0.236455, 0) (-0.195239, 0) (-0.408088, 0) (0.228501, 0) (0.00756341, 0) (0.204311, 0) (-0.493107, 0) 
1 5.24772 0 (0.273789, 0) (0.113831, 0) (-0.421213, 0) (0.23068, 0) (0.122455, 0) (-0.348589, 0) (0.0127566, 0) (0.117021, 0) (-0.139894, 0) (-0.000343642, 0) (-0.273319, 0) (0.35824, 0) (8.59293e-17, 0) (-0.133895, 0) (-0.230851, 0) (0.432874, 0) (-0.123197, 0) (-0.00965041, 0) (0.150864, 0) (-0.0124129, 0) (-0.107483, 0) (-0.0116609, 0) 
0 5.25445 0 (-0.125469, 0) (-0.123955, 0) (0.211566, 0) (-0.123955, 0) (-0.125469, 0) (-0.137157, 0) (0.403017, 0) (-0.123955, 0) (-0.125469, 0) (0.403017, 0) (-0.125469, 0) (-0.137157, 0) (0.36793, 0) (-0.125469, 0) (-0.123955, 0) (0.211566, 0) (-0.123955, 0) (-0.137157, 0) (-0.125469, 0) (0.403017, 0) (-0.123955, 0) (0.211566, 0) 
0 5.37579 0 (-0.0443726, 0) (0.221179, 0) (-0.119194, 0) (-0.0761524, 0) (0.17551, 0) (-0.146045, 0) (0.0158092, 0) (-0.266171, 0) (-0.186064, 0) (-0.0229547, 0) (0.059697, 0) (-0.323116, 0) (-1.64098e-15, 0) (0.230437, 0) (0.044992, 0) (-0.263709, 0) (0.275871, 0) (0.469161, 0) (-0.235207, 0) (0.00714557, 0) (-0.199719, 0) (0.382903, 0) 
0 5.37579 0 (0.240467, 0) (0.17965, -0) (-0.373322, 0) (0.274582, 0) (0.170263, -0) (-0.457421, 0) (-0.0173784, 0) (0.101722, 0) (-0.158661, 0) (-0.00500193, 0) (-0.237127, 0) (0.355189, 0) (8.27003e-16, 0) (-0.0818055, 0) (-0.281372, 0) (0.289886, 0) (-0.0713409, 0) (0.102232, -0) (0.0668646, 0) (0.0223803, -0) (-0.203241, 0) (0.083436, -0) 
0 5.55346 0 (-0.256061, 0) (0.317961, 0) (-5.3475e-15, 0) (-0.317961, 0) (0.256061, 0) (-6.10986e-15, 0) (-5.99643e-16, 0) (0.317961, 0) (-0.256061, 0) (-4.89881e-16, 0) (0.256061, 0) (-1.63963e-15, 0) (-2.25569e-16, 0) (-0.256061, 0) (0.317961, 0) (-2.1135e-15, 0) (-0.317961, 0) (8.6842e-15, 0) (0.256061, 0) (-2.7132e-16, 0) (-0.317961, 0) (6.68071e-15, 0) 
1 6.52787 0 (0.312182, 0) (-0.0951498, 0) (-0.143839, 0) (0.280994, 0) (-0.353309, 0) (0.0255314, 0) (0.164375, 0) (-0.183326, 0) (0.0506666, 0) (-0.346467, 0) (0.325723, 0) (0.0230472, 0) (-2.06653e-16, 0) (-0.362849, 0) (0.278476, 0) (-0.129844, 0) (-0.110714, 0) (-0.0485786, 0) (0.0275857, 0) (0.182092, 0) (-0.170281, 0) (0.273682, 0) 
1 6.52787 0 (-0.238743, 0) (0.266622, 0) (-0.232976, 0) (0.034391, 0) (0.17213, 0) (0.0413532, 0) (-0.305164, 0) (-0.215713, 0) (0.389729, 0) (0.010229, 0) (0.21991, 0) (-0.0427874, 0) (4.40306e-15, 0) (-0.150986, 0) (-0.0509087, 0) (0.241056, 0) (-0.260544, 0) (0.00143423, 0) (-0.39204, 0) (0.294935, 0) (0.226153, 0) (-0.00808016, 0) 
1 6.5799 0 (-0.058348, 0) (0.221589, 0) (-0.337967, 0) (0.221589, 0) (-0.058348, 0) (-0.205421, 0) (0.0627248, 0) (0.221589, 0) (-0.058348, 0) (0.0627248, 0) (-0.058348, 0) (-0.205421, 0) (0.451555, 0) (-0.058348, 0) (0.221589, 0) (-0.337967, 0) (0.221589, 0) (-0.205421, 0) (-0.058348, 0) (0.0627248, 0) (0.221589, 0) (-0.337967, 0) 
0 6.85292 0 (-0.0380297, 0) (0.249051, 0) (-0.2824, 0) (0.249051, 0) (-0.0380297, 0) (-0.246142, 0) (0.062617, 0) (0.249051, 0) (-0.0380297, 0) (0.062617, 0) (-0.0380297, 0) (-0.246142, 0) (0.431736, 0) (-0.0380297, 0) (0.249051, 0) (-0.2824, 0) (0.249051, 0) (-0.246142, 0) (-0.0380297, 0) (0.062617, 0) (0.249051, 0) (-0.2824, 0) 
0 7.03154 0 (0.274148, 0) (-0.331288, 0) (0.174006, 0) (0.0128626, 0) (-0.191406, 0) (-0.0547538, 0) (0.384349, 0) (0.174416, 0) (-0.300882, 0) (-0.104457, 0) (-0.140356, 0) (0.0751881, 0) (3.50819e-16, 0) (0.0267345, 0) (0.156872, 0) (-0.238945, 0) (0.28039, 0) (-0.0204343, 0) (0.331762, 0) (-0.279893, 0) (-0.293253, 0) (0.0649393, 0) 
0 7.03154 0 (0.189149, 0) (-0.0101289, 0) (-0.175448, 0) (0.331193, 0) (-0.272577, 0) (0.0552076, 0) (0.101288, 0) (-0.281839, 0) (0.142844, 0) (-0.3835, 0) (0.302051, 0) (0.0198144, 0) (4.96239e-17, 0) (-0.331993, 0) (0.291968, 0) (-0.0629694, 0) (-0.176736, 0) (-0.075022, 0) (-0.0294735, 0) (0.282212, 0) (-0.154457, 0) (0.238417, 0) 
1 8.22766 0 (0.24212, 0) (-0.199595, 0) (0.236667, 0) (-0.25518, 0) (0.375459, 0) (-0.275657, 0) (-0.205956, 0) (-0.0556696, 0) (0.133402, 0) (0.00011965, 0) (-0.242416, 0) (0.275817, 0) (-1.09564e-16, 0) (-0.375522, 0) (0.255264, 0) (-0.236804, 0) (0.199775, 0) (-0.000160236, 0) (-0.133043, 0) (0.205837, 0) (0.0554052, 0) (0.000137571, 0) 
1 8.22766 0 (0.293828, 0) (-0.179518, 0) (0.136798, 0) (-0.083352, 0) (0.0631461, 0) (-0.159335, 0) (0.118771, 0) (0.262613, 0) (-0.356596, 0) (-0.237749, 0) (0.293584, 0) (-0.159058, 0) (-6.41284e-16, 0) (0.0627681, 0) (-0.0830951, 0) (0.13656, 0) (-0.179317, 0) (0.318393, 0) (-0.35673, 0) (0.118978, 0) (0.262669, 0) (-0.273358, 0) 
0 8.57277 0 (0.15868, 0) (-0.181025, 0) (0.189538, 0) (-0.274016, 0) (0.337556, 0) (-0.238347, 0) (-0.284268, 0) (-0.116633, 0) (0.188812, 0) (0.0448881, 0) (-0.241797, 0) (0.283041, 0) (-5.40862e-17, 0) (-0.347491, 0) (0.297658, 0) (-0.22508, 0) (0.242712, 0) (-0.0446943, 0) (-0.0957586, 0) (0.23938, 0) (0.0313045, 0) (0.0355417, 0) 
0 8.57277 0 (0.309635, 0) (-0.239191, 0) (0.15047, 0) (-0.122056, 0) (0.0843153, 0) (-0.189218, 0) (0.11229, 0) (0.276368, 0) (-0.292238, 0) (-0.302328, 0) (0.250174, 0) (-0.111805, 0) (-4.71588e-16, 0) (-0.0173967, 0) (-0.0371769, 0) (0.0889097, 0) (-0.176277, 0) (0.301023, 0) (-0.334489, 0) (0.190038, 0) (0.298333, 0) (-0.239379, 0) 
1 9.57951 0 (-0.243454, 0) (0.117395, 0) (-0.0969293, 0) (0.117395, 0) (-0.243454, 0) (0.318384, 0) (0.163864, 0) (0.117395, 0) (-0.243454, 0) (0.163864, 0) (-0.243454, 0) (0.318384, 0) (-0.385807, 0) (-0.243454, 0) (0.117395, 0) (-0.0969293, 0) (0.117395, 0) (0.318384, 0) (-0.243454, 0) (0.163864, 0) (0.117395, 0) (-0.0969293, 0) 
0 9.81151 0 (0.232272, 0) (-0.138012, 0) (0.096526, 0) (-0.138012, 0) (0.232272, 0) (-0.315652, 0) (-0.201062, 0) (-0.138012, 0) (0.232272, 0) (-0.201062, 0) (0.232272, 0) (-0.315652, 0) (0.337459, 0) (0.232272, 0) (-0.138012, 0) (0.096526, 0) (-0.138012, 0) (-0.315652, 0) (0.232272, 0) (-0.201062, 0) (-0.138012, 0) (0.096526, 0) 
