1 -5.06369 1 (-0.234735, 0) (-0.135224, 0) (-0.0974769, 0) (-0.135224, 0) (-0.234735, 0) (-0.314805, 0) (-0.196088, 0) (-0.135224, 0) (-0.234735, 0) (-0.196088, 0) (-0.234735, 0) (-0.314805, 0) (-0.344267, 0) (-0.234735, 0) (-0.135224, 0) (-0.0974769, 0) (-0.135224, 0) (-0.314805, 0) (-0.234735, 0) (-0.196088, 0) (-0.135224, 0) (-0.0974769, 0) 
0 -4.85504 1 (0.241154, 0) (0.119586, 0) (0.095703, 0) (0.119586, 0) (0.241154, 0) (0.320876, 0) (0.167502, 0) (0.119586, 0) (0.241154, 0) (0.167502, 0) (0.241154, 0) (0.320876, 0) (0.380435, 0) (0.241154, 0) (0.119586, 0) (0.095703, 0) (0.119586, 0) (0.320876, 0) (0.241154, 0) (0.167502, 0) (0.119586, 0) (0.095703, 0) 
1 -3.81098 1 (0.221435, 0) (0.221787, 0) (0.220537, 0) (0.28777, 0) (0.352925, 0) (0.270806, 0) (0.249119, 0) (0.0582373, 0) (0.127929, 0) (0.014177, 0) (-0.19407, 0) (-0.256225, 0) (-2.91243e-16, 0) (-0.349363, 0) (-0.280024, 0) (-0.208663, 0) (-0.202096, 0) (-0.0145814, 0) (-0.158855, 0) (-0.263296, 0) (-0.0856741, 0) (-0.0118747, 0) 
1 -3.81098 1 (-0.275565, 0) (-0.195295, 0) (-0.113616, 0) (-0.0672161, 0) (-0.0203314, 0) (-0.139513, 0) (0.160199, 0) (0.28972, 0) (0.32955, 0) (-0.295843, 0) (-0.295476, 0) (-0.164769, 0) (-2.56929e-16, 0) (-0.0539855, 0) (-0.0944252, 0) (-0.134183, 0) (-0.215608, 0) (0.304282, 0) (0.315807, 0) (0.135644, 0) (0.282824, 0) (0.247799, 0) 
0 -3.50566 1 (-0.249709, 0) (-0.148764, 0) (-0.0949902, 0) (-0.0411539, 0) (-0.000367096, 0) (-0.114245, 0) (0.154657, 0) (0.272806, 0) (0.368397, 0) (-0.241726, 0) (-0.325514, 0) (-0.20293, 0) (-3.34826e-16, 0) (-0.118688, 0) (-0.124042, 0) (-0.168728, 0) (-0.213303, 0) (0.317175, 0) (0.325881, 0) (0.0870688, 0) (0.254457, 0) (0.263718, 0) 
0 -3.50566 1 (-0.281219, 0) (-0.22912, 0) (-0.249673, 0) (-0.270061, 0) (-0.376083, 0) (-0.300283, 0) (-0.18983, 0) (-0.0142735, 0) (-0.0756454, 0) (-0.0390222, 0) (0.18836, 0) (0.249081, 0) (-2.16324e-16, 0) (0.356864, 0) (0.243394, 0) (0.2071, 0) (0.170671, 0) (0.051202, 0) (0.187724, 0) (0.228852, 0) (0.0993903, 0) (0.0425724, 0) 
1 -2.24805 1 (-0.228215, 0) (-0.312592, 0) (-0.213764, 0) (-0.0575751, 0) (0.132358, 0) (-0.0621613, 0) (0.346031, 0) (0.230053, 0) (0.335251, 0) (-0.0154278, 0) (0.207366, 0) (0.0650621, 0) (-1.14948e-15, 0) (-0.107037, 0) (0.0825391, 0) (0.22374, 0) (0.304902, 0) (-0.00290079, 0) (-0.339724, 0) (-0.330603, 0) (-0.247327, 0) (-0.00997543, 0) 
1 -2.24805 1 (0.255355, -0) (0.0851673, -0) (-0.134936, 0) (-0.31883, 0) (-0.315863, 0) (-0.0392384, 0) (-0.181967, 0) (0.228129, -0) (0.0699621, 0) (0.390655, -0) (0.272557, -0) (-0.0342141, 0) (8.22635e-15, -0) (-0.325317, 0) (-0.313297, 0) (-0.117658, 0) (0.109553, -0) (0.0734524, -0) (0.0433059, -0) (-0.208688, 0) (0.209276, -0) (0.252593, -0) 
1 -2.09849 1 (-0.0404428, 0) (-0.244516, 0) (-0.291739, 0) (-0.244516, 0) (-0.0404428, 0) (0.240025, 0) (-0.0624136, 0) (-0.244516, 0) (-0.0404428, 0) (-0.0624136, 0) (-0.0404428, 0) (0.240025, 0) (0.437722, 0) (-0.0404428, 0) (-0.244516, 0) (-0.291739, 0) (-0.244516, 0) (0.240025, 0) (-0.0404428, 0) (-0.0624136, 0) (-0.244516, 0) (-0.291739, 0) 
0 -1.84218 1 (0.0579022, 0) (0.226978, 0) (0.328183, 0) (0.226978, 0) (0.0579022, 0) (-0.21128, 0) (0.0656656, 0) (0.226978, 0) (0.0579022, 0) (0.0656656, 0) (0.0579022, 0) (-0.21128, 0) (-0.448114, 0) (0.0579022, 0) (0.226978, 0) (0.328183, 0) (0.226978, 0) (-0.21128, 0) (0.0579022, 0) (0.0656656, 0) (0.226978, 0) (0.328183, 0) 
0 -1.81109 1 (-0.072778, 0) (0.107216, 0) (0.253916, 0) (0.241087, 0) (0.153394, 0) (0.0516327, 0) (-0.0789397, 0) (-0.287975, 0) (-0.291699, 0) (-0.260277, 0) (-0.383237, 0) (-0.0120155, 0) (-5.40411e-15, 0) (0.364477, 0) (0.180759, 0) (-0.0590892, 0) (-0.261813, 0) (-0.0396172, 0) (0.229843, 0) (0.339217, 0) (0.0207261, 0) (-0.194827, 0) 
0 -1.81109 1 (-0.378843, 0) (-0.270624, 0) (-0.0783682, 0) (0.163124, 0) (0.353962, -0) (-0.0159358, 0) (0.346118, -0) (0.0424602, -0) (0.252449, -0) (-0.241423, -0) (-0.0441382, -0) (0.0526831, -0) (-1.11061e-14, 0) (0.126394, 0) (0.228164, 0) (0.259082, -0) (0.127226, -0) (-0.0367473, -0) (-0.309824, 0) (-0.104695, 0) (-0.29035, 0) (-0.180714, -0) 
1 -0.760519 1 (-0.266723, 0) (-0.309072, 0) (5.09088e-15, 0) (0.309072, 0) (0.266723, 0) (-5.48223e-15, 0) (-8.14574e-16, 0) (-0.309072, 0) (-0.266723, 0) (-3.84825e-16, 0) (0.266723, 0) (6.02397e-15, 0) (5.45157e-16, 0) (-0.266723, 0) (-0.309072, 0) (-4.92679e-15, 0) (0.309072, 0) (2.46414e-16, 0) (0.266723, 0) (-3.28544e-16, 0) (0.309072, 0) (8.99799e-17, 0) 
1 -0.628771 1 (0.251697, 0) (-0.137933, 0) (-0.364, 0) (-0.274089, 0) (0.140841, 0) (0.416563, 0) (0.013857, 0) (-0.137262, 0) (-0.130426, 0) (0.000749149, 0) (-0.251134, 0) (-0.395197, 0) (6.58068e-16, 0) (-0.121271, 0) (0.275195, 0) (0.34533, 0) (0.115694, 0) (-0.0213654, 0) (0.110293, 0) (-0.0146062, 0) (0.158395, 0) (0.0186695, 0) 
1 -0.628771 1 (-0.00528559, 0) (-0.238132, 0) (-0.188598, 0) (0.0246531, 0) (0.20867, 0) (0.215832, 0) (-0.0088654, 0) (0.238519, 0) (-0.215333, 0) (0.0164332, 0) (0.0176371, 0) (0.252838, 0) (-1.84738e-16, 0) (0.220619, 0) (-0.000387336, 0) (-0.220934, 0) (-0.249694, 0) (-0.46867, 0) (-0.226307, 0) (-0.00756784, 0) (0.225041, 0) (0.409532, 0) 
0 -0.489242 1 (0.0302352, 0) (0.194454, 0) (0.20309, 0) (-0.0152987, 0) (-0.221447, 0) (-0.17841, 0) (-0.00650051, 0) (-0.221205, 0) (0.21324, 0) (0.0112912, 0) (-0.0159805, 0) (-0.242085, 0) (-4.9031e-16, 0) (-0.243475, 0) (0.026751, 0) (0.275573, 0) (0.216346, 0) (0.420495, 0) (0.237427, 0) (-0.00479069, 0) (-0.201048, 0) (-0.478663, 0) 
0 -0.489242 1 (0.263685, 0) (-0.143158, 0) (-0.435459, 0) (-0.240982, 0) (0.146305, 0) (0.382541, 0) (-0.00928488, 0) (-0.0968236, 0) (-0.158027, 0) (-0.000987166, 0) (-0.264931, 0) (-0.345778, 0) (3.73402e-16, 0) (-0.105658, 0) (0.239981, 0) (0.39361, 0) (0.107242, 0) (-0.0367631, 0) (0.118626, 0) (0.010272, 0) (0.13374, 0) (0.0418485, 0) 
1 -0.450003 1 (-0.134003, 0) (0.118724, 0) (0.222805, 0) (0.118724, 0) (-0.134003, 0) (0.132424, 0) (-0.391015, 0) (0.118724, 0) (-0.134003, 0) (-0.391015, 0) (-0.134003, 0) (0.132424, 0) (0.384024, 0) (-0.134003, 0) (0.118724, 0) (0.222805, 0) (0.118724, 0) (0.132424, 0) (-0.134003, 0) (-0.391015, 0) (0.118724, 0) (0.222805, 0) 
0 -0.378222 1 (-0.309072, 0) (-0.266723, 0) (4.04022e-15, 0) (0.266723, 0) (0.309072, 0) (-3.86678e-15, 0) (2.93255e-16, 0) (-0.266723, 0) (-0.309072, 0) (4.84438e-16, 0) (0.309072, 0) (3.92222e-16, 0) (-4.1911e-16, 0) (-0.309072, 0) (-0.266723, 0) (-1.13258e-15, 0) (0.266723, 0) (3.42301e-15, 0) (0.309072, 0) (-6.103e-17, 0) (0.266723, 0) (-3.89134e-15, 0) 
0 0.0206501 1 (-0.174545, 0) (0.093155, 0) (0.268729, 0) (0.093155, 0) (-0.174545, 0) (0.107157, 0) (-0.325155, 0) (0.093155, 0) (-0.174545, 0) (-0.325155, 0) (-0.174545, 0) (0.107157, 0) (0.443698, 0) (-0.174545, 0) (0.093155, 0) (0.268729, 0) (0.093155, 0) (0.107157, 0) (-0.174545, 0) (-0.325155, 0) (0.093155, 0) (0.268729, 0) 
1 1.54075 1 (-0.0128206, 0) (-0.365051, 0) (0.00893076, 0) (0.367984, 0) (-0.00500964, 0) (-0.128461, 0) (-0.241058, 0) (-0.00663485, 0) (0.0175225, 0) (0.489584, 0) (-0.0125927, 0) (-0.124601, 0) (2.43371e-17, 0) (-0.00470184, 0) (0.371686, 0) (0.00866241, 0) (-0.368841, 0) (0.253063, 0) (0.0176023, 0) (-0.248526, 0) (0.000857248, 0) (-0.0175932, 0) 
1 1.54075 1 (-0.0128312, 0) (0.218424, 0) (0.0151587, 0) (-0.213446, 0) (-0.0174331, 0) (-0.218044, 0) (0.426148, 0) (-0.425356, 0) (-0.00468738, 0) (-0.00431144, 0) (0.013055, 0) (0.220273, 0) (-4.72316e-18, 0) (0.0175186, 0) (0.206932, 0) (-0.0153136, 0) (-0.211961, 0) (-0.00222856, 0) (0.00437806, 0) (-0.421836, 0) (0.425406, 0) (0.000154931, 0) 
0 2.77925 0 (-0.0140287, 0) (0.341617, -0) (0.0103886, 0) (-0.345028, 0) (-0.00671206, 0) (0.149431, 0) (0.197654, -0) (0.0487415, 0) (0.0169719, -0) (-0.486748, 0) (-0.0112374, 0) (0.102166, -0) (-8.63802e-17, 0) (-0.00294317, 0) (-0.390358, 0) (0.0071027, -0) (0.388026, 0) (-0.251597, 0) (0.0179494, -0) (0.289094, 0) (-0.0429974, 0) (-0.0174913, 0) 
0 2.77925 0 (-0.011498, 0) (-0.253514, 0) (0.0141993, -0) (0.248851, 0) (-0.016851, 0) (0.204245, -0) (-0.447932, 0) (0.422606, -0) (-0.00640025, 0) (0.0527925, 0) (0.0142383, 0) (-0.231533, 0) (3.86317e-16, 0) (0.0178982, -0) (-0.169091, 0) (-0.0160964, 0) (0.174378, -0) (0.0272881, 0) (0.00261269, 0) (0.39514, -0) (-0.423229, 0) (0.0018971, 0) 
1 4.29935 0 (0.174545, 0) (0.093155, 0) (-0.268729, 0) (0.093155, 0) (0.174545, 0) (0.107157, 0) (-0.325155, 0) (0.093155, 0) (0.174545, 0) (-0.325155, 0) (0.174545, 0) (0.107157, 0) (-0.443698, 0) (0.174545, 0) (0.093155, 0) (-0.268729, 0) (0.093155, 0) (0.107157, 0) (0.174545, 0) (-0.325155, 0) (0.093155, 0) (-0.268729, 0) 
1 4.69822 0 (-0.309072, 0) (0.266723, 0) (-1.21622e-15, 0) (-0.266723, 0) (0.309072, 0) (-1.11421e-15, 0) (3.74358e-17, 0) (0.266723, 0) (-0.309072, 0) (1.09635e-16, 0) (0.309072, 0) (6.93039e-17, 0) (1.92837e-16, 0) (-0.309072, 0) (0.266723, 0) (3.4969e-16, 0) (-0.266723, 0) (1.02666e-15, 0) (0.309072, 0) (1.73931e-17, 0) (-0.266723, 0) (1.47174e-15, 0) 
0 4.77 0 (-0.134003, 0) (-0.118724, 0) (0.222805, 0) (-0.118724, 0) (-0.134003, 0) (-0.132424, 0) (0.391015, 0) (-0.118724, 0) (-0.134003, 0) (0.391015, 0) (-0.134003, 0) (-0.132424, 0) (0.384024, 0) (-0.134003, 0) (-0.118724, 0) (0.222805, 0) (-0.118724, 0) (-0.132424, 0) (-0.134003, 0) (0.391015, 0) (-0.118724, 0) (0.222805, 0) 
1 4.80924 0 (-0.265325, 0) (-0.125418, 0) (0.415813, 0) (-0.241392, 0) (-0.126168, 0) (0.365283, 0) (-0.00982289, 0) (-0.115989, 0) (0.138569, 0) (1.42737e-05, 0) (0.265307, 0) (-0.365814, 0) (-2.88765e-16, 0) (0.126756, 0) (0.241406, 0) (-0.416418, 0) (0.125937, 0) (0.000531568, 0) (-0.139139, 0) (0.00980862, 0) (0.115455, 0) (0.0006051, 0) 
1 4.80924 0 (-0.00682039, 0) (0.206342, 0) (-0.240768, 0) (0.00605196, 0) (0.233507, 0) (-0.21151, 0) (-0.00565477, 0) (-0.211786, 0) (-0.226368, 0) (0.0113343, 0) (-0.00748864, 0) (-0.210589, 0) (4.07652e-16, 0) (0.233188, 0) (0.00544396, 0) (-0.23972, 0) (0.206025, 0) (0.422099, 0) (-0.226018, 0) (-0.00567949, 0) (-0.212077, 0) (0.480489, 0) 
0 4.94877 0 (0.0629977, 0) (-0.200052, 0) (0.099881, 0) (0.0869934, 0) (-0.17071, 0) (0.114304, 0) (-0.0118131, 0) (0.263683, 0) (0.179589, 0) (0.0158211, 0) (-0.0748891, 0) (0.336906, 0) (-1.58007e-15, 0) (-0.242586, 0) (-0.0636317, 0) (0.294394, 0) (-0.269602, 0) (-0.45121, 0) (0.245599, 0) (-0.00400792, 0) (0.182608, 0) (-0.394275, 0) 
0 4.94877 0 (0.243743, 0) (0.188975, 0) (-0.397604, 0) (0.261083, 0) (0.185034, 0) (-0.455019, 0) (-0.0114483, 0) (0.0787621, 0) (-0.176429, 0) (-0.00450634, 0) (-0.240356, 0) (0.3265, 0) (-9.808e-16, 0) (-0.0673138, 0) (-0.267738, 0) (0.285301, 0) (-0.0552031, 0) (0.128519, 0) (0.055322, 0) (0.0159546, 0) (-0.20588, 0) (0.112302, 0) 
0 5.08052 0 (0.266723, 0) (-0.309072, 0) (-3.87671e-15, 0) (0.309072, 0) (-0.266723, 0) (-6.67295e-15, 0) (1.23301e-15, 0) (-0.309072, 0) (0.266723, 0) (1.97922e-15, 0) (-0.266723, 0) (4.32475e-15, 0) (1.44279e-15, 0) (0.266723, 0) (-0.309072, 0) (5.27129e-15, 0) (0.309072, 0) (9.8432e-16, 0) (-0.266723, 0) (1.98576e-15, 0) (0.309072, 0) (2.41751e-15, 0) 
1 6.13109 0 (-0.311302, 0) (0.105801, 0) (0.132554, 0) (-0.287629, 0) (0.353386, 0) (-0.0269542, 0) (-0.177922, 0) (0.181948, 0) (-0.0416617, 0) (0.355006, 0) (-0.31068, 0) (-0.0270817, 0) (9.8198e-15, 0) (0.352964, 0) (-0.28775, 0) (0.133181, 0) (0.105062, 0) (0.0540359, 0) (-0.0427061, 0) (-0.177084, 0) (0.182567, 0) (-0.265735, 0) 
1 6.13109 0 (0.227837, 0) (-0.27118, 0) (0.230314, 0) (-0.0447471, 0) (-0.154715, 0) (-0.0468333, 0) (0.307202, 0) (0.227217, 0) (-0.383514, 0) (0.000483436, 0) (-0.228684, 0) (0.0467597, 0) (-8.64041e-15, 0) (0.155677, 0) (0.0439636, 0) (-0.229952, 0) (0.271467, 0) (7.35844e-05, 0) (0.383399, 0) (-0.307686, 0) (-0.22672, 0) (-0.000361869, 0) 
1 6.16218 0 (0.0579022, 0) (-0.226978, 0) (0.328183, 0) (-0.226978, 0) (0.0579022, 0) (0.21128, 0) (-0.0656656, 0) (-0.226978, 0) (0.0579022, 0) (-0.0656656, 0) (0.0579022, 0) (0.21128, 0) (-0.448114, 0) (0.0579022, 0) (-0.226978, 0) (0.328183, 0) (-0.226978, 0) (0.21128, 0) (0.0579022, 0) (-0.0656656, 0) (-0.226978, 0) (0.328183, 0) 
0 6.41849 0 (0.0404428, 0) (-0.244516, 0) (0.291739, 0) (-0.244516, 0) (0.0404428, 0) (0.240025, 0) (-0.0624136, 0) (-0.244516, 0) (0.0404428, 0) (-0.0624136, 0) (0.0404428, 0) (0.240025, 0) (-0.437722, 0) (0.0404428, 0) (-0.244516, 0) (0.291739, 0) (-0.244516, 0) (0.240025, 0) (0.0404428, 0) (-0.0624136, 0) (-0.244516, 0) (0.291739, 0) 
0 6.56805 0 (-0.146324, -0) (0.275548, 0) (-0.243278, 0) (0.145727, -0) (0.0372329, 0) (0.0707437, -0) (-0.280128, -0) (-0.285356, 0) (0.341319, -0) (-0.0961204, 0) (0.276216, -0) (-0.0526708, -0) (1.56599e-15, 0) (-0.194995, 0) (0.0098075, -0) (0.181128, 0) (-0.323459, 0) (-0.0180729, 0) (-0.313449, -0) (0.376249, -0) (0.177733, 0) (0.0621504, -0) 
0 6.56805 0 (-0.309641, 0) (0.170413, 0) (0.0686917, 0) (-0.289363, 0) (0.340443, 0) (-0.0199751, 0) (-0.272722, 0) (0.153426, 0) (0.0281002, 0) (0.378959, 0) (-0.202466, 0) (-0.0512783, 0) (9.51309e-16, 0) (0.281541, 0) (-0.323838, 0) (0.176339, 0) (0.0184785, 0) (0.0712534, 0) (-0.137977, 0) (-0.106237, 0) (0.270885, 0) (-0.245031, 0) 
1 7.82566 0 (0.281898, 0) (-0.175391, 0) (0.124498, 0) (-0.0735241, 0) (0.0458636, 0) (-0.149735, 0) (0.130555, 0) (0.269075, 0) (-0.35654, 0) (-0.244671, 0) (0.300335, 0) (-0.171305, 0) (1.62647e-16, 0) (0.0746421, 0) (-0.0936845, 0) (0.142433, 0) (-0.191088, 0) (0.32104, 0) (-0.346199, 0) (0.114116, 0) (0.264612, 0) (-0.266931, 0) 
1 7.82566 0 (-0.248943, 0) (0.209439, 0) (-0.236347, 0) (0.263099, 0) (-0.373277, 0) (0.284255, 0) (0.207146, 0) (0.0471732, 0) (-0.119659, 0) (0.00949116, 0) (0.226357, 0) (-0.271802, 0) (-2.21299e-16, 0) (0.368602, 0) (-0.256613, 0) (0.225992, 0) (-0.195223, 0) (-0.0124536, 0) (0.146919, 0) (-0.216637, 0) (-0.0678757, 0) (0.0103547, 0) 
0 8.13098 0 (-0.130674, 0) (0.1546, 0) (-0.17741, 0) (0.255309, 0) (-0.331365, 0) (0.217848, 0) (0.285198, 0) (0.140809, 0) (-0.219128, 0) (-0.0733913, 0) (0.272335, 0) (-0.293333, 0) (7.10477e-17, 0) (0.349802, 0) (-0.295408, 0) (0.238882, 0) (-0.256535, 0) (0.0754847, 0) (0.0590308, 0) (-0.211807, 0) (0.00122532, 0) (-0.0614726, 0) 
0 8.13098 0 (-0.328472, 0) (0.25185, 0) (-0.17341, 0) (0.148818, 0) (-0.123151, 0) (0.212937, 0) (-0.0799141, 0) (-0.259812, 0) (0.277402, 0) (0.286946, 0) (-0.225395, 0) (0.0821936, 0) (2.79027e-16, 0) (0.0510691, 0) (0.0079623, 0) (-0.0669362, 0) (0.146695, 0) (-0.295131, 0) (0.348546, 0) (-0.207032, 0) (-0.295513, 0) (0.240346, 0) 
1 9.17504 0 (-0.241154, 0) (0.119586, 0) (-0.095703, 0) (0.119586, 0) (-0.241154, 0) (0.320876, 0) (0.167502, 0) (0.119586, 0) (-0.241154, 0) (0.167502, 0) (-0.241154, 0) (0.320876, 0) (-0.380435, 0) (-0.241154, 0) (0.119586, 0) (-0.095703, 0) (0.119586, 0) (0.320876, 0) (-0.241154, 0) (0.167502, 0) (0.119586, 0) (-0.095703, 0) 
0 9.38369 0 (-0.234735, 0) (0.135224, 0) (-0.0974769, 0) (0.135224, 0) (-0.234735, 0) (0.314805, 0) (0.196088, 0) (0.135224, 0) (-0.234735, 0) (0.196088, 0) (-0.234735, 0) (0.314805, 0) (-0.344267, 0) (-0.234735, 0) (0.135224, 0) (-0.0974769, 0) (0.135224, 0) (0.314805, 0) (-0.234735, 0) (0.196088, 0) (0.135224, 0) (-0.0974769, 0) 
