1 -5.44851 1 (0.236168, 0) (0.133063, 0) (0.0977817, 0) (0.133063, 0) (0.236168, 0) (0.315014, 0) (0.192019, 0) (0.133063, 0) (0.236168, 0) (0.192019, 0) (0.236168, 0) (0.315014, 0) (0.349451, 0) (0.236168, 0) (0.133063, 0) (0.0977817, 0) (0.133063, 0) (0.315014, 0) (0.236168, 0) (0.192019, 0) (0.133063, 0) (0.0977817, 0) 
0 -5.26934 1 (0.239818, -0) (0.121432, 0) (0.0953178, -0) (0.121432, 0) (0.239818, -0) (0.321612, 0) (0.170705, 0) (0.121432, 0) (0.239818, -0) (0.170705, 0) (0.239818, -0) (0.321612, 0) (0.376124, -0) (0.239818, -0) (0.121432, 0) (0.0953178, -0) (0.121432, 0) (0.321612, 0) (0.239818, -0) (0.170705, 0) (0.121432, 0) (0.0953178, -0) 
1 -4.18356 1 (0.285455, 0) (0.200664, 0) (0.124142, 0) (0.0790438, 0) (0.0372031, 0) (0.150759, 0) (-0.146399, 0) (-0.284513, 0) (-0.328732, 0) (0.288522, 0) (0.289088, 0) (0.155295, 0) (-6.87338e-16, 0) (0.0432776, 0) (0.0838497, 0) (0.127877, 0) (0.204274, 0) (-0.306053, 0) (-0.326291, 0) (-0.142123, 0) (-0.283318, 0) (-0.252019, 0) 
1 -4.18356 1 (-0.21478, 0) (-0.212674, 0) (-0.219333, 0) (-0.281511, 0) (-0.35529, 0) (-0.266359, 0) (-0.248633, 0) (-0.0674426, 0) (-0.139821, 0) (-0.00246888, 0) (0.209864, 0) (0.26374, 0) (7.99084e-17, 0) (0.354601, 0) (0.280117, 0) (0.217176, 0) (0.209209, 0) (0.0026189, 0) (0.145426, 0) (0.251102, 0) (0.0723015, 0) (0.00215652, 0) 
0 -3.92658 1 (-0.0777903, 0) (-0.01608, 0) (0.0414087, 0) (0.100994, 0) (0.187094, 0) (0.050521, 0) (0.234256, 0) (0.247191, 0) (0.354605, 0) (-0.194838, 0) (-0.372756, 0) (-0.300237, 0) (6.18242e-16, 0) (-0.276814, 0) (-0.231111, 0) (-0.246084, 0) (-0.273515, 0) (0.249716, 0) (0.185662, 0) (-0.0394183, 0) (0.172522, 0) (0.204676, 0) 
0 -3.92658 1 (-0.36455, 0) (-0.276148, 0) (-0.260246, 0) (-0.25752, 0) (-0.322403, 0) (-0.317515, 0) (-0.0897314, 0) (0.124148, 0) (0.114906, 0) (-0.158006, 0) (-0.000826353, 0) (0.115005, 0) (-7.24739e-18, 0) (0.249643, 0) (0.151999, 0) (0.0942622, 0) (0.0412968, 0) (0.20251, 0) (0.32323, 0) (0.247737, 0) (0.216223, 0) (0.165984, 0) 
1 -2.60264 1 (-0.264057, 0) (-0.0886109, 0) (0.135068, 0) (0.313851, 0) (0.3218, 0) (0.0371405, 0) (0.182012, 0) (-0.220909, 0) (-0.0659258, 0) (-0.385893, 0) (-0.278434, 0) (0.0331567, 0) (1.38508e-15, 0) (0.329983, 0) (0.30952, 0) (0.12058, 0) (-0.10844, 0) (-0.0702973, 0) (-0.0433656, 0) (0.203881, 0) (-0.205411, 0) (-0.255648, 0) 
1 -2.60264 1 (0.228578, 0) (0.306243, 0) (0.217215, 0) (0.0559862, 0) (-0.135717, 0) (0.0597292, 0) (-0.340506, 0) (-0.229861, 0) (-0.342969, 0) (0.012626, 0) (-0.210828, 0) (-0.0620292, 0) (4.24946e-16, 0) (0.114391, 0) (-0.0763822, 0) (-0.22558, 0) (-0.299796, 0) (0.00230005, 0) (0.346545, 0) (0.32788, 0) (0.243809, 0) (0.00836451, 0) 
1 -2.47829 1 (0.0425772, 0) (0.24159, 0) (0.297975, 0) (0.24159, 0) (0.0425772, 0) (-0.235655, 0) (0.0626251, 0) (0.24159, 0) (0.0425772, 0) (0.0626251, 0) (0.0425772, 0) (-0.235655, 0) (-0.440674, 0) (0.0425772, 0) (0.24159, 0) (0.297975, 0) (0.24159, 0) (-0.235655, 0) (0.0425772, 0) (0.0626251, 0) (0.24159, 0) (0.297975, 0) 
0 -2.25488 1 (-0.0567103, 0) (-0.230308, 0) (-0.321777, 0) (-0.230308, 0) (-0.0567103, 0) (0.215472, 0) (-0.0669831, 0) (-0.230308, 0) (-0.0567103, 0) (-0.0669831, 0) (-0.0567103, 0) (0.215472, 0) (0.446191, 0) (-0.0567103, 0) (-0.230308, 0) (-0.321777, 0) (-0.230308, 0) (0.215472, 0) (-0.0567103, 0) (-0.0669831, 0) (-0.230308, 0) (-0.321777, 0) 
0 -2.24267 1 (-0.0848017, 0) (0.0986376, 0) (0.246456, 0) (0.253044, 0) (0.168251, 0) (0.054193, 0) (-0.0652517, 0) (-0.291425, 0) (-0.278445, 0) (-0.274796, 0) (-0.37926, 0) (-0.0103991, 0) (1.32024e-13, 0) (0.363246, 0) (0.192787, 0) (-0.0472925, 0) (-0.260271, 0) (-0.0437939, 0) (0.211009, 0) (0.340047, 0) (0.00722737, 0) (-0.199164, 0) 
0 -2.24267 1 (-0.370481, 0) (-0.27956, 0) (-0.0876829, 0) (0.15444, 0) (0.340791, 0) (-0.0192805, 0) (0.35498, 0) (0.0543573, 0) (0.258681, 0) (-0.234, 0) (-0.0246861, 0) (0.0565727, 0) (-8.21528e-15, 0) (0.1118, 0) (0.225203, 0) (0.257279, 0) (0.141922, 0) (-0.0372922, 0) (-0.316105, 0) (-0.12098, 0) (-0.296363, 0) (-0.169596, 0) 
1 -1.11499 1 (0.273889, 0) (0.30274, 0) (2.65203e-16, 0) (-0.30274, 0) (-0.273889, 0) (-5.32458e-16, 0) (2.34563e-16, 0) (0.30274, 0) (0.273889, 0) (-7.97639e-17, 0) (-0.273889, 0) (-6.48117e-17, 0) (7.21261e-17, 0) (0.273889, 0) (0.30274, 0) (3.91288e-16, 0) (-0.30274, 0) (8.71894e-16, 0) (-0.273889, 0) (4.99309e-17, 0) (-0.30274, 0) (-8.94965e-16, 0) 
1 -1.01991 1 (0.255531, 0) (-0.132969, 0) (-0.371147, 0) (-0.268392, 0) (0.137783, 0) (0.406105, 0) (0.00973214, 0) (-0.135924, 0) (-0.129807, 0) (0.000314615, 0) (-0.255274, 0) (-0.393387, 0) (-3.27742e-17, 0) (-0.125725, 0) (0.268894, 0) (0.359524, 0) (0.119899, 0) (-0.0127172, 0) (0.11749, 0) (-0.0100468, 0) (0.148493, 0) (0.0116225, 0) 
1 -1.01991 1 (0.00235689, 0) (0.233722, 0) (0.200861, 0) (-0.0165086, 0) (-0.215215, 0) (-0.21978, 0) (0.00598214, 0) (-0.232016, 0) (0.220118, 0) (-0.0114194, 0) (-0.0117163, 0) (-0.241807, 0) (-9.10465e-17, 0) (-0.222475, 0) (-0.00170585, 0) (0.220992, 0) (0.240688, 0) (0.461587, 0) (0.226932, 0) (0.00543721, 0) (-0.22418, 0) (-0.421853, 0) 
0 -0.885574 1 (-0.127509, 0) (0.247831, 0) (0.409107, 0) (0.130317, 0) (-0.261034, 0) (-0.374598, 0) (5.37671e-05, 0) (-0.127687, 0) (0.261098, 0) (0.00746742, 0) (0.136367, 0) (0.00267791, 0) (3.19162e-16, 0) (-0.133589, 0) (-0.120144, 0) (-0.0029246, 0) (0.117441, 0) (0.37192, 0) (0.124668, 0) (-0.00752119, 0) (-0.247758, 0) (-0.406182, 0) 
0 -0.885574 1 (-0.227873, 0) (0.00435477, 0) (0.232821, -0) (0.210848, -0) (0.00675422, -0) (-0.213182, 0) (0.00865368, -0) (0.212451, -0) (0.0035101, 0) (-0.0043734, 0) (0.222685, -0) (0.431002, -0) (4.78906e-16, -0) (0.224363, -0) (-0.216805, 0) (-0.470707, 0) (-0.218282, 0) (-0.21782, 0) (-0.22944, 0) (-0.00428027, 0) (0.00743397, -0) (0.237886, -0) 
0 -0.802115 1 (-0.30274, 0) (-0.273889, 0) (8.77977e-16, 0) (0.273889, 0) (0.30274, 0) (-6.35603e-16, 0) (1.29461e-16, 0) (-0.273889, 0) (-0.30274, 0) (1.80358e-16, 0) (0.30274, 0) (8.6497e-16, 0) (8.53386e-17, 0) (-0.30274, 0) (-0.273889, 0) (-1.39884e-15, 0) (0.273889, 0) (-2.674e-16, 0) (0.30274, 0) (-4.04938e-16, 0) (0.273889, 0) (4.64364e-16, 0) 
1 -0.791143 1 (-0.140361, 0) (0.114871, 0) (0.230507, 0) (0.114871, 0) (-0.140361, 0) (0.128814, 0) (-0.381995, 0) (0.114871, 0) (-0.140361, 0) (-0.381995, 0) (-0.140361, 0) (0.128814, 0) (0.394565, 0) (-0.140361, 0) (0.114871, 0) (0.230507, 0) (0.114871, 0) (0.128814, 0) (-0.140361, 0) (-0.381995, 0) (0.114871, 0) (0.230507, 0) 
0 -0.402116 1 (-0.169259, 0) (0.0980412, 0) (0.263103, 0) (0.0980412, 0) (-0.169259, 0) (0.110049, 0) (-0.336144, 0) (0.0980412, 0) (-0.169259, 0) (-0.336144, 0) (-0.169259, 0) (0.110049, 0) (0.43296, 0) (-0.169259, 0) (0.0980412, 0) (0.263103, 0) (0.0980412, 0) (0.110049, 0) (-0.169259, 0) (-0.336144, 0) (0.0980412, 0) (0.263103, 0) 
1 1.30353 1 (-0.0118637, 0) (-0.315185, 0) (0.00904179, 0) (0.317182, -0) (-0.00620199, 0) (-0.167319, 0) (-0.151163, 0) (-0.0904707, 0) (0.012388, -0) (0.480018, -0) (-0.00777989, 0) (-0.0769106, 0) (3.12419e-17, -0) (-0.000524265, 0) (0.405656, 0) (0.00415619, -0) (-0.404738, 0) (0.24423, -0) (0.0139819, -0) (-0.328855, 0) (0.0875556, 0) (-0.013198, 0) 
1 1.30353 1 (-0.00745489, 0) (0.286439, 0) (0.0100194, -0) (-0.284226, 0) (-0.0125642, 0) (-0.18541, 0) (0.467003, 0) (-0.416178, 0) (-0.00654683, 0) (-0.102591, 0) (0.0116532, 0) (0.237608, 0) (-2.5244e-17, 0) (0.0140017, -0) (0.129739, -0) (-0.0128401, 0) (-0.132575, 0) (-0.0521974, 0) (0.000910998, 0) (-0.364412, 0) (0.416801, -0) (0.00282071, 0) 
0 2.20647 0 (0.00590025, 0) (-0.420284, 0) (-0.00213735, 0) (0.420756, 0) (-0.00162977, 0) (-0.0395519, 0) (-0.380863, 0) (0.150455, 0) (-0.0139561, 0) (0.458599, 0) (0.0128669, 0) (-0.19378, 0) (6.05842e-17, 0) (0.0080559, 0) (0.269829, 0) (-0.0104717, 0) (-0.267516, 0) (0.233332, 0) (-0.0112371, 0) (-0.0777367, 0) (-0.15324, 0) (0.0126091, 0) 
0 2.20647 0 (0.0127087, 0) (0.0689202, 0) (-0.0133257, 0) (-0.0659769, 0) (0.0139164, 0) (-0.246594, 0) (0.309654, 0) (-0.398437, 0) (-0.00124457, 0) (0.17501, 0) (-0.00554679, 0) (0.15755, 0) (9.10726e-17, 0) (-0.0114641, 0) (0.329517, 0) (0.00851386, 0) (-0.331397, 0) (0.0890438, 0) (-0.00836963, 0) (-0.484664, 0) (0.397374, 0) (0.00481186, 0) 
1 3.91212 0 (0.169259, 0) (0.0980412, 0) (-0.263103, 0) (0.0980412, 0) (0.169259, 0) (0.110049, 0) (-0.336144, 0) (0.0980412, 0) (0.169259, 0) (-0.336144, 0) (0.169259, 0) (0.110049, 0) (-0.43296, 0) (0.169259, 0) (0.0980412, 0) (-0.263103, 0) (0.0980412, 0) (0.110049, 0) (0.169259, 0) (-0.336144, 0) (0.0980412, 0) (-0.263103, 0) 
0 4.30114 0 (0.140361, 0) (0.114871, 0) (-0.230507, 0) (0.114871, 0) (0.140361, 0) (0.128814, 0) (-0.381995, 0) (0.114871, 0) (0.140361, 0) (-0.381995, 0) (0.140361, 0) (0.128814, 0) (-0.394565, 0) (0.140361, 0) (0.114871, 0) (-0.230507, 0) (0.114871, 0) (0.128814, 0) (0.140361, 0) (-0.381995, 0) (0.114871, 0) (-0.230507, 0) 
1 4.31211 0 (0.30274, 0) (-0.273889, 0) (4.92796e-16, 0) (0.273889, 0) (-0.30274, 0) (1.09662e-15, 0) (-4.32446e-16, 0) (-0.273889, 0) (0.30274, 0) (-2.64952e-16, 0) (-0.30274, 0) (-9.39527e-16, 0) (-3.21634e-16, 0) (0.30274, 0) (-0.273889, 0) (-1.04869e-15, 0) (0.273889, 0) (2.25224e-16, 0) (-0.30274, 0) (-6.79315e-17, 0) (0.273889, 0) (-9.36914e-17, 0) 
1 4.39557 0 (0.028793, 0) (-0.199079, 0) (0.19741, 0) (0.0166078, 0) (-0.21628, 0) (0.180758, 0) (0.00498891, 0) (0.227427, 0) (0.210363, 0) (-0.00861817, 0) (-0.0185708, 0) (0.248476, 0) (4.94982e-16, 0) (-0.239156, 0) (-0.0283482, 0) (0.271366, 0) (-0.222483, 0) (-0.429234, 0) (0.234851, 0) (0.00362926, 0) (0.205875, 0) (-0.468776, 0) 
1 4.39557 0 (0.25953, 0) (0.147672, 0) (-0.427321, 0) (0.247312, 0) (0.146313, 0) (-0.391276, 0) (0.00707105, 0) (0.0985713, 0) (-0.1547, 0) (0.000784993, 0) (-0.260461, 0) (0.352179, 0) (2.67251e-16, 0) (-0.104829, 0) (-0.246243, 0) (0.384622, 0) (-0.109273, 0) (0.0390971, 0) (0.114148, 0) (-0.00785605, 0) (-0.138039, 0) (0.0426988, 0) 
0 4.52991 0 (0.199501, 0) (-0.0446936, 0) (-0.16064, 0) (0.218412, 0) (-0.0292657, 0) (-0.175771, 0) (-0.0113227, 0) (0.251981, 0) (0.0385459, 0) (0.0069742, 0) (-0.205217, 0) (0.457678, 0) (5.86643e-16, 0) (-0.238047, 0) (-0.207287, 0) (0.418281, 0) (-0.245045, 0) (-0.281907, 0) (0.234483, 0) (0.00434846, 0) (0.0266334, 0) (-0.25764, 0) 
0 4.52991 0 (-0.159691, 0) (-0.265159, 0) (0.390243, 0) (-0.156854, 0) (-0.253861, 0) (0.427, 0) (0.00151597, 0) (0.0938735, 0) (0.252618, 0) (0.00904772, 0) (0.152275, 0) (-0.0612777, 0) (4.59827e-16, 0) (-0.0929274, 0) (0.171285, 0) (-0.0560029, 0) (-0.110723, 0) (-0.365722, 0) (0.101586, 0) (-0.0105637, 0) (0.267577, 0) (-0.33424, 0) 
0 4.62499 0 (0.273889, 0) (-0.30274, 0) (-1.27793e-14, 0) (0.30274, 0) (-0.273889, 0) (-1.20667e-14, 0) (-1.84201e-15, 0) (-0.30274, 0) (0.273889, 0) (-1.5494e-15, 0) (-0.273889, 0) (2.63879e-14, 0) (-1.15707e-15, 0) (0.273889, 0) (-0.30274, 0) (2.26491e-14, 0) (0.30274, 0) (-1.37381e-14, 0) (-0.273889, 0) (-7.22693e-16, 0) (0.30274, 0) (-1.41011e-14, 0) 
1 5.75267 0 (0.213775, 0) (-0.271975, 0) (0.231958, 0) (-0.0590175, 0) (-0.135235, 0) (-0.0510049, 0) (0.304523, 0) (0.238137, 0) (-0.379028, 0) (0.0155197, 0) (-0.239984, 0) (0.0485315, 0) (-1.63777e-14, 0) (0.165253, 0) (0.0338383, 0) (-0.220709, 0) (0.281104, 0) (0.00247335, 0) (0.37522, 0) (-0.320043, 0) (-0.222086, 0) (-0.0112482, 0) 
1 5.75267 0 (-0.314241, 0) (0.117952, 0) (0.120932, 0) (-0.290517, 0) (0.355188, 0) (-0.0265917, 0) (-0.193737, 0) (0.176561, 0) (-0.0280146, 0) (0.360593, 0) (-0.294711, 0) (-0.0308757, 0) (2.95474e-14, 0) (0.342255, 0) (-0.294513, 0) (0.140415, 0) (0.0941478, 0) (0.0574674, 0) (-0.0604768, 0) (-0.166856, 0) (0.196369, 0) (-0.261347, 0) 
1 5.76488 0 (-0.0567103, 0) (0.230308, 0) (-0.321777, 0) (0.230308, 0) (-0.0567103, 0) (-0.215472, 0) (0.0669831, 0) (0.230308, 0) (-0.0567103, 0) (0.0669831, 0) (-0.0567103, 0) (-0.215472, 0) (0.446191, 0) (-0.0567103, 0) (0.230308, 0) (-0.321777, 0) (0.230308, 0) (-0.215472, 0) (-0.0567103, 0) (0.0669831, 0) (0.230308, 0) (-0.321777, 0) 
0 5.98829 0 (-0.0425772, 0) (0.24159, 0) (-0.297975, 0) (0.24159, 0) (-0.0425772, 0) (-0.235655, 0) (0.0626251, 0) (0.24159, 0) (-0.0425772, 0) (0.0626251, 0) (-0.0425772, 0) (-0.235655, 0) (0.440674, 0) (-0.0425772, 0) (0.24159, 0) (-0.297975, 0) (0.24159, 0) (-0.235655, 0) (-0.0425772, 0) (0.0626251, 0) (0.24159, 0) (-0.297975, 0) 
0 6.11264 0 (-0.128393, 0) (0.259709, 0) (-0.249661, 0) (0.156627, 0) (0.0216614, 0) (0.068651, 0) (-0.261156, 0) (-0.289982, 0) (0.345474, 0) (-0.115699, 0) (0.291045, 0) (-0.0475742, 0) (7.99201e-16, 0) (-0.217081, 0) (0.0302738, 0) (0.173012, 0) (-0.318789, 0) (-0.0210767, 0) (-0.312706, 0) (0.376855, 0) (0.162162, 0) (0.076649, 0) 
0 6.11264 0 (-0.324791, 0) (0.1849, 0) (0.055635, 0) (-0.277677, 0) (0.348576, 0) (-0.0152983, 0) (-0.284377, 0) (0.132464, 0) (0.0512038, 0) (0.368356, 0) (-0.193047, 0) (-0.0518043, 0) (6.11848e-15, 0) (0.273587, 0) (-0.317364, 0) (0.188395, 0) (0.00319577, 0) (0.0671027, 0) (-0.155528, 0) (-0.0839793, 0) (0.274481, 0) (-0.24403, 0) 
1 7.43658 0 (0.290199, 0) (-0.186567, 0) (0.131916, 0) (-0.083943, 0) (0.058009, 0) (-0.160945, 0) (0.125279, 0) (0.27015, 0) (-0.347706, 0) (-0.250854, 0) (0.28988, 0) (-0.160565, 0) (8.65484e-17, 0) (0.0575061, 0) (-0.083583, 0) (0.131604, 0) (-0.186288, 0) (0.32151, 0) (-0.347889, 0) (0.125575, 0) (0.270231, 0) (-0.26352, 0) 
1 7.43658 0 (-0.233949, 0) (0.204228, 0) (-0.228125, 0) (0.263571, 0) (-0.368216, 0) (0.278326, 0) (0.217331, 0) (0.0594576, 0) (-0.134346, 0) (-0.000171288, 0) (0.234345, 0) (-0.278545, 0) (-6.6021e-17, 0) (0.368295, 0) (-0.263685, 0) (0.228305, 0) (-0.204482, 0) (0.000219534, 0) (0.133871, 0) (-0.21716, 0) (-0.0590886, 0) (-0.000179937, 0) 
0 7.69356 0 (0.357187, 0) (-0.288956, 0) (0.232633, 0) (-0.235196, 0) (0.24745, 0) (-0.282511, 0) (-0.0370377, 0) (0.183213, 0) (-0.173696, 0) (-0.22929, 0) (0.0994058, 0) (0.0392882, 0) (1.27427e-16, 0) (-0.183492, 0) (0.105743, 0) (-0.0323518, 0) (-0.0328501, 0) (0.243223, 0) (-0.346856, 0) (0.266328, 0) (0.268046, 0) (-0.200281, 0) 
0 7.69356 0 (-0.00565563, 0) (-0.0447276, 0) (0.096954, 0) (-0.173722, 0) (0.257649, 0) (-0.117742, 0) (-0.286145, 0) (-0.22788, 0) (0.312161, 0) (0.175148, 0) (-0.343123, 0) (0.303532, 0) (6.32253e-16, 0) (-0.306505, 0) (0.272607, 0) (-0.249943, 0) (0.290546, 0) (-0.185791, 0) (0.0854734, 0) (0.110997, 0) (-0.116824, 0) (0.152989, 0) 
1 8.77934 0 (-0.239818, 0) (0.121432, 0) (-0.0953178, 0) (0.121432, 0) (-0.239818, 0) (0.321612, 0) (0.170705, 0) (0.121432, 0) (-0.239818, 0) (0.170705, 0) (-0.239818, 0) (0.321612, 0) (-0.376124, 0) (-0.239818, 0) (0.121432, 0) (-0.0953178, 0) (0.121432, 0) (0.321612, 0) (-0.239818, 0) (0.170705, 0) (0.121432, 0) (-0.0953178, 0) 
0 8.95851 0 (-0.236168, 0) (0.133063, 0) (-0.0977817, 0) (0.133063, 0) (-0.236168, 0) (0.315014, 0) (0.192019, 0) (0.133063, 0) (-0.236168, 0) (0.192019, 0) (-0.236168, 0) (0.315014, 0) (-0.349451, 0) (-0.236168, 0) (0.133063, 0) (-0.0977817, 0) (0.133063, 0) (0.315014, 0) (-0.236168, 0) (0.192019, 0) (0.133063, 0) (-0.0977817, 0) 
